id;numero;rep;nom_voie;code_postal;code_insee;nom_commune;nom_ancienne_commune;nom_ld;lon;lat
95574_0418_00008;8;;Allée des Noisetiers;95390;95574;Saint-Prix;;;2.27073;49.005459
95574_0290_00014_bis;14;bis;Rue Hector Carlin;95390;95574;Saint-Prix;;;2.261139;49.000058
95574_0021_00001;1;;Villa Alfred de Musset;95390;95574;Saint-Prix;;;2.254009;49.003956
95574_0421_00010;10;;Villa des Passes Crassanes;95390;95574;Saint-Prix;;;2.266873;49.007305
95574_b028_00001;1;;Domaine de la Rocaille;95390;95574;Saint-Prix;;;2.264081;49.001499
95574_0190_00012;12;;Rue d’Ermont;95390;95574;Saint-Prix;;;2.26284;49.009296
95574_0230_00041;41;;Rue Gambetta;95390;95574;Saint-Prix;;;2.261495;48.998776
95574_a215_00007;7;;Résidence du Cottage;95390;95574;Saint-Prix;;;2.25639;49.006565
95574_0212_00010;10;;Clos des Vergers;95390;95574;Saint-Prix;;;2.270967;49.007698
95574_0230_00039;39;;Rue Gambetta;95390;95574;Saint-Prix;;;2.261346;48.998812
95574_0455_00048;48;;Chemin du Pré Hacqueville;95390;95574;Saint-Prix;;;2.257086;49.014929
95574_0235_00092_ter;92;ter;Avenue du Général Leclerc;95390;95574;Saint-Prix;;;2.256376;49.008661
95574_0360_00004;4;;Rue Maignan Larivière;95390;95574;Saint-Prix;;;2.264488;49.016492
95574_0189_00001;1;;Allée des Érables;95390;95574;Saint-Prix;;;2.266358;49.014344
95574_0095_00012;12;;Rue des Bleuets;95390;95574;Saint-Prix;;;2.260676;49.006225
95574_0235_00071;71;;Avenue du Général Leclerc;95390;95574;Saint-Prix;;;2.259313;49.005442
95574_0430_00051;51;;Rue Pasteur;95390;95574;Saint-Prix;;;2.264376;49.007817
95574_0315_00005;5;;Allée Jean-Philippe Rameau;95390;95574;Saint-Prix;;;2.256091;49.003505
95574_0300_00005_bis;5;bis;Sente de l’Hôpital;95390;95574;Saint-Prix;;;2.262303;49.011861
95574_tmexl7_00049;49;;Rue Louis et Gérard Donzelle;95390;95574;Saint-Prix;;;2.258262;49.011203
95574_0220_00001;1;;Sente des Fréculs;95390;95574;Saint-Prix;;;2.277181;49.010014
95574_0472_00012;12;;Villa des Reines-Claudes;95390;95574;Saint-Prix;;;2.267517;49.008125
95574_0350_00007_ter;7;ter;Rue Louis Barthou;95390;95574;Saint-Prix;;;2.253427;49.003512
95574_0418_00015;15;;Allée des Noisetiers;95390;95574;Saint-Prix;;;2.270721;49.00553
95574_0392_00006;6;;Allée Michel-Jean Sedaine;95390;95574;Saint-Prix;;;2.25763;49.009374
95574_0530_00016;16;;Rue de l’Yser;95390;95574;Saint-Prix;;;2.260223;49.012767
95574_0440_00005;5;;Ruelle à Perette;95390;95574;Saint-Prix;;;2.269682;49.015524
95574_0416_00046;46;;Chemin des Murs Blancs;95390;95574;Saint-Prix;;;2.259711;49.01371
95574_0235_00014;14;;Avenue du Général Leclerc;95390;95574;Saint-Prix;;;2.263648;49.002796
95574_0118_00009;9;;Allée des Châtaigniers;95390;95574;Saint-Prix;;;2.267114;49.012742
95574_0235_00115;115;;Avenue du Général Leclerc;95390;95574;Saint-Prix;;;2.256158;49.008648
95574_0140_00109;109;;Rue du Colonel Fabien;95390;95574;Saint-Prix;;;2.254181;49.00342
95574_0490_00011;11;;Rue Robert Thomas;95390;95574;Saint-Prix;;;2.266326;49.00354
95574_0320_00015_bis;15;bis;Chemin de la Justice;95390;95574;Saint-Prix;;;2.269812;49.011166
95574_0497_00004;4;;Impasse des Rossignols;95390;95574;Saint-Prix;;;2.257862;49.008807
95574_0312_00009;9;;Villa Jean Racine;95390;95574;Saint-Prix;;;2.258265;49.012009
95574_0450_00013;13;;Allée des Peupliers;95390;95574;Saint-Prix;;;2.262453;49.000904
95574_0510_00007;7;;Rue de Rubelles;95390;95574;Saint-Prix;;;2.265028;49.014669
95574_0300_00010;10;;Sente de l’Hôpital;95390;95574;Saint-Prix;;;2.262061;49.011347
95574_0095_00007;7;;Rue des Bleuets;95390;95574;Saint-Prix;;;2.260723;49.006058
95574_0120_00010;10;;Allée des Chaumières;95390;95574;Saint-Prix;;;2.255741;49.003086
95574_0108_00001;1;;Allée Camille Saint-Saens;95390;95574;Saint-Prix;;;2.258278;49.003317
95574_0513_00006;6;;Allée des Sequoias;95390;95574;Saint-Prix;;;2.270351;49.0063
95574_0530_00004_bis;4;bis;Rue de l’Yser;95390;95574;Saint-Prix;;;2.262697;49.012179
95574_0190_00020;20;;Rue d’Ermont;95390;95574;Saint-Prix;;;2.262704;49.009026
95574_0490_00048_bis;48;bis;Rue Robert Thomas;95390;95574;Saint-Prix;;;2.269459;49.006453
95574_0400_00036_bis;36;bis;Rue de Montlignon;95390;95574;Saint-Prix;;;2.280219;49.011773
95574_0250_00111;111;;Rue Georges Ribordy;95390;95574;Saint-Prix;;;2.276977;49.009978
95574_0118_00008;8;;Allée des Châtaigniers;95390;95574;Saint-Prix;;;2.267128;49.012243
95574_0140_00087;87;;Rue du Colonel Fabien;95390;95574;Saint-Prix;;;2.256057;49.004536
95574_0160_00011;11;;Rue du Docteur Roux;95390;95574;Saint-Prix;;;2.266303;49.00098
95574_0350_00011_bis;11;bis;Rue Louis Barthou;95390;95574;Saint-Prix;;;2.252763;49.003643
95574_0190_00019;19;;Rue d’Ermont;95390;95574;Saint-Prix;;;2.262653;49.008611
95574_0235_00012;12;;Avenue du Général Leclerc;95390;95574;Saint-Prix;;;2.263207;49.0019
95574_0112_00001;1;;Villa Charles Peguy;95390;95574;Saint-Prix;;;2.261684;48.998776
95574_0021_00004_ter;4;ter;Villa Alfred de Musset;95390;95574;Saint-Prix;;;2.25331;49.004897
95574_0220_00011;11;;Sente des Fréculs;95390;95574;Saint-Prix;;;2.278345;49.009873
95574_0530_00053;53;;Rue de l’Yser;95390;95574;Saint-Prix;;;2.258844;49.013318
95574_0520_00001;1;;Rue Victor Hugo;95390;95574;Saint-Prix;;;2.261657;49.003788
95574_0472_00027;27;;Villa des Reines-Claudes;95390;95574;Saint-Prix;;;2.267482;49.007653
95574_0435_00003;3;;Villa Paul Verlaine;95390;95574;Saint-Prix;;;2.258434;49.010936
95574_xezqpe_00002;2;;rue du colonel fabien;95390;95574;Saint-Prix;;;2.267305;49.003992
95574_0460_00011_bis;11;bis;Rue Pierre Curie;95390;95574;Saint-Prix;;;2.254451;49.006674
95574_0147_00004;4;;Passage Costerg;95390;95574;Saint-Prix;;;2.260671;49.00821
95574_0530_00065_bis;65;bis;Rue de l’Yser;95390;95574;Saint-Prix;;;2.257954;49.013617
95574_0190_00002;2;;Rue d’Ermont;95390;95574;Saint-Prix;;;2.263199;49.010019
95574_tmexl7_00070_ter;70;ter;Rue Louis et Gérard Donzelle;95390;95574;Saint-Prix;;;2.256594;49.012488
95574_0400_00024_bis;24;bis;Rue de Montlignon;95390;95574;Saint-Prix;;;2.278112;49.012558
95574_0080_00014;14;;Rue Auguste Rey;95390;95574;Saint-Prix;;;2.269293;49.015014
95574_0530_00020;20;;Rue de l’Yser;95390;95574;Saint-Prix;;;2.259945;49.012884
95574_0020_00011;11;;Rue Alexandre Ribot;95390;95574;Saint-Prix;;;2.258141;49.007632
95574_0472_00005;5;;Villa des Reines-Claudes;95390;95574;Saint-Prix;;;2.266771;49.008472
95574_0450_00001_bis;1;bis;Allée des Peupliers;95390;95574;Saint-Prix;;;2.262846;49.001341
95574_0120_00002;2;;Allée des Chaumières;95390;95574;Saint-Prix;;;2.255136;49.003409
95574_0140_00016;16;;Rue du Colonel Fabien;95390;95574;Saint-Prix;;;2.261541;49.009342
95574_0021_00009;9;;Villa Alfred de Musset;95390;95574;Saint-Prix;;;2.253081;49.004829
95574_0460_00068;68;;Rue Pierre Curie;95390;95574;Saint-Prix;;;2.261705;49.009756
95574_0140_00069;69;;Rue du Colonel Fabien;95390;95574;Saint-Prix;;;2.257753;49.005626
95574_0470_00015;15;;Rue de Reinebourg;95390;95574;Saint-Prix;;;2.269072;49.012902
95574_0212_00003;3;;Clos des Vergers;95390;95574;Saint-Prix;;;2.27148;49.007972
95574_0523_00007;7;;Rue Ulysse Poidevin;95390;95574;Saint-Prix;;;2.257874;49.009464
95574_0200_00001;1;;Rue de l’Explorateur Delaporte;95390;95574;Saint-Prix;;;2.264597;49.016042
95574_0112_00009;9;;Villa Charles Peguy;95390;95574;Saint-Prix;;;2.262136;48.999077
95574_0530_00063;63;;Rue de l’Yser;95390;95574;Saint-Prix;;;2.258157;49.013556
95574_0430_00061;61;;Rue Pasteur;95390;95574;Saint-Prix;;;2.264019;49.008702
95574_0460_00013;13;;Rue Pierre Curie;95390;95574;Saint-Prix;;;2.254664;49.006814
95574_0210_00007;7;;Allée des Fauvettes;95390;95574;Saint-Prix;;;2.262064;49.001361
95574_tqat9w_00011;11;;Rue Albert 1er;95390;95574;Saint-Prix;;;2.259002;49.00419
95574_0212_00023;23;;Clos des Vergers;95390;95574;Saint-Prix;;;2.271572;49.007937
95574_0080_00044;44;;Rue Auguste Rey;95390;95574;Saint-Prix;;;2.267862;49.015832
95574_a205_00001;1;;Résidence de l’Amandier;95390;95574;Saint-Prix;;;2.26214;49.011425
95574_0310_00005;5;;Rue Jean Mermoz;95390;95574;Saint-Prix;;;2.258684;49.001143
95574_0140_00120;120;;Rue du Colonel Fabien;95390;95574;Saint-Prix;;;2.252317;49.001994
95574_0131_00007;7;;Allée de la Cerisaie;95390;95574;Saint-Prix;;;2.25889;49.007846
95574_0140_00012;12;;Rue du Colonel Fabien;95390;95574;Saint-Prix;;;2.261553;49.009409
95574_0190_00121;121;;Rue d’Ermont;95390;95574;Saint-Prix;;;2.259288;48.999769
95574_0520_00015;15;;Rue Victor Hugo;95390;95574;Saint-Prix;;;2.262564;49.004763
95574_0400_00015;15;;Rue de Montlignon;95390;95574;Saint-Prix;;;2.27919;49.012239
95574_0140_00030;30;;Rue du Colonel Fabien;95390;95574;Saint-Prix;;;2.260903;49.008616
95574_0510_00006;6;;Rue de Rubelles;95390;95574;Saint-Prix;;;2.265524;49.015771
95574_0450_00010_bis;10;bis;Allée des Peupliers;95390;95574;Saint-Prix;;;2.262445;49.001028
95574_0460_00024;24;;Rue Pierre Curie;95390;95574;Saint-Prix;;;2.255304;49.007327
95574_tmexl7_00073;73;;Rue Louis et Gérard Donzelle;95390;95574;Saint-Prix;;;2.256395;49.011955
95574_0080_00024;24;;Rue Auguste Rey;95390;95574;Saint-Prix;;;2.268669;49.015275
95574_0470_00023;23;;Rue de Reinebourg;95390;95574;Saint-Prix;;;2.268661;49.011797
95574_0490_00054;54;;Rue Robert Thomas;95390;95574;Saint-Prix;;;2.269937;49.006904
95574_0306_00005;5;;Rue Jean de La Fontaine;95390;95574;Saint-Prix;;;2.257016;49.011064
95574_0472_00007;7;;Villa des Reines-Claudes;95390;95574;Saint-Prix;;;2.266889;49.008433
95574_0190_00040;40;;Rue d’Ermont;95390;95574;Saint-Prix;;;2.262191;49.008021
95574_0430_00005;5;;Rue Pasteur;95390;95574;Saint-Prix;;;2.264573;49.001277
95574_0235_00065;65;;Avenue du Général Leclerc;95390;95574;Saint-Prix;;;2.259627;49.005138
95574_a272_00015;15;;Villa des Grands Clos;95390;95574;Saint-Prix;;;2.262143;49.013756
95574_0095_00006;6;;Rue des Bleuets;95390;95574;Saint-Prix;;;2.259875;49.006509
95574_0294_00002;2;;Avenue Héloïse;95390;95574;Saint-Prix;;;2.254119;49.001561
95574_0510_00016_quater;16;quater;Rue de Rubelles;95390;95574;Saint-Prix;;;2.262689;49.01446
95574_0420_00011;11;;Route des Parquets;95390;95574;Saint-Prix;;;2.277993;49.01936
95574_0235_00107;107;;Avenue du Général Leclerc;95390;95574;Saint-Prix;;;2.256632;49.008138
95574_a272_00001_ter;1;ter;Villa des Grands Clos;95390;95574;Saint-Prix;;;2.263904;49.013368
95574_0235_00099_bis;99;bis;Avenue du Général Leclerc;95390;95574;Saint-Prix;;;2.257135;49.007642
95574_0360_00010;10;;Rue Maignan Larivière;95390;95574;Saint-Prix;;;2.264098;49.016524
95574_0030_00059;59;;Rue Anatole France;95390;95574;Saint-Prix;;;2.255811;49.001564
95574_0410_00001;1;;Route de Montmorency;95390;95574;Saint-Prix;;;2.265719;49.010237
95574_0520_00020;20;;Rue Victor Hugo;95390;95574;Saint-Prix;;;2.263931;49.006115
95574_0190_00120_bis;120;bis;Rue d’Ermont;95390;95574;Saint-Prix;;;2.259335;49.001151
95574_tmexl7_00062;62;;Rue Louis et Gérard Donzelle;95390;95574;Saint-Prix;;;2.257084;49.011821
95574_0274_00006;6;;Villa des Griottes;95390;95574;Saint-Prix;;;2.264982;49.008998
95574_0390_00007;7;;Rue Michel Cauchez;95390;95574;Saint-Prix;;;2.256516;49.005499
95574_0235_00054;54;;Avenue du Général Leclerc;95390;95574;Saint-Prix;;;2.259727;49.005278
95574_0235_00069;69;;Avenue du Général Leclerc;95390;95574;Saint-Prix;;;2.259413;49.005345
95574_0294_00004;4;;Avenue Héloïse;95390;95574;Saint-Prix;;;2.254414;49.001865
95574_0190_00032;32;;Rue d’Ermont;95390;95574;Saint-Prix;;;2.262388;49.008413
95574_0460_00034;34;;Rue Pierre Curie;95390;95574;Saint-Prix;;;2.255989;49.00781
95574_0460_00056;56;;Rue Pierre Curie;95390;95574;Saint-Prix;;;2.259185;49.009012
95574_0390_00016;16;;Rue Michel Cauchez;95390;95574;Saint-Prix;;;2.256063;49.005975
95574_0112_00018;18;;Villa Charles Peguy;95390;95574;Saint-Prix;;;2.262048;48.998906
95574_0530_00050;50;;Rue de l’Yser;95390;95574;Saint-Prix;;;2.258892;49.013378
95574_0190_00055;55;;Rue d’Ermont;95390;95574;Saint-Prix;;;2.261489;49.005981
95574_0095_00010;10;;Rue des Bleuets;95390;95574;Saint-Prix;;;2.26048;49.006293
95574_0112_00003;3;;Villa Charles Peguy;95390;95574;Saint-Prix;;;2.261755;48.998866
95574_0190_00101;101;;Rue d’Ermont;95390;95574;Saint-Prix;;;2.259504;49.001462
95574_0303_00001;1;;Allée des Jardins de la Reine Hortense;95390;95574;Saint-Prix;;;2.261738;49.016797
95574_0222_00006;6;;Villa Frédéric Chopin;95390;95574;Saint-Prix;;;2.260804;49.012008
95574_0355_00008;8;;Allée de la Louvette;95390;95574;Saint-Prix;;;2.254288;49.002577
95574_0300_00005;5;;Sente de l’Hôpital;95390;95574;Saint-Prix;;;2.262515;49.011808
95574_0170_00002;2;;Rue Édith Cavell;95390;95574;Saint-Prix;;;2.256146;49.012202
95574_0460_00028;28;;Rue Pierre Curie;95390;95574;Saint-Prix;;;2.255572;49.007515
95574_0510_00026;26;;Rue de Rubelles;95390;95574;Saint-Prix;;;2.264404;49.013089
95574_a205_00012;12;;Résidence de l’Amandier;95390;95574;Saint-Prix;;;2.262324;49.011294
95574_0310_00020;20;;Rue Jean Mermoz;95390;95574;Saint-Prix;;;2.257522;49.001686
95574_a272_00004;4;;Villa des Grands Clos;95390;95574;Saint-Prix;;;2.262745;49.013814
95574_0430_00014;14;;Rue Pasteur;95390;95574;Saint-Prix;;;2.265111;49.001738
95574_0418_00010;10;;Allée des Noisetiers;95390;95574;Saint-Prix;;;2.270874;49.005397
95574_a265_00002;2;;Résidence des Glaïeuls;95390;95574;Saint-Prix;;;2.254765;49.004954
95574_tmexl7_00031;31;;Rue Louis et Gérard Donzelle;95390;95574;Saint-Prix;;;2.260048;49.011002
95574_0250_00013;13;;Rue Georges Ribordy;95390;95574;Saint-Prix;;;2.269978;49.011956
95574_tqat9w_00042;42;;Rue Albert 1er;95390;95574;Saint-Prix;;;2.25688;49.002467
95574_0030_00041;41;;Rue Anatole France;95390;95574;Saint-Prix;;;2.256957;49.001101
95574_0190_00136_bis;136;bis;Rue d’Ermont;95390;95574;Saint-Prix;;;2.258981;49.00034
95574_0460_00006_bis;6;bis;Rue Pierre Curie;95390;95574;Saint-Prix;;;2.253987;49.006567
95574_a260_00004;4;;Cité Gambetta;95390;95574;Saint-Prix;;;2.256264;49.001065
95574_xezqpe_00004;4;;rue du colonel fabien;95390;95574;Saint-Prix;;;2.267374;49.003961
95574_0290_00017;17;;Rue Hector Carlin;95390;95574;Saint-Prix;;;2.261927;49.000228
95574_0140_00112;112;;Rue du Colonel Fabien;95390;95574;Saint-Prix;;;2.253147;49.002687
95574_0513_00032;32;;Allée des Sequoias;95390;95574;Saint-Prix;;;2.270829;49.006739
95574_0530_00030;30;;Rue de l’Yser;95390;95574;Saint-Prix;;;2.259438;49.013133
95574_0318_00020;20;;Rue Jehan de Thor;95390;95574;Saint-Prix;;;2.259417;49.00939
95574_0410_00001_a;1;a;Route de Montmorency;95390;95574;Saint-Prix;;;2.266151;49.010391
95574_0140_00076_bis;76;bis;Rue du Colonel Fabien;95390;95574;Saint-Prix;;;2.257032;49.005276
95574_0385_00001;1;;Allée Maurice Ravel;95390;95574;Saint-Prix;;;2.25925;49.002519
95574_0497_00006;6;;Impasse des Rossignols;95390;95574;Saint-Prix;;;2.257492;49.009109
95574_0520_00037;37;;Rue Victor Hugo;95390;95574;Saint-Prix;;;2.263963;49.006288
95574_0384_00008;8;;Rue des Mauprès;95390;95574;Saint-Prix;;;2.268188;49.010114
95574_tmexl7_00025;25;;Rue Louis et Gérard Donzelle;95390;95574;Saint-Prix;;;2.260605;49.010918
95574_0118_00004;4;;Allée des Châtaigniers;95390;95574;Saint-Prix;;;2.266786;49.012894
95574_0312_00001;1;;Villa Jean Racine;95390;95574;Saint-Prix;;;2.257856;49.011801
95574_0435_00011;11;;Villa Paul Verlaine;95390;95574;Saint-Prix;;;2.257874;49.01066
95574_0212_00021;21;;Clos des Vergers;95390;95574;Saint-Prix;;;2.271486;49.007848
95574_0310_00016_bis;16;bis;Rue Jean Mermoz;95390;95574;Saint-Prix;;;2.25845;49.001338
95574_0430_00065;65;;Rue Pasteur;95390;95574;Saint-Prix;;;2.263744;49.009292
95574_0200_00012_bis;12;bis;Rue de l’Explorateur Delaporte;95390;95574;Saint-Prix;;;2.263346;49.015816
95574_0306_00010;10;;Rue Jean de La Fontaine;95390;95574;Saint-Prix;;;2.256168;49.010927
95574_xezqpe_00014;14;;rue du colonel fabien;95390;95574;Saint-Prix;;;2.268406;49.003515
95574_0530_00049;49;;Rue de l’Yser;95390;95574;Saint-Prix;;;2.259074;49.013216
95574_0400_00020_bis;20;bis;Rue de Montlignon;95390;95574;Saint-Prix;;;2.27723;49.012796
95574_0400_00028;28;;Rue de Montlignon;95390;95574;Saint-Prix;;;2.278639;49.012373
95574_0020_00020;20;;Rue Alexandre Ribot;95390;95574;Saint-Prix;;;2.258287;49.007604
95574_0210_00006;6;;Allée des Fauvettes;95390;95574;Saint-Prix;;;2.262144;49.001381
95574_xezqpe_00005;5;;rue du colonel fabien;95390;95574;Saint-Prix;;;2.267323;49.004068
95574_0516_00003;3;;Ruelle sous la Solitude;95390;95574;Saint-Prix;;;2.269033;49.01618
95574_0104_00018;18;;Avenue du Bois du Luat;95390;95574;Saint-Prix;;;2.265698;49.006766
95574_0370_00058;58;;Rue du Maréchal Joffre;95390;95574;Saint-Prix;;;2.252368;49.00186
95574_0520_00018;18;;Rue Victor Hugo;95390;95574;Saint-Prix;;;2.263896;49.006078
95574_0190_00024_bis;24;bis;Rue d’Ermont;95390;95574;Saint-Prix;;;2.262138;49.008984
95574_a272_00017;17;;Villa des Grands Clos;95390;95574;Saint-Prix;;;2.261484;49.013602
95574_0107_00012;12;;Villa des Reinettes;95390;95574;Saint-Prix;;;2.265614;49.00599
95574_tmexl7_00026;26;;Rue Louis et Gérard Donzelle;95390;95574;Saint-Prix;;;2.261125;49.010843
95574_0419_00010;10;;Avenue du Parc;95390;95574;Saint-Prix;;;2.267911;49.013542
95574_0140_00031;31;;Rue du Colonel Fabien;95390;95574;Saint-Prix;;;2.260285;49.007798
95574_0384_00006;6;;Rue des Mauprès;95390;95574;Saint-Prix;;;2.2678;49.009813
95574_0392_00010;10;;Allée Michel-Jean Sedaine;95390;95574;Saint-Prix;;;2.257449;49.0092
95574_0030_00023;23;;Rue Anatole France;95390;95574;Saint-Prix;;;2.25794;49.000707
95574_0137_00013;13;;Allée du Clos Rouillard;95390;95574;Saint-Prix;;;2.268632;49.009388
95574_0113_00008;8;;Allée des Charmes;95390;95574;Saint-Prix;;;2.268607;49.004837
95574_0516_00001;1;;Ruelle sous la Solitude;95390;95574;Saint-Prix;;;2.269564;49.015846
95574_0030_00034;34;;Rue Anatole France;95390;95574;Saint-Prix;;;2.257299;49.001058
95574_0513_00004;4;;Allée des Sequoias;95390;95574;Saint-Prix;;;2.270185;49.006383
95574_0140_00050;50;;Rue du Colonel Fabien;95390;95574;Saint-Prix;;;2.259702;49.007265
95574_0381_00008;8;;Allée des Marronniers;95390;95574;Saint-Prix;;;2.266967;49.014835
95574_0212_00018;18;;Clos des Vergers;95390;95574;Saint-Prix;;;2.271331;49.00769
95574_0140_00089_bis;89;bis;Rue du Colonel Fabien;95390;95574;Saint-Prix;;;2.255797;49.0044
95574_0530_00048;48;;Rue de l’Yser;95390;95574;Saint-Prix;;;2.258885;49.013363
95574_0380_00005;5;;Rue de la Marne;95390;95574;Saint-Prix;;;2.265474;49.011859
95574_0030_00052;52;;Rue Anatole France;95390;95574;Saint-Prix;;;2.256108;49.001538
95574_0118_00007;7;;Allée des Châtaigniers;95390;95574;Saint-Prix;;;2.267586;49.012846
95574_0315_00003;3;;Allée Jean-Philippe Rameau;95390;95574;Saint-Prix;;;2.25644;49.003291
95574_0370_00016;16;;Rue du Maréchal Joffre;95390;95574;Saint-Prix;;;2.255064;49.000831
95574_0530_00068;68;;Rue de l’Yser;95390;95574;Saint-Prix;;;2.256468;49.013878
95574_0430_00010_bis;10;bis;Rue Pasteur;95390;95574;Saint-Prix;;;2.264955;49.001548
95574_0510_00014_bis;14;bis;Rue de Rubelles;95390;95574;Saint-Prix;;;2.2649;49.014279
95574_0520_00004;4;;Rue Victor Hugo;95390;95574;Saint-Prix;;;2.261804;49.00381
95574_0020_00018;18;;Rue Alexandre Ribot;95390;95574;Saint-Prix;;;2.258334;49.007526
95574_a272_00001;1;;Villa des Grands Clos;95390;95574;Saint-Prix;;;2.264253;49.013302
95574_0370_00032;32;;Rue du Maréchal Joffre;95390;95574;Saint-Prix;;;2.254176;49.001254
95574_0250_00005;5;;Rue Georges Ribordy;95390;95574;Saint-Prix;;;2.269796;49.012647
95574_0112_00020;20;;Villa Charles Peguy;95390;95574;Saint-Prix;;;2.262091;48.998907
95574_0252_00005;5;;Villa George Sand;95390;95574;Saint-Prix;;;2.253965;49.004861
95574_0250_00125;125;;Rue Georges Ribordy;95390;95574;Saint-Prix;;;2.277784;49.009347
95574_0140_00090;90;;Rue du Colonel Fabien;95390;95574;Saint-Prix;;;2.254977;49.004093
95574_0320_00010;10;;Chemin de la Justice;95390;95574;Saint-Prix;;;2.269526;49.010742
95574_0325_00003;3;;Rue Léon Cordier;95390;95574;Saint-Prix;;;2.266104;49.015171
95574_0140_00098;98;;Rue du Colonel Fabien;95390;95574;Saint-Prix;;;2.254384;49.0037
95574_0250_00097;97;;Rue Georges Ribordy;95390;95574;Saint-Prix;;;2.275147;49.010823
95574_0170_00012;12;;Rue Édith Cavell;95390;95574;Saint-Prix;;;2.255658;49.012554
95574_0410_00013;13;;Route de Montmorency;95390;95574;Saint-Prix;;;2.270974;49.007409
95574_0235_00090;90;;Avenue du Général Leclerc;95390;95574;Saint-Prix;;;2.256643;49.008389
95574_0355_00005_ter;5;ter;Allée de la Louvette;95390;95574;Saint-Prix;;;2.254719;49.002399
95574_0235_00092;92;;Avenue du Général Leclerc;95390;95574;Saint-Prix;;;2.256557;49.008484
95574_tmexl7_00055_bis;55;bis;Rue Louis et Gérard Donzelle;95390;95574;Saint-Prix;;;2.257885;49.011356
95574_0134_00003;3;;Villa des Chênes;95390;95574;Saint-Prix;;;2.265706;49.014486
95574_rwuloh_00007;7;;Rue Rouget de Lisle;95390;95574;Saint-Prix;;;2.257878;48.999938
95574_tmexl7_00002_b;2;b;Rue Louis et Gérard Donzelle;95390;95574;Saint-Prix;;;2.262858;49.010298
95574_0113_00014;14;;Allée des Charmes;95390;95574;Saint-Prix;;;2.269292;49.004519
95574_tqat9w_00035;35;;Rue Albert 1er;95390;95574;Saint-Prix;;;2.257265;49.002707
95574_0356_00002;2;;Place de la Louvette;95390;95574;Saint-Prix;;;2.253807;49.005863
95574_0070_00020;20;;Rue de l’Audience;95390;95574;Saint-Prix;;;2.26357;48.998823
95574_rwuloh_00004;4;;Rue Rouget de Lisle;95390;95574;Saint-Prix;;;2.2588;48.999587
95574_0381_00003;3;;Allée des Marronniers;95390;95574;Saint-Prix;;;2.265879;49.014035
95574_tmexl7_00046;46;;Rue Louis et Gérard Donzelle;95390;95574;Saint-Prix;;;2.25907;49.01115
95574_0340_00021;21;;Rue de la Liberté;95390;95574;Saint-Prix;;;2.255107;49.006338
95574_0450_00005;5;;Allée des Peupliers;95390;95574;Saint-Prix;;;2.26272;49.001201
95574_0140_00123_bis;123;bis;Rue du Colonel Fabien;95390;95574;Saint-Prix;;;2.253261;49.002667
95574_0318_00011;11;;Rue Jehan de Thor;95390;95574;Saint-Prix;;;2.257751;49.009961
95574_0530_00083;83;;Rue de l’Yser;95390;95574;Saint-Prix;;;2.256723;49.013778
95574_0490_00048;48;;Rue Robert Thomas;95390;95574;Saint-Prix;;;2.269429;49.006459
95574_0120_00016;16;;Allée des Chaumières;95390;95574;Saint-Prix;;;2.256033;49.002948
95574_0140_00072_bis;72;bis;Rue du Colonel Fabien;95390;95574;Saint-Prix;;;2.257496;49.005564
95574_0303_00006;6;;Allée des Jardins de la Reine Hortense;95390;95574;Saint-Prix;;;2.261407;49.016296
95574_0235_00032;32;;Avenue du Général Leclerc;95390;95574;Saint-Prix;;;2.261963;49.003157
95574_0316_00011;11;;Allée Joachim du Bellay;95390;95574;Saint-Prix;;;2.260538;49.01027
95574_0180_00002;2;;Rue de l’Église;95390;95574;Saint-Prix;;;2.266103;49.016049
95574_0140_00025_bis;25;bis;Rue du Colonel Fabien;95390;95574;Saint-Prix;;;2.260523;49.008062
95574_0107_00007;7;;Villa des Reinettes;95390;95574;Saint-Prix;;;2.266726;49.005414
95574_0419_00013;13;;Avenue du Parc;95390;95574;Saint-Prix;;;2.26847;49.013492
95574_0290_00016_ter;16;ter;Rue Hector Carlin;95390;95574;Saint-Prix;;;2.26101;49.000433
95574_xezqpe_00015;15;;rue du colonel fabien;95390;95574;Saint-Prix;;;2.268271;49.003663
95574_0190_00068_bis;68;bis;Rue d’Ermont;95390;95574;Saint-Prix;;;2.261459;49.006121
95574_0312_00007;7;;Villa Jean Racine;95390;95574;Saint-Prix;;;2.258184;49.012043
95574_a210_00009;9;;Résidence de la Closeraie;95390;95574;Saint-Prix;;;2.266358;49.001479
95574_0419_00008;8;;Avenue du Parc;95390;95574;Saint-Prix;;;2.267259;49.013622
95574_0242_00005;5;;Allée Georges Brassens;95390;95574;Saint-Prix;;;2.26007;49.009658
95574_tqat9w_00041;41;;Rue Albert 1er;95390;95574;Saint-Prix;;;2.257068;49.002507
95574_0190_00033;33;;Rue d’Ermont;95390;95574;Saint-Prix;;;2.262161;49.007622
95574_0530_00016_bis;16;bis;Rue de l’Yser;95390;95574;Saint-Prix;;;2.260135;49.012806
95574_0070_00004_bis;4;bis;Rue de l’Audience;95390;95574;Saint-Prix;;;2.264002;48.999996
95574_0222_00012;12;;Villa Frédéric Chopin;95390;95574;Saint-Prix;;;2.260345;49.011806
95574_0080_00068;68;;Rue Auguste Rey;95390;95574;Saint-Prix;;;2.266068;49.016041
95574_0530_00089;89;;Rue de l’Yser;95390;95574;Saint-Prix;;;2.256264;49.013824
95574_0435_00013;13;;Villa Paul Verlaine;95390;95574;Saint-Prix;;;2.257945;49.010745
95574_0430_00018;18;;Rue Pasteur;95390;95574;Saint-Prix;;;2.265357;49.001981
95574_0025_00002;2;;Villa Alphonse de Lamartine;95390;95574;Saint-Prix;;;2.259046;49.012512
95574_0210_00011_bis;11;bis;Allée des Fauvettes;95390;95574;Saint-Prix;;;2.261726;49.001501
95574_0120_00018_bis;18;bis;Allée des Chaumières;95390;95574;Saint-Prix;;;2.25626;49.002828
95574_0530_00085;85;;Rue de l’Yser;95390;95574;Saint-Prix;;;2.256498;49.013803
95574_0513_00018;18;;Allée des Sequoias;95390;95574;Saint-Prix;;;2.270989;49.006133
95574_tmexl7_00023;23;;Rue Louis et Gérard Donzelle;95390;95574;Saint-Prix;;;2.260791;49.010855
95574_rwuloh_00014;14;;Rue Rouget de Lisle;95390;95574;Saint-Prix;;;2.257957;48.999996
95574_0222_00021;21;;Villa Frédéric Chopin;95390;95574;Saint-Prix;;;2.261095;49.011594
95574_0080_00026;26;;Rue Auguste Rey;95390;95574;Saint-Prix;;;2.268497;49.015393
95574_0317_00014;14;;Avenue du Bois Joly;95390;95574;Saint-Prix;;;2.270171;49.004948
95574_a272_00006;6;;Villa des Grands Clos;95390;95574;Saint-Prix;;;2.262206;49.013894
95574_0470_00013_b;13;b;Rue de Reinebourg;95390;95574;Saint-Prix;;;2.26908;49.013206
95574_0250_00010;10;;Rue Georges Ribordy;95390;95574;Saint-Prix;;;2.269954;49.011867
95574_a208_00002;2;;Résidence du Cèdre;95390;95574;Saint-Prix;;;2.263729;49.002231
95574_0190_00105_ter;105;ter;Rue d’Ermont;95390;95574;Saint-Prix;;;2.260196;49.000781
95574_0112_00013;13;;Villa Charles Peguy;95390;95574;Saint-Prix;;;2.262287;48.999258
95574_0510_00040;40;;Rue de Rubelles;95390;95574;Saint-Prix;;;2.263625;49.011258
95574_0235_00008;8;;Avenue du Général Leclerc;95390;95574;Saint-Prix;;;2.263487;49.00163
95574_0310_00016;16;;Rue Jean Mermoz;95390;95574;Saint-Prix;;;2.258477;49.00133
95574_0316_00002;2;;Allée Joachim du Bellay;95390;95574;Saint-Prix;;;2.261588;49.009929
95574_0190_00115;115;;Rue d’Ermont;95390;95574;Saint-Prix;;;2.259344;49.000204
95574_0384_00004;4;;Rue des Mauprès;95390;95574;Saint-Prix;;;2.267766;49.009768
95574_0312_00005;5;;Villa Jean Racine;95390;95574;Saint-Prix;;;2.258044;49.012077
95574_0170_00016;16;;Rue Édith Cavell;95390;95574;Saint-Prix;;;2.255417;49.012736
95574_0070_00012;12;;Rue de l’Audience;95390;95574;Saint-Prix;;;2.263838;48.999512
95574_0118_00015;15;;Allée des Châtaigniers;95390;95574;Saint-Prix;;;2.267284;49.012038
95574_tmexl7_00021;21;;Rue Louis et Gérard Donzelle;95390;95574;Saint-Prix;;;2.26094;49.010809
95574_0140_00011_ter;11;ter;Rue du Colonel Fabien;95390;95574;Saint-Prix;;;2.261427;49.00905
95574_0519_00002;2;;Sente des Valavons;95390;95574;Saint-Prix;;;2.27039;49.012779
95574_0390_00012;12;;Rue Michel Cauchez;95390;95574;Saint-Prix;;;2.256253;49.005842
95574_0135_00005;5;;Allée Claude Debussy;95390;95574;Saint-Prix;;;2.257218;49.003901
95574_a272_00019;19;;Villa des Grands Clos;95390;95574;Saint-Prix;;;2.261256;49.013224
95574_0390_00023;23;;Rue Michel Cauchez;95390;95574;Saint-Prix;;;2.255593;49.006193
95574_0450_00015;15;;Allée des Peupliers;95390;95574;Saint-Prix;;;2.262403;49.000843
95574_0390_00025;25;;Rue Michel Cauchez;95390;95574;Saint-Prix;;;2.255479;49.006277
95574_0510_00015;15;;Rue de Rubelles;95390;95574;Saint-Prix;;;2.264832;49.01356
95574_0513_00015;15;;Allée des Sequoias;95390;95574;Saint-Prix;;;2.271491;49.006886
95574_tmexl7_00067_bis;67;bis;Rue Louis et Gérard Donzelle;95390;95574;Saint-Prix;;;2.256565;49.011916
95574_0140_00007_bis;7;bis;Rue du Colonel Fabien;95390;95574;Saint-Prix;;;2.261803;49.00955
95574_0235_00079_bis;79;bis;Avenue du Général Leclerc;95390;95574;Saint-Prix;;;2.258735;49.005995
95574_0530_00069_bis;69;bis;Rue de l’Yser;95390;95574;Saint-Prix;;;2.257698;49.013664
95574_0290_00020_bis;20;bis;Rue Hector Carlin;95390;95574;Saint-Prix;;;2.260341;49.000168
95574_tmexl7_00066;66;;Rue Louis et Gérard Donzelle;95390;95574;Saint-Prix;;;2.256794;49.011928
95574_0340_00015;15;;Rue de la Liberté;95390;95574;Saint-Prix;;;2.254964;49.005846
95574_0140_00059_bis;59;bis;Rue du Colonel Fabien;95390;95574;Saint-Prix;;;2.259133;49.00651
95574_0250_00021;21;;Rue Georges Ribordy;95390;95574;Saint-Prix;;;2.270483;49.011712
95574_0323_00004;4;;Impasse Lempereur;95390;95574;Saint-Prix;;;2.259389;49.001543
95574_0522_00005;5;;Avenue des Vergers;95390;95574;Saint-Prix;;;2.265383;49.007754
95574_0360_00008;8;;Rue Maignan Larivière;95390;95574;Saint-Prix;;;2.26427;49.016519
95574_0230_00005;5;;Rue Gambetta;95390;95574;Saint-Prix;;;2.257012;48.999884
95574_0384_00014;14;;Rue des Mauprès;95390;95574;Saint-Prix;;;2.268413;49.010701
95574_0104_00020;20;;Avenue du Bois du Luat;95390;95574;Saint-Prix;;;2.265461;49.006856
95574_0290_00009;9;;Rue Hector Carlin;95390;95574;Saint-Prix;;;2.263081;49.00054
95574_0470_00013_t;13;t;Rue de Reinebourg;95390;95574;Saint-Prix;;;2.269075;49.013119
95574_0302_00007;7;;Villa Jean de La Bruyère;95390;95574;Saint-Prix;;;2.256973;49.009931
95574_0190_00001;1;;Rue d’Ermont;95390;95574;Saint-Prix;;;2.263266;49.009828
95574_0170_00004;4;;Rue Édith Cavell;95390;95574;Saint-Prix;;;2.256036;49.012276
95574_0459_00007;7;;Villa Pierre Corneille;95390;95574;Saint-Prix;;;2.258135;49.012812
95574_0005_00003;3;;Allée des Acacias;95390;95574;Saint-Prix;;;2.260187;49.001156
95574_0380_00002_bis;2;bis;Rue de la Marne;95390;95574;Saint-Prix;;;2.26626;49.011721
95574_0020_00009;9;;Rue Alexandre Ribot;95390;95574;Saint-Prix;;;2.258224;49.007511
95574_0510_00002;2;;Rue de Rubelles;95390;95574;Saint-Prix;;;2.265622;49.015915
95574_tmexl7_00033_bis;33;bis;Rue Louis et Gérard Donzelle;95390;95574;Saint-Prix;;;2.259454;49.011044
95574_0390_00010;10;;Rue Michel Cauchez;95390;95574;Saint-Prix;;;2.256336;49.005781
95574_0242_00007;7;;Allée Georges Brassens;95390;95574;Saint-Prix;;;2.259876;49.009724
95574_0460_00086;86;;Rue Pierre Curie;95390;95574;Saint-Prix;;;2.256185;49.007956
95574_0140_00129;129;;Rue du Colonel Fabien;95390;95574;Saint-Prix;;;2.252918;49.002382
95574_0190_00008;8;;Rue d’Ermont;95390;95574;Saint-Prix;;;2.263015;49.00964
95574_0030_00015;15;;Rue Anatole France;95390;95574;Saint-Prix;;;2.258412;49.000516
95574_0318_00014;14;;Rue Jehan de Thor;95390;95574;Saint-Prix;;;2.258101;49.010001
95574_0103_00033;33;;Chemin des Bretoux;95390;95574;Saint-Prix;;;2.254489;49.007303
95574_rwuloh_00046;46;;Rue Rouget de Lisle;95390;95574;Saint-Prix;;;2.256126;49.000783
95574_0030_00055;55;;Rue Anatole France;95390;95574;Saint-Prix;;;2.256027;49.001478
95574_0450_00007;7;;Allée des Peupliers;95390;95574;Saint-Prix;;;2.262668;49.001141
95574_a215_00002;2;;Résidence du Cottage;95390;95574;Saint-Prix;;;2.256272;49.006355
95574_0430_00062;62;;Rue Pasteur;95390;95574;Saint-Prix;;;2.264879;49.006336
95574_a208_00008;8;;Résidence du Cèdre;95390;95574;Saint-Prix;;;2.26418;49.002468
95574_rwuloh_00010;10;;Rue Rouget de Lisle;95390;95574;Saint-Prix;;;2.258062;48.999948
95574_0317_00006;6;;Avenue du Bois Joly;95390;95574;Saint-Prix;;;2.268961;49.00536
95574_0460_00058;58;;Rue Pierre Curie;95390;95574;Saint-Prix;;;2.260161;49.009315
95574_0190_00003;3;;Rue d’Ermont;95390;95574;Saint-Prix;;;2.263198;49.009689
95574_0490_00014;14;;Rue Robert Thomas;95390;95574;Saint-Prix;;;2.266672;49.003824
95574_0190_00096;96;;Rue d’Ermont;95390;95574;Saint-Prix;;;2.259722;49.002921
95574_0212_00002;2;;Clos des Vergers;95390;95574;Saint-Prix;;;2.27151;49.007997
95574_0112_00026;26;;Villa Charles Peguy;95390;95574;Saint-Prix;;;2.26218;48.998962
95574_tmexl7_00005;5;;Rue Louis et Gérard Donzelle;95390;95574;Saint-Prix;;;2.262757;49.010203
95574_0418_00006;6;;Allée des Noisetiers;95390;95574;Saint-Prix;;;2.270155;49.005589
95574_0080_00022;22;;Rue Auguste Rey;95390;95574;Saint-Prix;;;2.268752;49.015217
95574_0310_00062;62;;Rue Jean Mermoz;95390;95574;Saint-Prix;;;2.255612;49.001646
95574_0235_00036;36;;Avenue du Général Leclerc;95390;95574;Saint-Prix;;;2.261791;49.003324
95574_0430_00032;32;;Rue Pasteur;95390;95574;Saint-Prix;;;2.265503;49.003438
95574_0318_00013;13;;Rue Jehan de Thor;95390;95574;Saint-Prix;;;2.257957;49.010064
95574_0250_00119;119;;Rue Georges Ribordy;95390;95574;Saint-Prix;;;2.277408;49.009643
95574_0230_00029;29;;Rue Gambetta;95390;95574;Saint-Prix;;;2.260381;48.999047
95574_rwuloh_00024;24;;Rue Rouget de Lisle;95390;95574;Saint-Prix;;;2.257413;49.000226
95574_0340_00009_ter;9;ter;Rue de la Liberté;95390;95574;Saint-Prix;;;2.254482;49.005326
95574_0190_00005;5;;Rue d’Ermont;95390;95574;Saint-Prix;;;2.263123;49.009535
95574_0470_00006;6;;Rue de Reinebourg;95390;95574;Saint-Prix;;;2.269104;49.013599
95574_0317_00010;10;;Avenue du Bois Joly;95390;95574;Saint-Prix;;;2.269605;49.005098
95574_0140_00023;23;;Rue du Colonel Fabien;95390;95574;Saint-Prix;;;2.260805;49.008366
95574_0030_00004;4;;Rue Anatole France;95390;95574;Saint-Prix;;;2.258969;48.999839
95574_0030_00003_c;3;c;Rue Anatole France;95390;95574;Saint-Prix;;;2.258822;48.999906
95574_0530_00044_bis;44;bis;Rue de l’Yser;95390;95574;Saint-Prix;;;2.259374;49.013166
95574_0070_00006;6;;Rue de l’Audience;95390;95574;Saint-Prix;;;2.263967;48.999896
95574_0140_00091_bis;91;bis;Rue du Colonel Fabien;95390;95574;Saint-Prix;;;2.255411;49.004208
95574_0290_00010;10;;Rue Hector Carlin;95390;95574;Saint-Prix;;;2.26221;49.00038
95574_0212_00011;11;;Clos des Vergers;95390;95574;Saint-Prix;;;2.271066;49.007657
95574_0306_00009;9;;Rue Jean de La Fontaine;95390;95574;Saint-Prix;;;2.256781;49.010799
95574_0190_00107;107;;Rue d’Ermont;95390;95574;Saint-Prix;;;2.25941;49.000838
95574_tmexl7_00077;77;;Rue Louis et Gérard Donzelle;95390;95574;Saint-Prix;;;2.255933;49.012058
95574_0140_00050_bis;50;bis;Rue du Colonel Fabien;95390;95574;Saint-Prix;;;2.259607;49.007197
95574_0235_00096;96;;Avenue du Général Leclerc;95390;95574;Saint-Prix;;;2.25626;49.008763
95574_0235_00056;56;;Avenue du Général Leclerc;95390;95574;Saint-Prix;;;2.259561;49.005437
95574_0443_00001;1;;Rue du Petit Luat;95390;95574;Saint-Prix;;;2.266724;49.001378
95574_0340_00001;1;;Rue de la Liberté;95390;95574;Saint-Prix;;;2.255497;49.004913
95574_0523_00002;2;;Rue Ulysse Poidevin;95390;95574;Saint-Prix;;;2.25875;49.009131
95574_0190_00047_bis;47;bis;Rue d’Ermont;95390;95574;Saint-Prix;;;2.261709;49.006383
95574_tmexl7_00007;7;;Rue Louis et Gérard Donzelle;95390;95574;Saint-Prix;;;2.262537;49.010276
95574_0252_00003;3;;Villa George Sand;95390;95574;Saint-Prix;;;2.25405;49.004759
95574_0112_00034;34;;Villa Charles Peguy;95390;95574;Saint-Prix;;;2.262274;48.999075
95574_0140_00047_ter;47;ter;Rue du Colonel Fabien;95390;95574;Saint-Prix;;;2.259598;49.007032
95574_0190_00041;41;;Rue d’Ermont;95390;95574;Saint-Prix;;;2.261984;49.007143
95574_0250_00120;120;;Rue Georges Ribordy;95390;95574;Saint-Prix;;;2.277171;49.00978
95574_0235_00059_bis;59;bis;Avenue du Général Leclerc;95390;95574;Saint-Prix;;;2.260086;49.004712
95574_0315_00002;2;;Allée Jean-Philippe Rameau;95390;95574;Saint-Prix;;;2.256588;49.003217
95574_0280_00008_bis;8;bis;Allée Hector Carlin;95390;95574;Saint-Prix;;;2.262203;48.999654
95574_0320_00007;7;;Chemin de la Justice;95390;95574;Saint-Prix;;;2.268898;49.011054
95574_0420_00010_bis;10;bis;Route des Parquets;95390;95574;Saint-Prix;;;2.256951;49.028521
95574_0137_00008;8;;Allée du Clos Rouillard;95390;95574;Saint-Prix;;;2.268458;49.009284
95574_0104_00002;2;;Avenue du Bois du Luat;95390;95574;Saint-Prix;;;2.268014;49.005893
95574_0104_00014;14;;Avenue du Bois du Luat;95390;95574;Saint-Prix;;;2.2665;49.006462
95574_0235_00042;42;;Avenue du Général Leclerc;95390;95574;Saint-Prix;;;2.260743;49.004304
95574_0235_00102;102;;Avenue du Général Leclerc;95390;95574;Saint-Prix;;;2.256023;49.009033
95574_0523_00003;3;;Rue Ulysse Poidevin;95390;95574;Saint-Prix;;;2.258453;49.009249
95574_0242_00003;3;;Allée Georges Brassens;95390;95574;Saint-Prix;;;2.260206;49.009612
95574_0460_00006;6;;Rue Pierre Curie;95390;95574;Saint-Prix;;;2.253887;49.006505
95574_0235_00007;7;;Avenue du Général Leclerc;95390;95574;Saint-Prix;;;2.263874;49.000943
95574_0200_00009_bis;9;bis;Rue de l’Explorateur Delaporte;95390;95574;Saint-Prix;;;2.261403;49.015564
95574_0400_00018_bis;18;bis;Rue de Montlignon;95390;95574;Saint-Prix;;;2.276966;49.012851
95574_0310_00050;50;;Rue Jean Mermoz;95390;95574;Saint-Prix;;;2.256043;49.002101
95574_0356_00003;3;;Place de la Louvette;95390;95574;Saint-Prix;;;2.253727;49.005821
95574_0090_00019;19;;Rue des Beaux Sites;95390;95574;Saint-Prix;;;2.269436;49.003783
95574_0080_00001;1;;Rue Auguste Rey;95390;95574;Saint-Prix;;;2.272971;49.013513
95574_0140_00088;88;;Rue du Colonel Fabien;95390;95574;Saint-Prix;;;2.255155;49.004198
95574_0460_00043;43;;Rue Pierre Curie;95390;95574;Saint-Prix;;;2.257221;49.008369
95574_0383_00001;1;;Villa Guy de Maupassant;95390;95574;Saint-Prix;;;2.25433;49.00347
95574_tqat9w_00003;3;;Rue Albert 1er;95390;95574;Saint-Prix;;;2.25948;49.004575
95574_0523_00004;4;;Rue Ulysse Poidevin;95390;95574;Saint-Prix;;;2.258498;49.009292
95574_0510_00042_bis;42;bis;Rue de Rubelles;95390;95574;Saint-Prix;;;2.263581;49.011067
95574_0235_00121;121;;Avenue du Général Leclerc;95390;95574;Saint-Prix;;;2.255841;49.008989
95574_0472_00025;25;;Villa des Reines-Claudes;95390;95574;Saint-Prix;;;2.267891;49.007705
95574_0390_00024_b;24;b;Rue Michel Cauchez;95390;95574;Saint-Prix;;;2.255492;49.00658
95574_0140_00013;13;;Rue du Colonel Fabien;95390;95574;Saint-Prix;;;2.261364;49.008979
95574_0520_00024;24;;Rue Victor Hugo;95390;95574;Saint-Prix;;;2.264247;49.006464
95574_0490_00036;36;;Rue Robert Thomas;95390;95574;Saint-Prix;;;2.268177;49.005587
95574_0306_00008;8;;Rue Jean de La Fontaine;95390;95574;Saint-Prix;;;2.256585;49.010768
95574_0242_00001;1;;Allée Georges Brassens;95390;95574;Saint-Prix;;;2.260378;49.009525
95574_0460_00030;30;;Rue Pierre Curie;95390;95574;Saint-Prix;;;2.255757;49.007646
95574_tmexl7_00047;47;;Rue Louis et Gérard Donzelle;95390;95574;Saint-Prix;;;2.258337;49.011182
95574_0370_00034;34;;Rue du Maréchal Joffre;95390;95574;Saint-Prix;;;2.254041;49.001318
95574_0211_00008;8;;Rue de la Ferme de Saint-Prix;95390;95574;Saint-Prix;;;2.263328;49.007681
95574_0100_00012;12;;Avenue du Bois;95390;95574;Saint-Prix;;;2.255319;49.007876
95574_0320_00008;8;;Chemin de la Justice;95390;95574;Saint-Prix;;;2.268908;49.010986
95574_0318_00019;19;;Rue Jehan de Thor;95390;95574;Saint-Prix;;;2.259159;49.009499
95574_0235_00078;78;;Avenue du Général Leclerc;95390;95574;Saint-Prix;;;2.257425;49.007539
95574_0095_00003;3;;Rue des Bleuets;95390;95574;Saint-Prix;;;2.260449;49.006217
95574_0030_00049;49;;Rue Anatole France;95390;95574;Saint-Prix;;;2.256454;49.001304
95574_0460_00069;69;;Rue Pierre Curie;95390;95574;Saint-Prix;;;2.259465;49.009008
95574_0070_00010;10;;Rue de l’Audience;95390;95574;Saint-Prix;;;2.263846;48.99954
95574_0523_00010;10;;Rue Ulysse Poidevin;95390;95574;Saint-Prix;;;2.25755;49.009764
95574_0108_00002;2;;Allée Camille Saint-Saens;95390;95574;Saint-Prix;;;2.25816;49.003208
95574_0430_00048;48;;Rue Pasteur;95390;95574;Saint-Prix;;;2.265231;49.00497
95574_0190_00136;136;;Rue d’Ermont;95390;95574;Saint-Prix;;;2.259249;49.000335
95574_0510_00034;34;;Rue de Rubelles;95390;95574;Saint-Prix;;;2.263786;49.011989
95574_0235_00033_bis;33;bis;Avenue du Général Leclerc;95390;95574;Saint-Prix;;;2.262081;49.00277
95574_0430_00012;12;;Rue Pasteur;95390;95574;Saint-Prix;;;2.265039;49.001636
95574_a272_00007;7;;Villa des Grands Clos;95390;95574;Saint-Prix;;;2.263399;49.013463
95574_0212_00014;14;;Clos des Vergers;95390;95574;Saint-Prix;;;2.27123;49.00758
95574_0140_00035;35;;Rue du Colonel Fabien;95390;95574;Saint-Prix;;;2.26002;49.00751
95574_a272_00012;12;;Villa des Grands Clos;95390;95574;Saint-Prix;;;2.261521;49.01396
95574_tmexl7_00044;44;;Rue Louis et Gérard Donzelle;95390;95574;Saint-Prix;;;2.25877;49.011175
95574_0490_00038;38;;Rue Robert Thomas;95390;95574;Saint-Prix;;;2.268647;49.005864
95574_0415_00005;5;;Impasse Mottin;95390;95574;Saint-Prix;;;2.262889;48.998959
95574_xezqpe_00008;8;;rue du colonel fabien;95390;95574;Saint-Prix;;;2.267817;49.003774
95574_0470_00016_a;16;a;Rue de Reinebourg;95390;95574;Saint-Prix;;;2.268462;49.012179
95574_0510_00052_bis;52;bis;Rue de Rubelles;95390;95574;Saint-Prix;;;2.263412;49.010444
95574_0235_00040;40;;Avenue du Général Leclerc;95390;95574;Saint-Prix;;;2.260968;49.004067
95574_0460_00075;75;;Rue Pierre Curie;95390;95574;Saint-Prix;;;2.260209;49.009219
95574_0421_00009;9;;Villa des Passes Crassanes;95390;95574;Saint-Prix;;;2.266637;49.007339
95574_0235_00050;50;;Avenue du Général Leclerc;95390;95574;Saint-Prix;;;2.259869;49.005142
95574_tmexl7_00052;52;;Rue Louis et Gérard Donzelle;95390;95574;Saint-Prix;;;2.258302;49.011296
95574_0306_00007;7;;Rue Jean de La Fontaine;95390;95574;Saint-Prix;;;2.256923;49.010964
95574_0104_00003;3;;Avenue du Bois du Luat;95390;95574;Saint-Prix;;;2.267748;49.005883
95574_0090_00009;9;;Rue des Beaux Sites;95390;95574;Saint-Prix;;;2.268329;49.004258
95574_0050_00043;43;;Boulevard Armand Hayem;95390;95574;Saint-Prix;;;2.281506;49.012722
95574_0416_00044;44;;Chemin des Murs Blancs;95390;95574;Saint-Prix;;;2.259711;49.01371
95574_0417_00004;4;;Impasse Notre-Dame;95390;95574;Saint-Prix;;;2.264259;49.016774
95574_0169_00004;4;;Allée du Douanier Rousseau;95390;95574;Saint-Prix;;;2.260801;48.999656
95574_0350_00011;11;;Rue Louis Barthou;95390;95574;Saint-Prix;;;2.253293;49.00376
95574_0520_00025;25;;Rue Victor Hugo;95390;95574;Saint-Prix;;;2.263117;49.00537
95574_0490_00003;3;;Rue Robert Thomas;95390;95574;Saint-Prix;;;2.265975;49.003088
95574_0160_00003;3;;Rue du Docteur Roux;95390;95574;Saint-Prix;;;2.265011;49.000961
95574_0397_00005;5;;Villa Molière;95390;95574;Saint-Prix;;;2.260079;49.001457
95574_0435_00009;9;;Villa Paul Verlaine;95390;95574;Saint-Prix;;;2.257845;49.010613
95574_0120_00004;4;;Allée des Chaumières;95390;95574;Saint-Prix;;;2.255351;49.003304
95574_0140_00038;38;;Rue du Colonel Fabien;95390;95574;Saint-Prix;;;2.260505;49.008181
95574_0400_00017;17;;Rue de Montlignon;95390;95574;Saint-Prix;;;2.279999;49.012333
95574_0430_00054;54;;Rue Pasteur;95390;95574;Saint-Prix;;;2.265044;49.00564
95574_0235_00014_b;14;b;Avenue du Général Leclerc;95390;95574;Saint-Prix;;;2.263733;49.002797
95574_a260_00010;10;;Cité Gambetta;95390;95574;Saint-Prix;;;2.257416;49.000596
95574_0030_00038_bis;38;bis;Rue Anatole France;95390;95574;Saint-Prix;;;2.25675;49.00128
95574_0160_00007_ter;7;ter;Rue du Docteur Roux;95390;95574;Saint-Prix;;;2.265561;49.001025
95574_0140_00078;78;;Rue du Colonel Fabien;95390;95574;Saint-Prix;;;2.256878;49.005181
95574_0190_00071;71;;Rue d’Ermont;95390;95574;Saint-Prix;;;2.260727;49.004643
95574_0211_00005;5;;Rue de la Ferme de Saint-Prix;95390;95574;Saint-Prix;;;2.26362;49.008165
95574_0290_00008_bis;8;bis;Rue Hector Carlin;95390;95574;Saint-Prix;;;2.262509;49.000448
95574_b028_00006;6;;Domaine de la Rocaille;95390;95574;Saint-Prix;;;2.264615;49.002215
95574_0310_00003;3;;Rue Jean Mermoz;95390;95574;Saint-Prix;;;2.258762;49.001114
95574_0080_00003;3;;Rue Auguste Rey;95390;95574;Saint-Prix;;;2.272543;49.013643
95574_0190_00013;13;;Rue d’Ermont;95390;95574;Saint-Prix;;;2.26288;49.009045
95574_0397_00015;15;;Villa Molière;95390;95574;Saint-Prix;;;2.260908;49.001222
95574_tqat9w_00008;8;;Rue Albert 1er;95390;95574;Saint-Prix;;;2.25911;49.004407
95574_0523_00005;5;;Rue Ulysse Poidevin;95390;95574;Saint-Prix;;;2.258078;49.009365
95574_0523_00001;1;;Rue Ulysse Poidevin;95390;95574;Saint-Prix;;;2.258685;49.009128
95574_0220_00009;9;;Sente des Fréculs;95390;95574;Saint-Prix;;;2.278129;49.009904
95574_0212_00008;8;;Clos des Vergers;95390;95574;Saint-Prix;;;2.271236;49.007725
95574_0360_00014;14;;Rue Maignan Larivière;95390;95574;Saint-Prix;;;2.26386;49.016527
95574_0190_00096_b;96;b;Rue d’Ermont;95390;95574;Saint-Prix;;;2.259798;49.003227
95574_0470_00003;3;;Rue de Reinebourg;95390;95574;Saint-Prix;;;2.270478;49.014053
95574_0383_00003;3;;Villa Guy de Maupassant;95390;95574;Saint-Prix;;;2.25459;49.003331
95574_0140_00021;21;;Rue du Colonel Fabien;95390;95574;Saint-Prix;;;2.260881;49.008452
95574_0530_00044;44;;Rue de l’Yser;95390;95574;Saint-Prix;;;2.259226;49.013215
95574_0460_00077;77;;Rue Pierre Curie;95390;95574;Saint-Prix;;;2.260532;49.00931
95574_0510_00029_bis;29;bis;Rue de Rubelles;95390;95574;Saint-Prix;;;2.264293;49.012671
95574_0137_00010;10;;Allée du Clos Rouillard;95390;95574;Saint-Prix;;;2.268606;49.009229
95574_xezqpe_00006;6;;rue du colonel fabien;95390;95574;Saint-Prix;;;2.267645;49.003847
95574_0421_00013;13;;Villa des Passes Crassanes;95390;95574;Saint-Prix;;;2.266521;49.007532
95574_0320_00022;22;;Chemin de la Justice;95390;95574;Saint-Prix;;;2.270332;49.010231
95574_0460_00054;54;;Rue Pierre Curie;95390;95574;Saint-Prix;;;2.25905;49.00896
95574_0381_00006;6;;Allée des Marronniers;95390;95574;Saint-Prix;;;2.266375;49.014667
95574_0460_00027;27;;Rue Pierre Curie;95390;95574;Saint-Prix;;;2.255578;49.007416
95574_0530_00058;58;;Rue de l’Yser;95390;95574;Saint-Prix;;;2.257517;49.013763
95574_0250_00005_bis;5;bis;Rue Georges Ribordy;95390;95574;Saint-Prix;;;2.269215;49.012142
95574_0050_00045;45;;Boulevard Armand Hayem;95390;95574;Saint-Prix;;;2.281524;49.013235
95574_0140_00114;114;;Rue du Colonel Fabien;95390;95574;Saint-Prix;;;2.25286;49.002452
95574_xezqpe_00016;16;;rue du colonel fabien;95390;95574;Saint-Prix;;;2.268488;49.003487
95574_0139_00004;4;;Villa des Comices;95390;95574;Saint-Prix;;;2.267961;49.006694
95574_tqat9w_00035_ter;35;ter;Rue Albert 1er;95390;95574;Saint-Prix;;;2.257861;49.002397
95574_0472_00015;15;;Villa des Reines-Claudes;95390;95574;Saint-Prix;;;2.268057;49.008037
95574_0516_00007;7;;Ruelle sous la Solitude;95390;95574;Saint-Prix;;;2.26856;49.016559
95574_0318_00005;5;;Rue Jehan de Thor;95390;95574;Saint-Prix;;;2.258714;49.009624
95574_0315_00001;1;;Allée Jean-Philippe Rameau;95390;95574;Saint-Prix;;;2.256782;49.003126
95574_0310_00026;26;;Rue Jean Mermoz;95390;95574;Saint-Prix;;;2.257096;49.001847
95574_0312_00011;11;;Villa Jean Racine;95390;95574;Saint-Prix;;;2.258298;49.01197
95574_0450_00012;12;;Allée des Peupliers;95390;95574;Saint-Prix;;;2.262348;49.000918
95574_0306_00021;21;;Rue Jean de La Fontaine;95390;95574;Saint-Prix;;;2.256383;49.010583
95574_0113_00004;4;;Allée des Charmes;95390;95574;Saint-Prix;;;2.268862;49.00507
95574_0470_00007;7;;Rue de Reinebourg;95390;95574;Saint-Prix;;;2.270457;49.014043
95574_0418_00007;7;;Allée des Noisetiers;95390;95574;Saint-Prix;;;2.269943;49.005822
95574_0443_00003;3;;Rue du Petit Luat;95390;95574;Saint-Prix;;;2.266803;49.001426
95574_0400_00024;24;;Rue de Montlignon;95390;95574;Saint-Prix;;;2.280316;49.01183
95574_0070_00018;18;;Rue de l’Audience;95390;95574;Saint-Prix;;;2.263663;48.999069
95574_u3qxk0_00007;7;;Ferme de Saint-Prix;95390;95574;Saint-Prix;;;2.263328;49.007549
95574_tmexl7_00041;41;;Rue Louis et Gérard Donzelle;95390;95574;Saint-Prix;;;2.258907;49.011079
95574_tmexl7_00033;33;;Rue Louis et Gérard Donzelle;95390;95574;Saint-Prix;;;2.259696;49.011039
95574_0235_00108;108;;Avenue du Général Leclerc;95390;95574;Saint-Prix;;;2.255844;49.009167
95574_0140_00085_bis;85;bis;Rue du Colonel Fabien;95390;95574;Saint-Prix;;;2.256232;49.004648
95574_tmexl7_00015;15;;Rue Louis et Gérard Donzelle;95390;95574;Saint-Prix;;;2.261527;49.01061
95574_0320_00018;18;;Chemin de la Justice;95390;95574;Saint-Prix;;;2.269963;49.010572
95574_0030_00008;8;;Rue Anatole France;95390;95574;Saint-Prix;;;2.258723;49.000294
95574_0190_00043;43;;Rue d’Ermont;95390;95574;Saint-Prix;;;2.261952;49.007029
95574_0310_00017;17;;Rue Jean Mermoz;95390;95574;Saint-Prix;;;2.257938;49.001432
95574_0460_00071;71;;Rue Pierre Curie;95390;95574;Saint-Prix;;;2.259639;49.009052
95574_0460_00041;41;;Rue Pierre Curie;95390;95574;Saint-Prix;;;2.257064;49.00832
95574_0466_00050;50;;Sentier du Pré Acqueville;95390;95574;Saint-Prix;;;2.257072;49.014621
95574_0460_00040;40;;Rue Pierre Curie;95390;95574;Saint-Prix;;;2.257159;49.008423
95574_0100_00014;14;;Avenue du Bois;95390;95574;Saint-Prix;;;2.255177;49.007814
95574_0280_00018;18;;Allée Hector Carlin;95390;95574;Saint-Prix;;;2.260554;49.000108
95574_0472_00017;17;;Villa des Reines-Claudes;95390;95574;Saint-Prix;;;2.268179;49.008018
95574_0390_00004;4;;Rue Michel Cauchez;95390;95574;Saint-Prix;;;2.256628;49.005526
95574_tmexl7_00027;27;;Rue Louis et Gérard Donzelle;95390;95574;Saint-Prix;;;2.260519;49.010942
95574_0110_00005;5;;Rue du Château de la Chasse;95390;95574;Saint-Prix;;;2.277623;49.014838
95574_0030_00048;48;;Rue Anatole France;95390;95574;Saint-Prix;;;2.256293;49.001462
95574_0111_00007;7;;Villa des Calvilles;95390;95574;Saint-Prix;;;2.266157;49.005017
95574_0530_00033;33;;Rue de l’Yser;95390;95574;Saint-Prix;;;2.259973;49.012779
95574_0140_00108_bis;108;bis;Rue du Colonel Fabien;95390;95574;Saint-Prix;;;2.253477;49.00296
95574_0222_00008;8;;Villa Frédéric Chopin;95390;95574;Saint-Prix;;;2.260473;49.011987
95574_0306_00012;12;;Rue Jean de La Fontaine;95390;95574;Saint-Prix;;;2.256099;49.010949
95574_0303_00002;2;;Allée des Jardins de la Reine Hortense;95390;95574;Saint-Prix;;;2.261586;49.01677
95574_0530_00013;13;;Rue de l’Yser;95390;95574;Saint-Prix;;;2.262068;49.012227
95574_0460_00005;5;;Rue Pierre Curie;95390;95574;Saint-Prix;;;2.253617;49.006255
95574_0410_00009;9;;Route de Montmorency;95390;95574;Saint-Prix;;;2.268547;49.008411
95574_0420_00006;6;;Route des Parquets;95390;95574;Saint-Prix;;;2.27972;49.018337
95574_0190_00023_bis;23;bis;Rue d’Ermont;95390;95574;Saint-Prix;;;2.262477;49.008293
95574_tmexl7_00059;59;;Rue Louis et Gérard Donzelle;95390;95574;Saint-Prix;;;2.257167;49.011679
95574_0235_00091_bis;91;bis;Avenue du Général Leclerc;95390;95574;Saint-Prix;;;2.25783;49.00691
95574_0416_00032;32;;Chemin des Murs Blancs;95390;95574;Saint-Prix;;;2.259711;49.01371
95574_0112_00017;17;;Villa Charles Peguy;95390;95574;Saint-Prix;;;2.262438;48.999438
95574_0190_00144;144;;Rue d’Ermont;95390;95574;Saint-Prix;;;2.259178;48.999889
95574_0107_00005;5;;Villa des Reinettes;95390;95574;Saint-Prix;;;2.266707;49.005533
95574_0384_00009;9;;Rue des Mauprès;95390;95574;Saint-Prix;;;2.268121;49.0105
95574_0104_00015;15;;Avenue du Bois du Luat;95390;95574;Saint-Prix;;;2.265976;49.006551
95574_0430_00034_bis;34;bis;Rue Pasteur;95390;95574;Saint-Prix;;;2.265444;49.003828
95574_0190_00011;11;;Rue d’Ermont;95390;95574;Saint-Prix;;;2.262943;49.009177
95574_0190_00091_bis;91;bis;Rue d’Ermont;95390;95574;Saint-Prix;;;2.259656;49.002251
95574_0450_00020;20;;Allée des Peupliers;95390;95574;Saint-Prix;;;2.261945;49.000469
95574_0459_00006;6;;Villa Pierre Corneille;95390;95574;Saint-Prix;;;2.258127;49.013032
95574_0316_00009;9;;Allée Joachim du Bellay;95390;95574;Saint-Prix;;;2.260579;49.010216
95574_0235_00073_bis;73;bis;Avenue du Général Leclerc;95390;95574;Saint-Prix;;;2.259219;49.005552
95574_0100_00003_bis;3;bis;Avenue du Bois;95390;95574;Saint-Prix;;;2.255871;49.008083
95574_rwuloh_00018;18;;Rue Rouget de Lisle;95390;95574;Saint-Prix;;;2.257704;49.000107
95574_0510_00011_bis;11;bis;Rue de Rubelles;95390;95574;Saint-Prix;;;2.264991;49.013834
95574_0472_00008;8;;Villa des Reines-Claudes;95390;95574;Saint-Prix;;;2.267008;49.008299
95574_tmexl7_00025_bis;25;bis;Rue Louis et Gérard Donzelle;95390;95574;Saint-Prix;;;2.259408;49.011059
95574_0519_00015;15;;Sente des Valavons;95390;95574;Saint-Prix;;;2.269902;49.011203
95574_0290_00003;3;;Rue Hector Carlin;95390;95574;Saint-Prix;;;2.263482;49.00083
95574_0080_00074;74;;Rue Auguste Rey;95390;95574;Saint-Prix;;;2.26584;49.016076
95574_0030_00002_bis;2;bis;Rue Anatole France;95390;95574;Saint-Prix;;;2.258986;48.999808
95574_0390_00009;9;;Rue Michel Cauchez;95390;95574;Saint-Prix;;;2.256455;49.005555
95574_0190_00078;78;;Rue d’Ermont;95390;95574;Saint-Prix;;;2.260861;49.005089
95574_0140_00067;67;;Rue du Colonel Fabien;95390;95574;Saint-Prix;;;2.257932;49.005736
95574_0320_00009;9;;Chemin de la Justice;95390;95574;Saint-Prix;;;2.269012;49.011012
95574_0190_00022;22;;Rue d’Ermont;95390;95574;Saint-Prix;;;2.262667;49.008942
95574_tmexl7_00014;14;;Rue Louis et Gérard Donzelle;95390;95574;Saint-Prix;;;2.262003;49.010543
95574_0080_00005;5;;Rue Auguste Rey;95390;95574;Saint-Prix;;;2.271919;49.013927
95574_0140_00125;125;;Rue du Colonel Fabien;95390;95574;Saint-Prix;;;2.25317;49.002575
95574_0390_00008;8;;Rue Michel Cauchez;95390;95574;Saint-Prix;;;2.25648;49.00566
95574_0107_00006;6;;Villa des Reinettes;95390;95574;Saint-Prix;;;2.266365;49.005741
95574_0460_00021;21;;Rue Pierre Curie;95390;95574;Saint-Prix;;;2.25526;49.0072
95574_0190_00030;30;;Rue d’Ermont;95390;95574;Saint-Prix;;;2.262457;49.008535
95574_rwuloh_00020;20;;Rue Rouget de Lisle;95390;95574;Saint-Prix;;;2.257595;49.000152
95574_0030_00025;25;;Rue Anatole France;95390;95574;Saint-Prix;;;2.257868;49.000736
95574_0306_00002;2;;Rue Jean de La Fontaine;95390;95574;Saint-Prix;;;2.257469;49.011543
95574_0370_00026;26;;Rue du Maréchal Joffre;95390;95574;Saint-Prix;;;2.25449;49.00111
95574_0265_00004;4;;Chemin de la Grande Sente;95390;95574;Saint-Prix;;;2.272217;49.013141
95574_0112_00056;56;;Villa Charles Peguy;95390;95574;Saint-Prix;;;2.262415;48.999245
95574_0310_00008;8;;Rue Jean Mermoz;95390;95574;Saint-Prix;;;2.258635;49.001252
95574_0070_00014;14;;Rue de l’Audience;95390;95574;Saint-Prix;;;2.263826;48.999493
95574_0430_00003;3;;Rue Pasteur;95390;95574;Saint-Prix;;;2.264447;49.001139
95574_0360_00002;2;;Rue Maignan Larivière;95390;95574;Saint-Prix;;;2.264732;49.016396
95574_tmexl7_00006_ter;6;ter;Rue Louis et Gérard Donzelle;95390;95574;Saint-Prix;;;2.262492;49.010398
95574_tmexl7_00074;74;;Rue Louis et Gérard Donzelle;95390;95574;Saint-Prix;;;2.255586;49.012222
95574_0521_00002_bis;2;bis;Chemin Vert;95390;95574;Saint-Prix;;;2.266263;49.001996
95574_0242_00021;21;;Allée Georges Brassens;95390;95574;Saint-Prix;;;2.258769;49.010247
95574_0190_00023;23;;Rue d’Ermont;95390;95574;Saint-Prix;;;2.2625;49.008331
95574_0530_00073;73;;Rue de l’Yser;95390;95574;Saint-Prix;;;2.257469;49.013691
95574_0190_00064;64;;Rue d’Ermont;95390;95574;Saint-Prix;;;2.261643;49.006522
95574_0280_00031;31;;Allée Hector Carlin;95390;95574;Saint-Prix;;;2.259926;48.999898
95574_0020_00014;14;;Rue Alexandre Ribot;95390;95574;Saint-Prix;;;2.258457;49.007342
95574_tmexl7_00070;70;;Rue Louis et Gérard Donzelle;95390;95574;Saint-Prix;;;2.256384;49.012075
95574_0090_00006_bis;6;bis;Rue des Beaux Sites;95390;95574;Saint-Prix;;;2.267653;49.004467
95574_0100_00013;13;;Avenue du Bois;95390;95574;Saint-Prix;;;2.255044;49.00766
95574_0235_00106_bis;106;bis;Avenue du Général Leclerc;95390;95574;Saint-Prix;;;2.256079;49.009587
95574_0430_00064;64;;Rue Pasteur;95390;95574;Saint-Prix;;;2.264829;49.006597
95574_0274_00004;4;;Villa des Griottes;95390;95574;Saint-Prix;;;2.265014;49.008923
95574_0518_00003;3;;Allée des Tilleuls;95390;95574;Saint-Prix;;;2.260229;49.001866
95574_0190_00007;7;;Rue d’Ermont;95390;95574;Saint-Prix;;;2.263068;49.009321
95574_0118_00013;13;;Allée des Châtaigniers;95390;95574;Saint-Prix;;;2.267402;49.01226
95574_0190_00150_bis;150;bis;Rue d’Ermont;95390;95574;Saint-Prix;;;2.259162;48.99971
95574_0510_00009;9;;Rue de Rubelles;95390;95574;Saint-Prix;;;2.265013;49.014208
95574_0463_00005;5;;Rue des Poiriers Réaux;95390;95574;Saint-Prix;;;2.265286;49.008566
95574_0235_00052;52;;Avenue du Général Leclerc;95390;95574;Saint-Prix;;;2.259782;49.005223
95574_0430_00001;1;;Rue Pasteur;95390;95574;Saint-Prix;;;2.264338;49.001025
95574_0222_00013;13;;Villa Frédéric Chopin;95390;95574;Saint-Prix;;;2.261132;49.011363
95574_0190_00105;105;;Rue d’Ermont;95390;95574;Saint-Prix;;;2.259431;49.001051
95574_0400_00022;22;;Rue de Montlignon;95390;95574;Saint-Prix;;;2.277427;49.012733
95574_0510_00050;50;;Rue de Rubelles;95390;95574;Saint-Prix;;;2.263443;49.01059
95574_tqat9w_00033_q;33;q;Rue Albert 1er;95390;95574;Saint-Prix;;;2.257246;49.002681
95574_0080_00066;66;;Rue Auguste Rey;95390;95574;Saint-Prix;;;2.266268;49.016017
95574_0510_00016_bis;16;bis;Rue de Rubelles;95390;95574;Saint-Prix;;;2.26489;49.013888
95574_0070_00022_bis;22;bis;Rue de l’Audience;95390;95574;Saint-Prix;;;2.263534;48.998731
95574_0112_00038;38;;Villa Charles Peguy;95390;95574;Saint-Prix;;;2.262321;48.999132
95574_0472_00021;21;;Villa des Reines-Claudes;95390;95574;Saint-Prix;;;2.268143;49.007887
95574_0420_00012;12;;Route des Parquets;95390;95574;Saint-Prix;;;2.279365;49.019348
95574_0135_00001;1;;Allée Claude Debussy;95390;95574;Saint-Prix;;;2.257927;49.003551
95574_0190_00076_bis;76;bis;Rue d’Ermont;95390;95574;Saint-Prix;;;2.260911;49.005181
95574_0310_00060;60;;Rue Jean Mermoz;95390;95574;Saint-Prix;;;2.255675;49.001715
95574_0380_00007;7;;Rue de la Marne;95390;95574;Saint-Prix;;;2.265295;49.011861
95574_0530_00002;2;;Rue de l’Yser;95390;95574;Saint-Prix;;;2.2634;49.012096
95574_0340_00008_bis;8;bis;Rue de la Liberté;95390;95574;Saint-Prix;;;2.255306;49.005307
95574_0190_00096_a;96;a;Rue d’Ermont;95390;95574;Saint-Prix;;;2.259785;49.003214
95574_0190_00059;59;;Rue d’Ermont;95390;95574;Saint-Prix;;;2.261143;49.005353
95574_a272_00011;11;;Villa des Grands Clos;95390;95574;Saint-Prix;;;2.262694;49.013621
95574_0290_00029;29;;Rue Hector Carlin;95390;95574;Saint-Prix;;;2.260319;48.999888
95574_0070_00002;2;;Rue de l’Audience;95390;95574;Saint-Prix;;;2.264183;49.000552
95574_0021_00003;3;;Villa Alfred de Musset;95390;95574;Saint-Prix;;;2.253858;49.004062
95574_0100_00016;16;;Avenue du Bois;95390;95574;Saint-Prix;;;2.255069;49.007769
95574_0190_00082;82;;Rue d’Ermont;95390;95574;Saint-Prix;;;2.260463;49.004825
95574_0410_00007;7;;Route de Montmorency;95390;95574;Saint-Prix;;;2.268226;49.008551
95574_0306_00011;11;;Rue Jean de La Fontaine;95390;95574;Saint-Prix;;;2.256613;49.010626
95574_hm1f3o_00021;21;;Route du Plumet;95390;95574;Saint-Prix;;;2.272111;49.022774
95574_0400_00030;30;;Rue de Montlignon;95390;95574;Saint-Prix;;;2.278869;49.012268
95574_0419_00011;11;;Avenue du Parc;95390;95574;Saint-Prix;;;2.268143;49.013593
95574_0235_00111;111;;Avenue du Général Leclerc;95390;95574;Saint-Prix;;;2.256395;49.008377
95574_0106_00003;3;;Sente des Buviers;95390;95574;Saint-Prix;;;2.269336;49.009828
95574_0235_00099_ter;99;ter;Avenue du Général Leclerc;95390;95574;Saint-Prix;;;2.257283;49.007535
95574_rwuloh_00017;17;;Rue Rouget de Lisle;95390;95574;Saint-Prix;;;2.257114;49.000258
95574_0520_00031;31;;Rue Victor Hugo;95390;95574;Saint-Prix;;;2.263424;49.005703
95574_0430_00070;70;;Rue Pasteur;95390;95574;Saint-Prix;;;2.26457;49.007565
95574_0530_00015;15;;Rue de l’Yser;95390;95574;Saint-Prix;;;2.261802;49.012288
95574_0400_00056;56;;Rue de Montlignon;95390;95574;Saint-Prix;;;2.279938;49.011861
95574_0254_00001;1;;Chemin du Grand Clos;95390;95574;Saint-Prix;;;2.26461;49.013433
95574_0290_00033;33;;Rue Hector Carlin;95390;95574;Saint-Prix;;;2.259773;48.999903
95574_0137_00005;5;;Allée du Clos Rouillard;95390;95574;Saint-Prix;;;2.268665;49.010026
95574_0190_00001_bis;1;bis;Rue d’Ermont;95390;95574;Saint-Prix;;;2.263361;49.010019
95574_tmexl7_00033_ter;33;ter;Rue Louis et Gérard Donzelle;95390;95574;Saint-Prix;;;2.259328;49.011052
95574_0151_00009;9;;Rue de la Croix Saint-Jacques;95390;95574;Saint-Prix;;;2.265795;49.016429
95574_0212_00013;13;;Clos des Vergers;95390;95574;Saint-Prix;;;2.271195;49.007601
95574_0190_00018;18;;Rue d’Ermont;95390;95574;Saint-Prix;;;2.262743;49.009108
95574_0020_00001;1;;Rue Alexandre Ribot;95390;95574;Saint-Prix;;;2.258523;49.006936
95574_0400_00020;20;;Rue de Montlignon;95390;95574;Saint-Prix;;;2.27719;49.012793
95574_0135_00008;8;;Allée Claude Debussy;95390;95574;Saint-Prix;;;2.256366;49.003887
95574_0220_00005_bis;5;bis;Sente des Fréculs;95390;95574;Saint-Prix;;;2.277919;49.00995
95574_0090_00007;7;;Rue des Beaux Sites;95390;95574;Saint-Prix;;;2.268021;49.004389
95574_b028_00002;2;;Domaine de la Rocaille;95390;95574;Saint-Prix;;;2.26427;49.001688
95574_0430_00013;13;;Rue Pasteur;95390;95574;Saint-Prix;;;2.265037;49.001773
95574_0490_00017;17;;Rue Robert Thomas;95390;95574;Saint-Prix;;;2.266475;49.003737
95574_0132_00003;3;;Villa César Franck;95390;95574;Saint-Prix;;;2.253874;49.00518
95574_0190_00060;60;;Rue d’Ermont;95390;95574;Saint-Prix;;;2.261779;49.006887
95574_0490_00049;49;;Rue Robert Thomas;95390;95574;Saint-Prix;;;2.268608;49.005917
95574_0430_00061_ter;61;ter;Rue Pasteur;95390;95574;Saint-Prix;;;2.263952;49.008843
95574_a260_00006;6;;Cité Gambetta;95390;95574;Saint-Prix;;;2.256177;49.001101
95574_0458_00005;5;;Villa Pierre de Ronsard;95390;95574;Saint-Prix;;;2.259868;49.010604
95574_0235_00082;82;;Avenue du Général Leclerc;95390;95574;Saint-Prix;;;2.257112;49.007906
95574_0250_00060;60;;Rue Georges Ribordy;95390;95574;Saint-Prix;;;2.274838;49.009977
95574_tmexl7_00028;28;;Rue Louis et Gérard Donzelle;95390;95574;Saint-Prix;;;2.260778;49.010954
95574_0222_00016;16;;Villa Frédéric Chopin;95390;95574;Saint-Prix;;;2.260452;49.011689
95574_0400_00014;14;;Rue de Montlignon;95390;95574;Saint-Prix;;;2.276346;49.012979
95574_0530_00039;39;;Rue de l’Yser;95390;95574;Saint-Prix;;;2.259629;49.012927
95574_0524_00002;2;;Villa Boileau;95390;95574;Saint-Prix;;;2.26386;49.000352
95574_0190_00037;37;;Rue d’Ermont;95390;95574;Saint-Prix;;;2.262065;49.007394
95574_0112_00032;32;;Villa Charles Peguy;95390;95574;Saint-Prix;;;2.26225;48.999047
95574_0112_00014;14;;Villa Charles Peguy;95390;95574;Saint-Prix;;;2.261958;48.998898
95574_0355_00005;5;;Allée de la Louvette;95390;95574;Saint-Prix;;;2.254638;49.002502
95574_0450_00009;9;;Allée des Peupliers;95390;95574;Saint-Prix;;;2.262597;49.001063
95574_0190_00124;124;;Rue d’Ermont;95390;95574;Saint-Prix;;;2.259317;49.001052
95574_0118_00006;6;;Allée des Châtaigniers;95390;95574;Saint-Prix;;;2.267175;49.012404
95574_0200_00001_bis;1;bis;Rue de l’Explorateur Delaporte;95390;95574;Saint-Prix;;;2.264432;49.015949
95574_0340_00002;2;;Rue de la Liberté;95390;95574;Saint-Prix;;;2.255882;49.004713
95574_0450_00017;17;;Allée des Peupliers;95390;95574;Saint-Prix;;;2.262326;49.000757
95574_0400_00036_ter;36;ter;Rue de Montlignon;95390;95574;Saint-Prix;;;2.280341;49.011735
95574_0513_00010;10;;Allée des Sequoias;95390;95574;Saint-Prix;;;2.270639;49.006155
95574_0430_00016;16;;Rue Pasteur;95390;95574;Saint-Prix;;;2.265201;49.001814
95574_0462_00004;4;;Rue de la Poste;95390;95574;Saint-Prix;;;2.260976;49.007113
95574_tmexl7_00075;75;;Rue Louis et Gérard Donzelle;95390;95574;Saint-Prix;;;2.256198;49.012014
95574_0360_00018;18;;Rue Maignan Larivière;95390;95574;Saint-Prix;;;2.263418;49.016552
95574_0190_00038;38;;Rue d’Ermont;95390;95574;Saint-Prix;;;2.262233;49.008124
95574_0080_00058;58;;Rue Auguste Rey;95390;95574;Saint-Prix;;;2.266987;49.016095
95574_0140_00102;102;;Rue du Colonel Fabien;95390;95574;Saint-Prix;;;2.254244;49.003586
95574_0419_00004;4;;Avenue du Parc;95390;95574;Saint-Prix;;;2.266452;49.013566
95574_0030_00029;29;;Rue Anatole France;95390;95574;Saint-Prix;;;2.257681;49.00081
95574_0235_00004;4;;Avenue du Général Leclerc;95390;95574;Saint-Prix;;;2.26405;49.001086
95574_0490_00044;44;;Rue Robert Thomas;95390;95574;Saint-Prix;;;2.269066;49.006134
95574_0355_00007;7;;Allée de la Louvette;95390;95574;Saint-Prix;;;2.254729;49.002388
95574_0490_00029;29;;Rue Robert Thomas;95390;95574;Saint-Prix;;;2.267467;49.005023
95574_0151_00009_ter;9;ter;Rue de la Croix Saint-Jacques;95390;95574;Saint-Prix;;;2.265946;49.016774
95574_0140_00121;121;;Rue du Colonel Fabien;95390;95574;Saint-Prix;;;2.253435;49.002814
95574_0107_00008;8;;Villa des Reinettes;95390;95574;Saint-Prix;;;2.265764;49.005567
95574_0140_00100;100;;Rue du Colonel Fabien;95390;95574;Saint-Prix;;;2.254372;49.003682
95574_0211_00004;4;;Rue de la Ferme de Saint-Prix;95390;95574;Saint-Prix;;;2.263089;49.008379
95574_0370_00036_bis;36;bis;Rue du Maréchal Joffre;95390;95574;Saint-Prix;;;2.253693;49.001476
95574_0400_00021;21;;Rue de Montlignon;95390;95574;Saint-Prix;;;2.28004;49.012357
95574_0190_00017;17;;Rue d’Ermont;95390;95574;Saint-Prix;;;2.262726;49.008747
95574_0524_00006;6;;Villa Boileau;95390;95574;Saint-Prix;;;2.263672;49.000128
95574_0100_00018;18;;Avenue du Bois;95390;95574;Saint-Prix;;;2.254906;49.007698
95574_0021_00004_bis;4;bis;Villa Alfred de Musset;95390;95574;Saint-Prix;;;2.25331;49.004897
95574_eoqzfr_00001;1;;Avenue du 8 Mai 1945;95390;95574;Saint-Prix;;;2.26053;48.999863
95574_0070_00004;4;;Rue de l’Audience;95390;95574;Saint-Prix;;;2.26407;49.000206
95574_0442_00003;3;;Sente de la Petite Voirie;95390;95574;Saint-Prix;;;2.271162;49.008089
95574_0030_00002;2;;Rue Anatole France;95390;95574;Saint-Prix;;;2.259045;48.999692
95574_tmexl7_00012;12;;Rue Louis et Gérard Donzelle;95390;95574;Saint-Prix;;;2.262129;49.010511
95574_0421_00004;4;;Villa des Passes Crassanes;95390;95574;Saint-Prix;;;2.267023;49.006804
95574_0220_00003;3;;Sente des Fréculs;95390;95574;Saint-Prix;;;2.277472;49.010042
95574_0250_00130;130;;Rue Georges Ribordy;95390;95574;Saint-Prix;;;2.27787;49.00914
95574_b028_00005;5;;Domaine de la Rocaille;95390;95574;Saint-Prix;;;2.264603;49.002061
95574_0290_00021;21;;Rue Hector Carlin;95390;95574;Saint-Prix;;;2.261189;48.999998
95574_0490_00025;25;;Rue Robert Thomas;95390;95574;Saint-Prix;;;2.267198;49.004688
95574_0386_00006;6;;Villa des Merisiers;95390;95574;Saint-Prix;;;2.269909;49.007386
95574_0235_00066;66;;Avenue du Général Leclerc;95390;95574;Saint-Prix;;;2.258445;49.006517
95574_0320_00016;16;;Chemin de la Justice;95390;95574;Saint-Prix;;;2.269852;49.010614
95574_0189_00003;3;;Allée des Érables;95390;95574;Saint-Prix;;;2.266946;49.014323
95574_0530_00046;46;;Rue de l’Yser;95390;95574;Saint-Prix;;;2.25568;49.01397
95574_0200_00012;12;;Rue de l’Explorateur Delaporte;95390;95574;Saint-Prix;;;2.26037;49.015961
95574_0140_00084;84;;Rue du Colonel Fabien;95390;95574;Saint-Prix;;;2.255509;49.004379
95574_0381_00007;7;;Allée des Marronniers;95390;95574;Saint-Prix;;;2.266277;49.014717
95574_0417_00002;2;;Impasse Notre-Dame;95390;95574;Saint-Prix;;;2.264352;49.017406
95574_tmexl7_00008;8;;Rue Louis et Gérard Donzelle;95390;95574;Saint-Prix;;;2.262409;49.010419
95574_0310_00001_a;1;a;Rue Jean Mermoz;95390;95574;Saint-Prix;;;2.259186;49.000962
95574_0030_00035;35;;Rue Anatole France;95390;95574;Saint-Prix;;;2.257327;49.000954
95574_0235_00091;91;;Avenue du Général Leclerc;95390;95574;Saint-Prix;;;2.257889;49.006847
95574_0020_00008;8;;Rue Alexandre Ribot;95390;95574;Saint-Prix;;;2.258662;49.007
95574_a272_00010;10;;Villa des Grands Clos;95390;95574;Saint-Prix;;;2.261655;49.013993
95574_0290_00020;20;;Rue Hector Carlin;95390;95574;Saint-Prix;;;2.260039;48.999952
95574_0210_00010;10;;Allée des Fauvettes;95390;95574;Saint-Prix;;;2.261788;49.001522
95574_0190_00025;25;;Rue d’Ermont;95390;95574;Saint-Prix;;;2.262413;49.008171
95574_0417_00006;6;;Impasse Notre-Dame;95390;95574;Saint-Prix;;;2.264352;49.017406
95574_0490_00015;15;;Rue Robert Thomas;95390;95574;Saint-Prix;;;2.266445;49.0037
95574_0340_00007_ter;7;ter;Rue de la Liberté;95390;95574;Saint-Prix;;;2.255082;49.005557
95574_tmexl7_00036;36;;Rue Louis et Gérard Donzelle;95390;95574;Saint-Prix;;;2.259783;49.011111
95574_0397_00021;21;;Villa Molière;95390;95574;Saint-Prix;;;2.260719;49.001144
95574_0030_00006;6;;Rue Anatole France;95390;95574;Saint-Prix;;;2.258801;49.000152
95574_0132_00010;10;;Villa César Franck;95390;95574;Saint-Prix;;;2.25412;49.005314
95574_0080_00030;30;;Rue Auguste Rey;95390;95574;Saint-Prix;;;2.268368;49.015464
95574_0080_00011;11;;Rue Auguste Rey;95390;95574;Saint-Prix;;;2.268077;49.015603
95574_0460_00075_bis;75;bis;Rue Pierre Curie;95390;95574;Saint-Prix;;;2.260063;49.009173
95574_0360_00005;5;;Rue Maignan Larivière;95390;95574;Saint-Prix;;;2.263583;49.016457
95574_0290_00035;35;;Rue Hector Carlin;95390;95574;Saint-Prix;;;2.259529;48.99993
95574_0380_00010;10;;Rue de la Marne;95390;95574;Saint-Prix;;;2.267277;49.011549
95574_0030_00011;11;;Rue Anatole France;95390;95574;Saint-Prix;;;2.258578;49.000324
95574_0235_00066_bis;66;bis;Avenue du Général Leclerc;95390;95574;Saint-Prix;;;2.258488;49.006472
95574_0460_00033;33;;Rue Pierre Curie;95390;95574;Saint-Prix;;;2.255952;49.007677
95574_0250_00040;40;;Rue Georges Ribordy;95390;95574;Saint-Prix;;;2.27247;49.010801
95574_0340_00005_bis;5;bis;Rue de la Liberté;95390;95574;Saint-Prix;;;2.255201;49.005329
95574_0510_00019;19;;Rue de Rubelles;95390;95574;Saint-Prix;;;2.264702;49.013379
95574_0190_00152_bis;152;bis;Rue d’Ermont;95390;95574;Saint-Prix;;;2.259163;48.99971
95574_0095_00001_ter;1;ter;Rue des Bleuets;95390;95574;Saint-Prix;;;2.259921;49.006404
95574_0392_00002;2;;Allée Michel-Jean Sedaine;95390;95574;Saint-Prix;;;2.258214;49.008961
95574_0210_00003;3;;Allée des Fauvettes;95390;95574;Saint-Prix;;;2.262265;49.001281
95574_0142_00003;3;;Rue de la Commanderie;95390;95574;Saint-Prix;;;2.264023;49.007129
95574_0460_00057_bis;57;bis;Rue Pierre Curie;95390;95574;Saint-Prix;;;2.258804;49.008806
95574_0190_00088;88;;Rue d’Ermont;95390;95574;Saint-Prix;;;2.26008;49.003713
95574_rwuloh_00001_bis;1;bis;Rue Rouget de Lisle;95390;95574;Saint-Prix;;;2.258438;48.999676
95574_rwuloh_00026;26;;Rue Rouget de Lisle;95390;95574;Saint-Prix;;;2.257277;49.000284
95574_0318_00003;3;;Rue Jehan de Thor;95390;95574;Saint-Prix;;;2.259097;49.009426
95574_0384_00003;3;;Rue des Mauprès;95390;95574;Saint-Prix;;;2.267548;49.009747
95574_0080_00052;52;;Rue Auguste Rey;95390;95574;Saint-Prix;;;2.26735;49.016011
95574_0490_00021;21;;Rue Robert Thomas;95390;95574;Saint-Prix;;;2.266589;49.00389
95574_0211_00003;3;;Rue de la Ferme de Saint-Prix;95390;95574;Saint-Prix;;;2.262916;49.008434
95574_0140_00046;46;;Rue du Colonel Fabien;95390;95574;Saint-Prix;;;2.259956;49.007566
95574_0280_00009;9;;Allée Hector Carlin;95390;95574;Saint-Prix;;;2.262993;49.000547
95574_0310_00032;32;;Rue Jean Mermoz;95390;95574;Saint-Prix;;;2.256714;49.001997
95574_0080_00004;4;;Rue Auguste Rey;95390;95574;Saint-Prix;;;2.270585;49.014564
95574_0140_00093;93;;Rue du Colonel Fabien;95390;95574;Saint-Prix;;;2.255283;49.004148
95574_0530_00008;8;;Rue de l’Yser;95390;95574;Saint-Prix;;;2.26198;49.012319
95574_0170_00003;3;;Rue Édith Cavell;95390;95574;Saint-Prix;;;2.25557;49.012515
95574_0030_00010;10;;Rue Anatole France;95390;95574;Saint-Prix;;;2.258626;49.000467
95574_0470_00021;21;;Rue de Reinebourg;95390;95574;Saint-Prix;;;2.268757;49.011916
95574_0490_00053;53;;Rue Robert Thomas;95390;95574;Saint-Prix;;;2.269173;49.006295
95574_0080_00043;43;;Rue Auguste Rey;95390;95574;Saint-Prix;;;2.265402;49.01611
95574_0190_00108;108;;Rue d’Ermont;95390;95574;Saint-Prix;;;2.259476;49.002068
95574_0250_00098;98;;Rue Georges Ribordy;95390;95574;Saint-Prix;;;2.275872;49.010193
95574_0190_00009;9;;Rue d’Ermont;95390;95574;Saint-Prix;;;2.263023;49.009221
95574_0080_00015;15;;Rue Auguste Rey;95390;95574;Saint-Prix;;;2.267453;49.015929
95574_0421_00015;15;;Villa des Passes Crassanes;95390;95574;Saint-Prix;;;2.266618;49.007595
95574_0460_00014_ter;14;ter;Rue Pierre Curie;95390;95574;Saint-Prix;;;2.254587;49.006876
95574_0310_00033;33;;Rue Jean Mermoz;95390;95574;Saint-Prix;;;2.256947;49.001815
95574_xezqpe_00017;17;;rue du colonel fabien;95390;95574;Saint-Prix;;;2.268485;49.00357
95574_0140_00007;7;;Rue du Colonel Fabien;95390;95574;Saint-Prix;;;2.261879;49.009669
95574_0140_00064;64;;Rue du Colonel Fabien;95390;95574;Saint-Prix;;;2.258925;49.006453
95574_a205_00016;16;;Résidence de l’Amandier;95390;95574;Saint-Prix;;;2.26215;49.011416
95574_0140_00076;76;;Rue du Colonel Fabien;95390;95574;Saint-Prix;;;2.257219;49.005393
95574_0360_00011;11;;Rue Maignan Larivière;95390;95574;Saint-Prix;;;2.262627;49.016656
95574_0280_00006;6;;Allée Hector Carlin;95390;95574;Saint-Prix;;;2.261958;48.999757
95574_0513_00012;12;;Allée des Sequoias;95390;95574;Saint-Prix;;;2.270796;49.006049
95574_0140_00070;70;;Rue du Colonel Fabien;95390;95574;Saint-Prix;;;2.257733;49.00571
95574_0513_00014;14;;Allée des Sequoias;95390;95574;Saint-Prix;;;2.270977;49.00596
95574_0190_00051;51;;Rue d’Ermont;95390;95574;Saint-Prix;;;2.261624;49.006234
95574_0107_00003;3;;Villa des Reinettes;95390;95574;Saint-Prix;;;2.266685;49.005691
95574_0242_00029;29;;Allée Georges Brassens;95390;95574;Saint-Prix;;;2.258291;49.010374
95574_0460_00011;11;;Rue Pierre Curie;95390;95574;Saint-Prix;;;2.254123;49.0065
95574_0510_00010;10;;Rue de Rubelles;95390;95574;Saint-Prix;;;2.265357;49.015604
95574_0310_00048;48;;Rue Jean Mermoz;95390;95574;Saint-Prix;;;2.25614;49.002137
95574_0310_00054;54;;Rue Jean Mermoz;95390;95574;Saint-Prix;;;2.255883;49.001939
95574_0189_00007;7;;Allée des Érables;95390;95574;Saint-Prix;;;2.267611;49.014314
95574_0080_00025;25;;Rue Auguste Rey;95390;95574;Saint-Prix;;;2.266788;49.015968
95574_0521_00004;4;;Chemin Vert;95390;95574;Saint-Prix;;;2.266717;49.00178
95574_0450_00018;18;;Allée des Peupliers;95390;95574;Saint-Prix;;;2.262038;49.000577
95574_0340_00005;5;;Rue de la Liberté;95390;95574;Saint-Prix;;;2.255244;49.005272
95574_0110_00009;9;;Rue du Château de la Chasse;95390;95574;Saint-Prix;;;2.280487;49.016803
95574_0510_00018;18;;Rue de Rubelles;95390;95574;Saint-Prix;;;2.264878;49.013835
95574_xezqpe_00003;3;;rue du colonel fabien;95390;95574;Saint-Prix;;;2.267183;49.004127
95574_0250_00016;16;;Rue Georges Ribordy;95390;95574;Saint-Prix;;;2.270668;49.011559
95574_0400_00026;26;;Rue de Montlignon;95390;95574;Saint-Prix;;;2.278514;49.01242
95574_0112_00007;7;;Villa Charles Peguy;95390;95574;Saint-Prix;;;2.261992;48.998987
95574_0235_00097;97;;Avenue du Général Leclerc;95390;95574;Saint-Prix;;;2.257382;49.007433
95574_0030_00021;21;;Rue Anatole France;95390;95574;Saint-Prix;;;2.258064;49.000655
95574_a308_00005;5;;Villa Hector Carlin;95390;95574;Saint-Prix;;;2.263027;49.00034
95574_0080_00019;19;;Rue Auguste Rey;95390;95574;Saint-Prix;;;2.266926;49.015973
95574_0030_00004_ter;4;ter;Rue Anatole France;95390;95574;Saint-Prix;;;2.258928;48.999919
95574_0250_00126;126;;Rue Georges Ribordy;95390;95574;Saint-Prix;;;2.277543;49.00946
95574_0340_00019;19;;Rue de la Liberté;95390;95574;Saint-Prix;;;2.255068;49.006172
95574_0190_00105_bis;105;bis;Rue d’Ermont;95390;95574;Saint-Prix;;;2.259423;49.000977
95574_0160_00007;7;;Rue du Docteur Roux;95390;95574;Saint-Prix;;;2.265336;49.001005
95574_rwuloh_00050;50;;Rue Rouget de Lisle;95390;95574;Saint-Prix;;;2.255962;49.000985
95574_0530_00044_ter;44;ter;Rue de l’Yser;95390;95574;Saint-Prix;;;2.259326;49.013192
95574_0520_00017_bis;17;bis;Rue Victor Hugo;95390;95574;Saint-Prix;;;2.262514;49.004705
95574_0460_00019;19;;Rue Pierre Curie;95390;95574;Saint-Prix;;;2.255107;49.007086
95574_0080_00076_bis;76;bis;Rue Auguste Rey;95390;95574;Saint-Prix;;;2.265565;49.016126
95574_0140_00115;115;;Rue du Colonel Fabien;95390;95574;Saint-Prix;;;2.254048;49.003281
95574_0520_00039;39;;Rue Victor Hugo;95390;95574;Saint-Prix;;;2.264015;49.006344
95574_0235_00064;64;;Avenue du Général Leclerc;95390;95574;Saint-Prix;;;2.258956;49.006022
95574_0490_00051;51;;Rue Robert Thomas;95390;95574;Saint-Prix;;;2.268897;49.006106
95574_0212_00012;12;;Clos des Vergers;95390;95574;Saint-Prix;;;2.271097;49.007641
95574_rwuloh_00028;28;;Rue Rouget de Lisle;95390;95574;Saint-Prix;;;2.257138;49.00034
95574_0020_00028;28;;Rue Alexandre Ribot;95390;95574;Saint-Prix;;;2.257946;49.008093
95574_0380_00004_bis;4;bis;Rue de la Marne;95390;95574;Saint-Prix;;;2.266995;49.011615
95574_0380_00012;12;;Rue de la Marne;95390;95574;Saint-Prix;;;2.267395;49.011521
95574_0280_00003;3;;Allée Hector Carlin;95390;95574;Saint-Prix;;;2.261696;48.999943
95574_0490_00009_bis;9;bis;Rue Robert Thomas;95390;95574;Saint-Prix;;;2.265895;49.002936
95574_0310_00019;19;;Rue Jean Mermoz;95390;95574;Saint-Prix;;;2.25778;49.00149
95574_rwuloh_00022;22;;Rue Rouget de Lisle;95390;95574;Saint-Prix;;;2.257519;49.000183
95574_0316_00006;6;;Allée Joachim du Bellay;95390;95574;Saint-Prix;;;2.260594;49.010274
95574_0190_00006;6;;Rue d’Ermont;95390;95574;Saint-Prix;;;2.263072;49.009756
95574_0460_00025;25;;Rue Pierre Curie;95390;95574;Saint-Prix;;;2.255424;49.007308
95574_0522_00012;12;;Avenue des Vergers;95390;95574;Saint-Prix;;;2.26579;49.008035
95574_0222_00015;15;;Villa Frédéric Chopin;95390;95574;Saint-Prix;;;2.260977;49.011364
95574_0513_00022;22;;Allée des Sequoias;95390;95574;Saint-Prix;;;2.27048;49.006439
95574_0242_00011;11;;Allée Georges Brassens;95390;95574;Saint-Prix;;;2.259555;49.009856
95574_0090_00001_bis;1;bis;Rue des Beaux Sites;95390;95574;Saint-Prix;;;2.267583;49.004563
95574_0135_00004;4;;Allée Claude Debussy;95390;95574;Saint-Prix;;;2.2574;49.003811
95574_0212_00020;20;;Clos des Vergers;95390;95574;Saint-Prix;;;2.271419;49.007779
95574_0100_00007;7;;Avenue du Bois;95390;95574;Saint-Prix;;;2.255589;49.007923
95574_0318_00007;7;;Rue Jehan de Thor;95390;95574;Saint-Prix;;;2.258342;49.009768
95574_0030_00020;20;;Rue Anatole France;95390;95574;Saint-Prix;;;2.258325;49.000644
95574_0140_00027;27;;Rue du Colonel Fabien;95390;95574;Saint-Prix;;;2.260478;49.008011
95574_0131_00004;4;;Allée de la Cerisaie;95390;95574;Saint-Prix;;;2.258598;49.008053
95574_0212_00025;25;;Clos des Vergers;95390;95574;Saint-Prix;;;2.271664;49.008028
95574_0222_00002;2;;Villa Frédéric Chopin;95390;95574;Saint-Prix;;;2.261111;49.012246
95574_0510_00027;27;;Rue de Rubelles;95390;95574;Saint-Prix;;;2.264387;49.012887
95574_0137_00007;7;;Allée du Clos Rouillard;95390;95574;Saint-Prix;;;2.268851;49.009847
95574_0520_00043;43;;Rue Victor Hugo;95390;95574;Saint-Prix;;;2.264108;49.00645
95574_0140_00030_bis;30;bis;Rue du Colonel Fabien;95390;95574;Saint-Prix;;;2.260804;49.008506
95574_0518_00001;1;;Allée des Tilleuls;95390;95574;Saint-Prix;;;2.260639;49.001719
95574_0145_00001;1;;Place de la Croix Saint-Jacques;95390;95574;Saint-Prix;;;2.265984;49.016588
95574_tmexl7_00050;50;;Rue Louis et Gérard Donzelle;95390;95574;Saint-Prix;;;2.258478;49.011244
95574_0470_00016;16;;Rue de Reinebourg;95390;95574;Saint-Prix;;;2.268715;49.012138
95574_0510_00031;31;;Rue de Rubelles;95390;95574;Saint-Prix;;;2.264242;49.01259
95574_0140_00054;54;;Rue du Colonel Fabien;95390;95574;Saint-Prix;;;2.259359;49.006911
95574_0080_00070;70;;Rue Auguste Rey;95390;95574;Saint-Prix;;;2.266021;49.016047
95574_0400_00011;11;;Rue de Montlignon;95390;95574;Saint-Prix;;;2.277145;49.012806
95574_0310_00002;2;;Rue Jean Mermoz;95390;95574;Saint-Prix;;;2.259172;49.001045
95574_0030_00036;36;;Rue Anatole France;95390;95574;Saint-Prix;;;2.257222;49.001089
95574_0430_00076;76;;Rue Pasteur;95390;95574;Saint-Prix;;;2.264366;49.008231
95574_0235_00087;87;;Avenue du Général Leclerc;95390;95574;Saint-Prix;;;2.258217;49.005377
95574_tmexl7_00040;40;;Rue Louis et Gérard Donzelle;95390;95574;Saint-Prix;;;2.259405;49.011139
95574_0530_00075;75;;Rue de l’Yser;95390;95574;Saint-Prix;;;2.257339;49.013703
95574_0520_00045;45;;Rue Victor Hugo;95390;95574;Saint-Prix;;;2.264337;49.0067
95574_0300_00004;4;;Sente de l’Hôpital;95390;95574;Saint-Prix;;;2.262007;49.011421
95574_0254_00003;3;;Chemin du Grand Clos;95390;95574;Saint-Prix;;;2.263719;49.013597
95574_0522_00008;8;;Avenue des Vergers;95390;95574;Saint-Prix;;;2.265461;49.007643
95574_0470_00014;14;;Rue de Reinebourg;95390;95574;Saint-Prix;;;2.268901;49.012491
95574_0250_00015;15;;Rue Georges Ribordy;95390;95574;Saint-Prix;;;2.270121;49.011887
95574_0140_00091;91;;Rue du Colonel Fabien;95390;95574;Saint-Prix;;;2.255754;49.004379
95574_0190_00148;148;;Rue d’Ermont;95390;95574;Saint-Prix;;;2.259166;48.999743
95574_0513_00007;7;;Allée des Sequoias;95390;95574;Saint-Prix;;;2.270772;49.006817
95574_0140_00048_bis;48;bis;Rue du Colonel Fabien;95390;95574;Saint-Prix;;;2.259766;49.007361
95574_0513_00016;16;;Allée des Sequoias;95390;95574;Saint-Prix;;;2.271125;49.005922
95574_0242_00017;17;;Allée Georges Brassens;95390;95574;Saint-Prix;;;2.259089;49.010129
95574_0510_00046;46;;Rue de Rubelles;95390;95574;Saint-Prix;;;2.263526;49.010866
95574_0113_00011;11;;Allée des Charmes;95390;95574;Saint-Prix;;;2.269864;49.004342
95574_0190_00021_bis;21;bis;Rue d’Ermont;95390;95574;Saint-Prix;;;2.262509;49.008427
95574_0310_00058;58;;Rue Jean Mermoz;95390;95574;Saint-Prix;;;2.255742;49.001786
95574_0080_00007;7;;Rue Auguste Rey;95390;95574;Saint-Prix;;;2.271547;49.014092
95574_0418_00009;9;;Allée des Noisetiers;95390;95574;Saint-Prix;;;2.270007;49.005826
95574_0235_00094;94;;Avenue du Général Leclerc;95390;95574;Saint-Prix;;;2.256325;49.008718
95574_0380_00004;4;;Rue de la Marne;95390;95574;Saint-Prix;;;2.266878;49.011651
95574_0447_00005;5;;Rue de la Petite Voirie;95390;95574;Saint-Prix;;;2.271129;49.008641
95574_0320_00003;3;;Chemin de la Justice;95390;95574;Saint-Prix;;;2.268363;49.011331
95574_tmexl7_00019;19;;Rue Louis et Gérard Donzelle;95390;95574;Saint-Prix;;;2.261157;49.010732
95574_rwuloh_00015;15;;Rue Rouget de Lisle;95390;95574;Saint-Prix;;;2.257233;49.000212
95574_0303_00004;4;;Allée des Jardins de la Reine Hortense;95390;95574;Saint-Prix;;;2.261371;49.016448
95574_0139_00006;6;;Villa des Comices;95390;95574;Saint-Prix;;;2.268206;49.006742
95574_0140_00112_bis;112;bis;Rue du Colonel Fabien;95390;95574;Saint-Prix;;;2.25305;49.002607
95574_0359_00003;3;;Allée Lucien Desreac;95390;95574;Saint-Prix;;;2.269089;49.008815
95574_0530_00004;4;;Rue de l’Yser;95390;95574;Saint-Prix;;;2.2631;49.012123
95574_0005_00004;4;;Allée des Acacias;95390;95574;Saint-Prix;;;2.260214;49.001122
95574_a265_00012;12;;Résidence des Glaïeuls;95390;95574;Saint-Prix;;;2.254244;49.004514
95574_0139_00003;3;;Villa des Comices;95390;95574;Saint-Prix;;;2.267486;49.006714
95574_0140_00103;103;;Rue du Colonel Fabien;95390;95574;Saint-Prix;;;2.254567;49.003733
95574_tqat9w_00046;46;;Rue Albert 1er;95390;95574;Saint-Prix;;;2.25671;49.002298
95574_0360_00006;6;;Rue Maignan Larivière;95390;95574;Saint-Prix;;;2.26433;49.016516
95574_0080_00034;34;;Rue Auguste Rey;95390;95574;Saint-Prix;;;2.26825;49.015579
95574_0419_00009;9;;Avenue du Parc;95390;95574;Saint-Prix;;;2.267715;49.013681
95574_0252_00007;7;;Villa George Sand;95390;95574;Saint-Prix;;;2.253988;49.004878
95574_tmexl7_00013;13;;Rue Louis et Gérard Donzelle;95390;95574;Saint-Prix;;;2.261668;49.010565
95574_0416_00044_ter;44;ter;Chemin des Murs Blancs;95390;95574;Saint-Prix;;;2.259711;49.01371
95574_0480_00001;1;;Place de la République;95390;95574;Saint-Prix;;;2.266009;49.015123
95574_0513_00005;5;;Allée des Sequoias;95390;95574;Saint-Prix;;;2.270678;49.006739
95574_0190_00109;109;;Rue d’Ermont;95390;95574;Saint-Prix;;;2.259377;49.000596
95574_0030_00057;57;;Rue Anatole France;95390;95574;Saint-Prix;;;2.255911;49.001524
95574_0520_00029;29;;Rue Victor Hugo;95390;95574;Saint-Prix;;;2.263365;49.005643
95574_0400_00010;10;;Rue de Montlignon;95390;95574;Saint-Prix;;;2.276196;49.012996
95574_0290_00016;16;;Rue Hector Carlin;95390;95574;Saint-Prix;;;2.260903;49.000006
95574_0420_00004;4;;Route des Parquets;95390;95574;Saint-Prix;;;2.256951;49.028521
95574_0070_00018_bis;18;bis;Rue de l’Audience;95390;95574;Saint-Prix;;;2.263651;48.99903
95574_0190_00066_bis;66;bis;Rue d’Ermont;95390;95574;Saint-Prix;;;2.261129;49.006462
95574_0140_00002;2;;Rue du Colonel Fabien;95390;95574;Saint-Prix;;;2.262166;49.010243
95574_0380_00009;9;;Rue de la Marne;95390;95574;Saint-Prix;;;2.265951;49.011808
95574_0520_00035;35;;Rue Victor Hugo;95390;95574;Saint-Prix;;;2.26365;49.00596
95574_0250_00009;9;;Rue Georges Ribordy;95390;95574;Saint-Prix;;;2.269672;49.012027
95574_0235_00102_bis;102;bis;Avenue du Général Leclerc;95390;95574;Saint-Prix;;;2.255926;49.009135
95574_0386_00011;11;;Villa des Merisiers;95390;95574;Saint-Prix;;;2.26941;49.007075
95574_0290_00012;12;;Rue Hector Carlin;95390;95574;Saint-Prix;;;2.26157;49.000187
95574_0250_00027;27;;Rue Georges Ribordy;95390;95574;Saint-Prix;;;2.271079;49.011436
95574_0461_00001;1;;Allée des Pins;95390;95574;Saint-Prix;;;2.267204;49.015304
95574_0430_00019;19;;Rue Pasteur;95390;95574;Saint-Prix;;;2.265285;49.002034
95574_tmexl7_00071;71;;Rue Louis et Gérard Donzelle;95390;95574;Saint-Prix;;;2.255705;49.011502
95574_a205_00010;10;;Résidence de l’Amandier;95390;95574;Saint-Prix;;;2.262021;49.011319
95574_0230_00001;1;;Rue Gambetta;95390;95574;Saint-Prix;;;2.25673;48.999928
95574_0310_00035;35;;Rue Jean Mermoz;95390;95574;Saint-Prix;;;2.256879;49.001842
95574_0490_00018;18;;Rue Robert Thomas;95390;95574;Saint-Prix;;;2.266746;49.003943
95574_0450_00014;14;;Allée des Peupliers;95390;95574;Saint-Prix;;;2.262238;49.000796
95574_0390_00020_a;20;a;Rue Michel Cauchez;95390;95574;Saint-Prix;;;2.255564;49.006308
95574_tmexl7_00022;22;;Rue Louis et Gérard Donzelle;95390;95574;Saint-Prix;;;2.261307;49.010784
95574_0222_00020;20;;Villa Frédéric Chopin;95390;95574;Saint-Prix;;;2.26084;49.011922
95574_0400_00011_ter;11;ter;Rue de Montlignon;95390;95574;Saint-Prix;;;2.27872;49.012427
95574_0190_00097;97;;Rue d’Ermont;95390;95574;Saint-Prix;;;2.259571;49.001849
95574_a265_00001;1;;Résidence des Glaïeuls;95390;95574;Saint-Prix;;;2.254794;49.004852
95574_0190_00049;49;;Rue d’Ermont;95390;95574;Saint-Prix;;;2.261667;49.006308
95574_0235_00065_bis;65;bis;Avenue du Général Leclerc;95390;95574;Saint-Prix;;;2.258673;49.004742
95574_0460_00009;9;;Rue Pierre Curie;95390;95574;Saint-Prix;;;2.253979;49.006446
95574_0230_00025;25;;Rue Gambetta;95390;95574;Saint-Prix;;;2.259873;48.999187
95574_0235_00018;18;;Avenue du Général Leclerc;95390;95574;Saint-Prix;;;2.262731;49.002322
95574_0235_00084;84;;Avenue du Général Leclerc;95390;95574;Saint-Prix;;;2.257055;49.007965
95574_0421_00005;5;;Villa des Passes Crassanes;95390;95574;Saint-Prix;;;2.266802;49.007119
95574_0021_00004;4;;Villa Alfred de Musset;95390;95574;Saint-Prix;;;2.253822;49.004184
95574_0104_00001;1;;Avenue du Bois du Luat;95390;95574;Saint-Prix;;;2.267961;49.005804
95574_0235_00099;99;;Avenue du Général Leclerc;95390;95574;Saint-Prix;;;2.257262;49.007492
95574_0170_00008;8;;Rue Édith Cavell;95390;95574;Saint-Prix;;;2.25576;49.012479
95574_0135_00003;3;;Allée Claude Debussy;95390;95574;Saint-Prix;;;2.257578;49.003717
95574_0310_00037;37;;Rue Jean Mermoz;95390;95574;Saint-Prix;;;2.256621;49.001939
95574_tqat9w_00044;44;;Rue Albert 1er;95390;95574;Saint-Prix;;;2.256849;49.002437
95574_0430_00058;58;;Rue Pasteur;95390;95574;Saint-Prix;;;2.26495;49.005981
95574_0442_00005;5;;Sente de la Petite Voirie;95390;95574;Saint-Prix;;;2.271521;49.008469
95574_0235_00113;113;;Avenue du Général Leclerc;95390;95574;Saint-Prix;;;2.256262;49.008545
95574_0530_00070;70;;Rue de l’Yser;95390;95574;Saint-Prix;;;2.256165;49.013913
95574_1z5daz_00021;21;;Le Plumet;95390;95574;Saint-Prix;;;2.267485;49.002532
95574_0430_00074;74;;Rue Pasteur;95390;95574;Saint-Prix;;;2.264412;49.008197
95574_0142_00006;6;;Rue de la Commanderie;95390;95574;Saint-Prix;;;2.264106;49.007373
95574_0235_00075_bis;75;bis;Avenue du Général Leclerc;95390;95574;Saint-Prix;;;2.258043;49.005191
95574_0460_00014;14;;Rue Pierre Curie;95390;95574;Saint-Prix;;;2.254517;49.006833
95574_0418_00011;11;;Allée des Noisetiers;95390;95574;Saint-Prix;;;2.270265;49.005721
95574_0490_00046;46;;Rue Robert Thomas;95390;95574;Saint-Prix;;;2.269315;49.006318
95574_0490_00058;58;;Rue Robert Thomas;95390;95574;Saint-Prix;;;2.270238;49.007159
95574_0392_00008;8;;Allée Michel-Jean Sedaine;95390;95574;Saint-Prix;;;2.257405;49.009351
95574_0230_00009;9;;Rue Gambetta;95390;95574;Saint-Prix;;;2.25736;48.999813
95574_0110_00002;2;;Rue du Château de la Chasse;95390;95574;Saint-Prix;;;2.274951;49.013987
95574_0472_00011;11;;Villa des Reines-Claudes;95390;95574;Saint-Prix;;;2.26748;49.008233
95574_tmexl7_00067;67;;Rue Louis et Gérard Donzelle;95390;95574;Saint-Prix;;;2.256614;49.011884
95574_0235_00033;33;;Avenue du Général Leclerc;95390;95574;Saint-Prix;;;2.262176;49.002674
95574_0510_00054;54;;Rue de Rubelles;95390;95574;Saint-Prix;;;2.263371;49.010313
95574_0318_00018;18;;Rue Jehan de Thor;95390;95574;Saint-Prix;;;2.258948;49.00962
95574_0190_00128;128;;Rue d’Ermont;95390;95574;Saint-Prix;;;2.259282;49.00061
95574_0340_00003;3;;Rue de la Liberté;95390;95574;Saint-Prix;;;2.255377;49.005024
95574_0359_00001;1;;Allée Lucien Desreac;95390;95574;Saint-Prix;;;2.269229;49.008739
95574_0302_00011;11;;Villa Jean de La Bruyère;95390;95574;Saint-Prix;;;2.257105;49.00999
95574_0320_00015;15;;Chemin de la Justice;95390;95574;Saint-Prix;;;2.269681;49.010778
95574_0140_00010;10;;Rue du Colonel Fabien;95390;95574;Saint-Prix;;;2.261729;49.009614
95574_0519_00015_bis;15;bis;Sente des Valavons;95390;95574;Saint-Prix;;;2.269892;49.011216
95574_0112_00012;12;;Villa Charles Peguy;95390;95574;Saint-Prix;;;2.261909;48.998889
95574_0235_00019;19;;Avenue du Général Leclerc;95390;95574;Saint-Prix;;;2.26278;49.002084
95574_0530_00039_bis;39;bis;Rue de l’Yser;95390;95574;Saint-Prix;;;2.259531;49.012991
95574_0310_00015;15;;Rue Jean Mermoz;95390;95574;Saint-Prix;;;2.258083;49.001376
95574_0430_00023_bis;23;bis;Rue Pasteur;95390;95574;Saint-Prix;;;2.265454;49.002249
95574_0211_00007;7;;Rue de la Ferme de Saint-Prix;95390;95574;Saint-Prix;;;2.26339;49.007774
95574_0190_00048;48;;Rue d’Ermont;95390;95574;Saint-Prix;;;2.261954;49.007539
95574_0513_00020;20;;Allée des Sequoias;95390;95574;Saint-Prix;;;2.270786;49.006182
95574_0250_00118;118;;Rue Georges Ribordy;95390;95574;Saint-Prix;;;2.2771;49.009807
95574_0290_00004;4;;Rue Hector Carlin;95390;95574;Saint-Prix;;;2.263289;49.000785
95574_0370_00022;22;;Rue du Maréchal Joffre;95390;95574;Saint-Prix;;;2.254764;49.000985
95574_tmexl7_00010;10;;Rue Louis et Gérard Donzelle;95390;95574;Saint-Prix;;;2.26224;49.010474
95574_0316_00004;4;;Allée Joachim du Bellay;95390;95574;Saint-Prix;;;2.261421;49.00999
95574_0442_00007;7;;Sente de la Petite Voirie;95390;95574;Saint-Prix;;;2.271162;49.008089
95574_0497_00003;3;;Impasse des Rossignols;95390;95574;Saint-Prix;;;2.257652;49.0089
95574_0510_00018_bis;18;bis;Rue de Rubelles;95390;95574;Saint-Prix;;;2.264792;49.013679
95574_0104_00009;9;;Avenue du Bois du Luat;95390;95574;Saint-Prix;;;2.267094;49.006129
95574_0340_00013_t;13;t;Rue de la Liberté;95390;95574;Saint-Prix;;;2.254959;49.005844
95574_0490_00050;50;;Rue Robert Thomas;95390;95574;Saint-Prix;;;2.269523;49.006552
95574_a272_00002;2;;Villa des Grands Clos;95390;95574;Saint-Prix;;;2.263041;49.013771
95574_0490_00009;9;;Rue Robert Thomas;95390;95574;Saint-Prix;;;2.266245;49.003452
95574_a215_00008;8;;Résidence du Cottage;95390;95574;Saint-Prix;;;2.256433;49.006529
95574_0140_00042;42;;Rue du Colonel Fabien;95390;95574;Saint-Prix;;;2.260231;49.007878
95574_0090_00006;6;;Rue des Beaux Sites;95390;95574;Saint-Prix;;;2.267705;49.004445
95574_0190_00035;35;;Rue d’Ermont;95390;95574;Saint-Prix;;;2.262149;49.0076
95574_xezqpe_00010;10;;rue du colonel fabien;95390;95574;Saint-Prix;;;2.268022;49.003683
95574_0030_00005;5;;Rue Anatole France;95390;95574;Saint-Prix;;;2.258768;48.99998
95574_0419_00004;4;;Avenue du Parc;95390;95574;Saint-Prix;;;2.267292;49.013716
95574_0190_00047;47;;Rue d’Ermont;95390;95574;Saint-Prix;;;2.261732;49.006437
95574_0137_00009;9;;Allée du Clos Rouillard;95390;95574;Saint-Prix;;;2.26887;49.009758
95574_tmexl7_00024;24;;Rue Louis et Gérard Donzelle;95390;95574;Saint-Prix;;;2.261207;49.010817
95574_0190_00042;42;;Rue d’Ermont;95390;95574;Saint-Prix;;;2.262134;49.007907
95574_0020_00019_bis;19;bis;Rue Alexandre Ribot;95390;95574;Saint-Prix;;;2.25776;49.008194
95574_0306_00013;13;;Rue Jean de La Fontaine;95390;95574;Saint-Prix;;;2.256836;49.010418
95574_0050_00043_bis;43;bis;Boulevard Armand Hayem;95390;95574;Saint-Prix;;;2.281508;49.012742
95574_0459_00005;5;;Villa Pierre Corneille;95390;95574;Saint-Prix;;;2.258209;49.013002
95574_0355_00006;6;;Allée de la Louvette;95390;95574;Saint-Prix;;;2.254152;49.002743
95574_tqat9w_00006;6;;Rue Albert 1er;95390;95574;Saint-Prix;;;2.259241;49.004514
95574_0430_00027;27;;Rue Pasteur;95390;95574;Saint-Prix;;;2.265535;49.002475
95574_0005_00002;2;;Allée des Acacias;95390;95574;Saint-Prix;;;2.259967;49.001204
95574_0140_00095;95;;Rue du Colonel Fabien;95390;95574;Saint-Prix;;;2.255118;49.004089
95574_0430_00055;55;;Rue Pasteur;95390;95574;Saint-Prix;;;2.264287;49.008144
95574_0020_00019;19;;Rue Alexandre Ribot;95390;95574;Saint-Prix;;;2.257836;49.008083
95574_0460_00063_bis;63;bis;Rue Pierre Curie;95390;95574;Saint-Prix;;;2.258886;49.008837
95574_0190_00070;70;;Rue d’Ermont;95390;95574;Saint-Prix;;;2.26141;49.006084
95574_0458_00003;3;;Villa Pierre de Ronsard;95390;95574;Saint-Prix;;;2.259944;49.010702
95574_0107_00009;9;;Villa des Reinettes;95390;95574;Saint-Prix;;;2.266665;49.005389
95574_0490_00007;7;;Rue Robert Thomas;95390;95574;Saint-Prix;;;2.266196;49.003385
95574_0510_00012;12;;Rue de Rubelles;95390;95574;Saint-Prix;;;2.265306;49.015557
95574_0310_00045;45;;Rue Jean Mermoz;95390;95574;Saint-Prix;;;2.255959;49.001866
95574_0106_00005;5;;Sente des Buviers;95390;95574;Saint-Prix;;;2.269494;49.009674
95574_0070_00008;8;;Rue de l’Audience;95390;95574;Saint-Prix;;;2.263908;48.999721
95574_0340_00012;12;;Rue de la Liberté;95390;95574;Saint-Prix;;;2.255169;49.005572
95574_0120_00012;12;;Allée des Chaumières;95390;95574;Saint-Prix;;;2.255834;49.003043
95574_0386_00003;3;;Villa des Merisiers;95390;95574;Saint-Prix;;;2.269222;49.006777
95574_0520_00019;19;;Rue Victor Hugo;95390;95574;Saint-Prix;;;2.262889;49.005123
95574_0235_00025;25;;Avenue du Général Leclerc;95390;95574;Saint-Prix;;;2.262541;49.002322
95574_0030_00039;39;;Rue Anatole France;95390;95574;Saint-Prix;;;2.257057;49.001063
95574_0230_00003_bis;3;bis;Rue Gambetta;95390;95574;Saint-Prix;;;2.256798;48.999913
95574_0290_00011;11;;Rue Hector Carlin;95390;95574;Saint-Prix;;;2.262757;49.000457
95574_0310_00046;46;;Rue Jean Mermoz;95390;95574;Saint-Prix;;;2.256237;49.00215
95574_0120_00016_bis;16;bis;Allée des Chaumières;95390;95574;Saint-Prix;;;2.256058;49.002924
95574_tmexl7_00011;11;;Rue Louis et Gérard Donzelle;95390;95574;Saint-Prix;;;2.261852;49.010504
95574_0250_00023;23;;Rue Georges Ribordy;95390;95574;Saint-Prix;;;2.27074;49.011581
95574_0397_00009_ter;9;ter;Villa Molière;95390;95574;Saint-Prix;;;2.261254;49.001552
95574_tmexl7_00004;4;;Rue Louis et Gérard Donzelle;95390;95574;Saint-Prix;;;2.262614;49.010377
95574_0140_00107;107;;Rue du Colonel Fabien;95390;95574;Saint-Prix;;;2.254714;49.00322
95574_0190_00104;104;;Rue d’Ermont;95390;95574;Saint-Prix;;;2.25956;49.0024
95574_0080_00042;42;;Rue Auguste Rey;95390;95574;Saint-Prix;;;2.267952;49.015784
95574_b028_00003;3;;Domaine de la Rocaille;95390;95574;Saint-Prix;;;2.264405;49.001839
95574_0090_00026;26;;Rue des Beaux Sites;95390;95574;Saint-Prix;;;2.269436;49.003718
95574_0140_00089;89;;Rue du Colonel Fabien;95390;95574;Saint-Prix;;;2.255854;49.004425
95574_0112_00052;52;;Villa Charles Peguy;95390;95574;Saint-Prix;;;2.262486;48.999329
95574_0100_00011;11;;Avenue du Bois;95390;95574;Saint-Prix;;;2.25532;49.007779
95574_0090_00014_bis;14;bis;Rue des Beaux Sites;95390;95574;Saint-Prix;;;2.268495;49.004115
95574_0513_00001;1;;Allée des Sequoias;95390;95574;Saint-Prix;;;2.270393;49.0065
95574_0200_00026;26;;Rue de l’Explorateur Delaporte;95390;95574;Saint-Prix;;;2.257723;49.016215
95574_0120_00020;20;;Allée des Chaumières;95390;95574;Saint-Prix;;;2.25633;49.002851
95574_0111_00006;6;;Villa des Calvilles;95390;95574;Saint-Prix;;;2.266023;49.005004
95574_0510_00032_bis;32;bis;Rue de Rubelles;95390;95574;Saint-Prix;;;2.264187;49.012697
95574_tqat9w_00033_bis;33;bis;Rue Albert 1er;95390;95574;Saint-Prix;;;2.257421;49.002841
95574_0189_00008;8;;Allée des Érables;95390;95574;Saint-Prix;;;2.267573;49.014248
95574_0190_00038_bis;38;bis;Rue d’Ermont;95390;95574;Saint-Prix;;;2.262218;49.008079
95574_0455_00001;1;;Chemin du Pré Hacqueville;95390;95574;Saint-Prix;;;2.256016;49.015391
95574_0212_00007;7;;Clos des Vergers;95390;95574;Saint-Prix;;;2.271303;49.007791
95574_0235_00076;76;;Avenue du Général Leclerc;95390;95574;Saint-Prix;;;2.25743;49.007577
95574_0458_00004;4;;Villa Pierre de Ronsard;95390;95574;Saint-Prix;;;2.259875;49.010746
95574_0472_00003;3;;Villa des Reines-Claudes;95390;95574;Saint-Prix;;;2.266434;49.008577
95574_0080_00010;10;;Rue Auguste Rey;95390;95574;Saint-Prix;;;2.269731;49.01494
95574_0522_00007;7;;Avenue des Vergers;95390;95574;Saint-Prix;;;2.265547;49.007948
95574_0360_00009;9;;Rue Maignan Larivière;95390;95574;Saint-Prix;;;2.262885;49.016572
95574_0080_00045;45;;Rue Auguste Rey;95390;95574;Saint-Prix;;;2.265227;49.016143
95574_0380_00016;16;;Rue de la Marne;95390;95574;Saint-Prix;;;2.267576;49.011499
95574_0522_00003;3;;Avenue des Vergers;95390;95574;Saint-Prix;;;2.265291;49.00764
95574_0080_00082_bis;82;bis;Rue Auguste Rey;95390;95574;Saint-Prix;;;2.265146;49.016468
95574_0463_00004;4;;Rue des Poiriers Réaux;95390;95574;Saint-Prix;;;2.265559;49.008567
95574_0140_00117;117;;Rue du Colonel Fabien;95390;95574;Saint-Prix;;;2.253663;49.003002
95574_0290_00007;7;;Rue Hector Carlin;95390;95574;Saint-Prix;;;2.263215;49.000568
95574_0520_00033_bis;33;bis;Rue Victor Hugo;95390;95574;Saint-Prix;;;2.263592;49.005899
95574_0140_00005;5;;Rue du Colonel Fabien;95390;95574;Saint-Prix;;;2.26198;49.009839
95574_u3qxk0_00001;1;;Ferme de Saint-Prix;95390;95574;Saint-Prix;;;2.262616;49.008403
95574_0095_00001_bis;1;bis;Rue des Bleuets;95390;95574;Saint-Prix;;;2.260255;49.006285
95574_0235_00093;93;;Avenue du Général Leclerc;95390;95574;Saint-Prix;;;2.257803;49.006935
95574_0190_00066;66;;Rue d’Ermont;95390;95574;Saint-Prix;;;2.261598;49.006432
95574_0419_00014;14;;Avenue du Parc;95390;95574;Saint-Prix;;;2.268488;49.013387
95574_0303_00003;3;;Allée des Jardins de la Reine Hortense;95390;95574;Saint-Prix;;;2.261563;49.016409
95574_0418_00001;1;;Allée des Noisetiers;95390;95574;Saint-Prix;;;2.26987;49.005401
95574_0430_00040;40;;Rue Pasteur;95390;95574;Saint-Prix;;;2.265365;49.004289
95574_0460_00046;46;;Rue Pierre Curie;95390;95574;Saint-Prix;;;2.257658;49.008567
95574_rwuloh_00027;27;;Rue Rouget de Lisle;95390;95574;Saint-Prix;;;2.256356;49.000567
95574_0463_00001;1;;Rue des Poiriers Réaux;95390;95574;Saint-Prix;;;2.265682;49.008426
95574_tqat9w_00005;5;;Rue Albert 1er;95390;95574;Saint-Prix;;;2.259397;49.004531
95574_0430_00004;4;;Rue Pasteur;95390;95574;Saint-Prix;;;2.264587;49.001153
95574_0530_00064;64;;Rue de l’Yser;95390;95574;Saint-Prix;;;2.256843;49.013842
95574_0112_00048;48;;Villa Charles Peguy;95390;95574;Saint-Prix;;;2.262439;48.999273
95574_xezqpe_00018;18;;rue du colonel fabien;95390;95574;Saint-Prix;;;2.268772;49.003363
95574_0080_00040;40;;Rue Auguste Rey;95390;95574;Saint-Prix;;;2.268031;49.015734
95574_a210_00007;7;;Résidence de la Closeraie;95390;95574;Saint-Prix;;;2.266255;49.00143
95574_0030_00004_bis;4;bis;Rue Anatole France;95390;95574;Saint-Prix;;;2.258938;48.999898
95574_0460_00090;90;;Rue Pierre Curie;95390;95574;Saint-Prix;;;2.256185;49.007956
95574_0210_00005;5;;Allée des Fauvettes;95390;95574;Saint-Prix;;;2.262171;49.00132
95574_0470_00025;25;;Rue de Reinebourg;95390;95574;Saint-Prix;;;2.268587;49.011693
95574_0418_00002;2;;Allée des Noisetiers;95390;95574;Saint-Prix;;;2.26992;49.005337
95574_0440_00002;2;;Ruelle à Perette;95390;95574;Saint-Prix;;;2.269526;49.014994
95574_0118_00011;11;;Allée des Châtaigniers;95390;95574;Saint-Prix;;;2.267485;49.012461
95574_0317_00007;7;;Avenue du Bois Joly;95390;95574;Saint-Prix;;;2.270582;49.005089
95574_tqat9w_00014;14;;Rue Albert 1er;95390;95574;Saint-Prix;;;2.258892;49.004204
95574_0519_00007;7;;Sente des Valavons;95390;95574;Saint-Prix;;;2.270375;49.01286
95574_0020_00022;22;;Rue Alexandre Ribot;95390;95574;Saint-Prix;;;2.258146;49.0078
95574_0190_00109_bis;109;bis;Rue d’Ermont;95390;95574;Saint-Prix;;;2.25936;49.000525
95574_0210_00011;11;;Allée des Fauvettes;95390;95574;Saint-Prix;;;2.261788;49.001468
95574_0530_00006;6;;Rue de l’Yser;95390;95574;Saint-Prix;;;2.262603;49.012196
95574_tmexl7_00003;3;;Rue Louis et Gérard Donzelle;95390;95574;Saint-Prix;;;2.262856;49.010173
95574_0523_00006;6;;Rue Ulysse Poidevin;95390;95574;Saint-Prix;;;2.258121;49.009429
95574_0100_00005;5;;Avenue du Bois;95390;95574;Saint-Prix;;;2.255718;49.007996
95574_0265_00002;2;;Chemin de la Grande Sente;95390;95574;Saint-Prix;;;2.272273;49.013215
95574_0340_00017;17;;Rue de la Liberté;95390;95574;Saint-Prix;;;2.255032;49.006025
95574_0140_00044;44;;Rue du Colonel Fabien;95390;95574;Saint-Prix;;;2.259989;49.007607
95574_0470_00027;27;;Rue de Reinebourg;95390;95574;Saint-Prix;;;2.26847;49.011551
95574_0020_00010;10;;Rue Alexandre Ribot;95390;95574;Saint-Prix;;;2.258578;49.007162
95574_tmexl7_00016;16;;Rue Louis et Gérard Donzelle;95390;95574;Saint-Prix;;;2.261953;49.010561
95574_0317_00012;12;;Avenue du Bois Joly;95390;95574;Saint-Prix;;;2.269875;49.004984
95574_0025_00006;6;;Villa Alphonse de Lamartine;95390;95574;Saint-Prix;;;2.259016;49.012395
95574_0235_00086;86;;Avenue du Général Leclerc;95390;95574;Saint-Prix;;;2.256803;49.008224
95574_0430_00029;29;;Rue Pasteur;95390;95574;Saint-Prix;;;2.265428;49.003289
95574_0190_00081;81;;Rue d’Ermont;95390;95574;Saint-Prix;;;2.259942;49.003135
95574_0459_00008;8;;Villa Pierre Corneille;95390;95574;Saint-Prix;;;2.257935;49.01288
95574_0520_00013;13;;Rue Victor Hugo;95390;95574;Saint-Prix;;;2.262441;49.004629
95574_0222_00014;14;;Villa Frédéric Chopin;95390;95574;Saint-Prix;;;2.260376;49.011732
95574_0302_00003;3;;Villa Jean de La Bruyère;95390;95574;Saint-Prix;;;2.25633;49.00948
95574_0230_00031;31;;Rue Gambetta;95390;95574;Saint-Prix;;;2.260643;48.998976
95574_0460_00064;64;;Rue Pierre Curie;95390;95574;Saint-Prix;;;2.261098;49.009565
95574_u3qxk0_00008;8;;Ferme de Saint-Prix;95390;95574;Saint-Prix;;;2.263436;49.007783
95574_0530_00027_bis;27;bis;Rue de l’Yser;95390;95574;Saint-Prix;;;2.260279;49.012653
95574_0104_00013;13;;Avenue du Bois du Luat;95390;95574;Saint-Prix;;;2.26632;49.00642
95574_0383_00005;5;;Villa Guy de Maupassant;95390;95574;Saint-Prix;;;2.254694;49.003271
95574_0370_00004;4;;Rue du Maréchal Joffre;95390;95574;Saint-Prix;;;2.255606;49.000565
95574_0190_00057;57;;Rue d’Ermont;95390;95574;Saint-Prix;;;2.261428;49.005868
95574_tmexl7_00055;55;;Rue Louis et Gérard Donzelle;95390;95574;Saint-Prix;;;2.257788;49.011403
95574_0212_00015;15;;Clos des Vergers;95390;95574;Saint-Prix;;;2.271327;49.007541
95574_0430_00028;28;;Rue Pasteur;95390;95574;Saint-Prix;;;2.265547;49.003148
95574_0250_00019;19;;Rue Georges Ribordy;95390;95574;Saint-Prix;;;2.27038;49.011756
95574_0140_00087_bis;87;bis;Rue du Colonel Fabien;95390;95574;Saint-Prix;;;2.255986;49.004498
95574_0460_00042;42;;Rue Pierre Curie;95390;95574;Saint-Prix;;;2.257341;49.008476
95574_0190_00024;24;;Rue d’Ermont;95390;95574;Saint-Prix;;;2.262616;49.008832
95574_0518_00002;2;;Allée des Tilleuls;95390;95574;Saint-Prix;;;2.260608;49.001725
95574_0235_00075;75;;Avenue du Général Leclerc;95390;95574;Saint-Prix;;;2.259173;49.005571
95574_0381_00010;10;;Allée des Marronniers;95390;95574;Saint-Prix;;;2.26727;49.014952
95574_0112_00005;5;;Villa Charles Peguy;95390;95574;Saint-Prix;;;2.261826;48.998957
95574_0160_00001;1;;Rue du Docteur Roux;95390;95574;Saint-Prix;;;2.264658;49.000908
95574_tmexl7_00070_bis;70;bis;Rue Louis et Gérard Donzelle;95390;95574;Saint-Prix;;;2.256659;49.01249
95574_0410_00023;23;;Route de Montmorency;95390;95574;Saint-Prix;;;2.267675;49.008673
95574_0303_00005;5;;Allée des Jardins de la Reine Hortense;95390;95574;Saint-Prix;;;2.261476;49.016278
95574_0430_00036;36;;Rue Pasteur;95390;95574;Saint-Prix;;;2.265417;49.003989
95574_0384_00010;10;;Rue des Mauprès;95390;95574;Saint-Prix;;;2.268254;49.010419
95574_0318_00004;4;;Rue Jehan de Thor;95390;95574;Saint-Prix;;;2.258875;49.009538
95574_a265_00004;4;;Résidence des Glaïeuls;95390;95574;Saint-Prix;;;2.254647;49.004854
95574_0390_00008_bis;8;bis;Rue Michel Cauchez;95390;95574;Saint-Prix;;;2.256405;49.005721
95574_0021_00002;2;;Villa Alfred de Musset;95390;95574;Saint-Prix;;;2.254021;49.003999
95574_0211_00001;1;;Rue de la Ferme de Saint-Prix;95390;95574;Saint-Prix;;;2.262713;49.008606
95574_0520_00025_bis;25;bis;Rue Victor Hugo;95390;95574;Saint-Prix;;;2.262585;49.005652
95574_0140_00066;66;;Rue du Colonel Fabien;95390;95574;Saint-Prix;;;2.258204;49.005998
95574_0430_00037;37;;Rue Pasteur;95390;95574;Saint-Prix;;;2.264817;49.005923
95574_0112_00046;46;;Villa Charles Peguy;95390;95574;Saint-Prix;;;2.262415;48.999245
95574_0300_00002;2;;Sente de l’Hôpital;95390;95574;Saint-Prix;;;2.262007;49.011421
95574_0235_00106_ter;106;ter;Avenue du Général Leclerc;95390;95574;Saint-Prix;;;2.255989;49.009561
95574_0397_00009_bis;9;bis;Villa Molière;95390;95574;Saint-Prix;;;2.261284;49.001628
95574_0472_00029;29;;Villa des Reines-Claudes;95390;95574;Saint-Prix;;;2.267314;49.00763
95574_0030_00031;31;;Rue Anatole France;95390;95574;Saint-Prix;;;2.257522;49.000874
95574_0312_00003;3;;Villa Jean Racine;95390;95574;Saint-Prix;;;2.258049;49.012001
95574_0104_00020_bis;20;bis;Avenue du Bois du Luat;95390;95574;Saint-Prix;;;2.265439;49.006862
95574_0497_00010;10;;Impasse des Rossignols;95390;95574;Saint-Prix;;;2.257206;49.009154
95574_0513_00003;3;;Allée des Sequoias;95390;95574;Saint-Prix;;;2.270484;49.006576
95574_0235_00006_bis;6;bis;Avenue du Général Leclerc;95390;95574;Saint-Prix;;;2.263647;49.001474
95574_0190_00034;34;;Rue d’Ermont;95390;95574;Saint-Prix;;;2.262333;49.008301
95574_tqat9w_00043;43;;Rue Albert 1er;95390;95574;Saint-Prix;;;2.256915;49.002354
95574_0140_00094;94;;Rue du Colonel Fabien;95390;95574;Saint-Prix;;;2.254651;49.003913
95574_0460_00066;66;;Rue Pierre Curie;95390;95574;Saint-Prix;;;2.261433;49.009666
95574_0530_00029;29;;Rue de l’Yser;95390;95574;Saint-Prix;;;2.260186;49.012692
95574_0030_00009;9;;Rue Anatole France;95390;95574;Saint-Prix;;;2.258624;49.000235
95574_0095_00004;4;;Rue des Bleuets;95390;95574;Saint-Prix;;;2.259618;49.006599
95574_0142_00010;10;;Rue de la Commanderie;95390;95574;Saint-Prix;;;2.263718;49.007005
95574_0355_00005_bis;5;bis;Allée de la Louvette;95390;95574;Saint-Prix;;;2.254706;49.002416
95574_0276_00001;1;;Chemin des Hatènes;95390;95574;Saint-Prix;;;2.277167;49.012928
95574_0310_00011;11;;Rue Jean Mermoz;95390;95574;Saint-Prix;;;2.258268;49.001305
95574_0080_00006;6;;Rue Auguste Rey;95390;95574;Saint-Prix;;;2.270353;49.014676
95574_0520_00047;47;;Rue Victor Hugo;95390;95574;Saint-Prix;;;2.264411;49.006786
95574_0520_00021;21;;Rue Victor Hugo;95390;95574;Saint-Prix;;;2.262763;49.004976
95574_tmexl7_00051;51;;Rue Louis et Gérard Donzelle;95390;95574;Saint-Prix;;;2.258208;49.011223
95574_0190_00140;140;;Rue d’Ermont;95390;95574;Saint-Prix;;;2.25923;49.000176
95574_0420_00001_bis;1;bis;Route des Parquets;95390;95574;Saint-Prix;;;2.280239;49.017254
95574_0135_00007;7;;Allée Claude Debussy;95390;95574;Saint-Prix;;;2.256502;49.003993
95574_0310_00018;18;;Rue Jean Mermoz;95390;95574;Saint-Prix;;;2.257937;49.001547
95574_0320_00014;14;;Chemin de la Justice;95390;95574;Saint-Prix;;;2.269715;49.010665
95574_0350_00005;5;;Rue Louis Barthou;95390;95574;Saint-Prix;;;2.253487;49.003445
95574_0137_00003;3;;Allée du Clos Rouillard;95390;95574;Saint-Prix;;;2.268572;49.010068
95574_0520_00005;5;;Rue Victor Hugo;95390;95574;Saint-Prix;;;2.261932;49.004086
95574_0467_00006;6;;Allée des Platanes;95390;95574;Saint-Prix;;;2.266009;49.012409
95574_0490_00001;1;;Rue Robert Thomas;95390;95574;Saint-Prix;;;2.265814;49.002877
95574_0320_00026;26;;Chemin de la Justice;95390;95574;Saint-Prix;;;2.273686;49.009484
95574_0530_00031_bis;31;bis;Rue de l’Yser;95390;95574;Saint-Prix;;;2.260081;49.012741
95574_0490_00022;22;;Rue Robert Thomas;95390;95574;Saint-Prix;;;2.267201;49.004538
95574_0463_00002;2;;Rue des Poiriers Réaux;95390;95574;Saint-Prix;;;2.265687;49.008521
95574_0355_00011;11;;Allée de la Louvette;95390;95574;Saint-Prix;;;2.255014;49.002051
95574_0320_00005;5;;Chemin de la Justice;95390;95574;Saint-Prix;;;2.268796;49.011093
95574_0190_00119;119;;Rue d’Ermont;95390;95574;Saint-Prix;;;2.259296;48.999865
95574_0030_00040;40;;Rue Anatole France;95390;95574;Saint-Prix;;;2.256578;49.001349
95574_0513_00038;38;;Allée des Sequoias;95390;95574;Saint-Prix;;;2.271508;49.006707
95574_0112_00011;11;;Villa Charles Peguy;95390;95574;Saint-Prix;;;2.262211;48.999167
95574_0265_00003;3;;Chemin de la Grande Sente;95390;95574;Saint-Prix;;;2.272165;49.013023
95574_0030_00026;26;;Rue Anatole France;95390;95574;Saint-Prix;;;2.257864;49.000829
95574_0005_00001;1;;Allée des Acacias;95390;95574;Saint-Prix;;;2.259869;49.001262
95574_0190_00089_bis;89;bis;Rue d’Ermont;95390;95574;Saint-Prix;;;2.260454;49.002054
95574_0421_00003;3;;Villa des Passes Crassanes;95390;95574;Saint-Prix;;;2.266851;49.006958
95574_0318_00006;6;;Rue Jehan de Thor;95390;95574;Saint-Prix;;;2.258536;49.009699
95574_0381_00011;11;;Allée des Marronniers;95390;95574;Saint-Prix;;;2.266934;49.014914
95574_0235_00089;89;;Avenue du Général Leclerc;95390;95574;Saint-Prix;;;2.258125;49.006623
95574_0142_00004;4;;Rue de la Commanderie;95390;95574;Saint-Prix;;;2.264243;49.007521
95574_0410_00003;3;;Route de Montmorency;95390;95574;Saint-Prix;;;2.267549;49.00874
95574_0095_00014;14;;Rue des Bleuets;95390;95574;Saint-Prix;;;2.26079;49.006123
95574_0360_00013;13;;Rue Maignan Larivière;95390;95574;Saint-Prix;;;2.262349;49.016805
95574_0103_00031;31;;Chemin des Bretoux;95390;95574;Saint-Prix;;;2.25466;49.007174
95574_0140_00072;72;;Rue du Colonel Fabien;95390;95574;Saint-Prix;;;2.257589;49.005621
95574_0400_00011_bis;11;bis;Rue de Montlignon;95390;95574;Saint-Prix;;;2.278294;49.01255
95574_0235_00011;11;;Avenue du Général Leclerc;95390;95574;Saint-Prix;;;2.263568;49.001323
95574_rwuloh_00019;19;;Rue Rouget de Lisle;95390;95574;Saint-Prix;;;2.256932;49.000334
95574_0470_00005;5;;Rue de Reinebourg;95390;95574;Saint-Prix;;;2.270421;49.01396
95574_0222_00019;19;;Villa Frédéric Chopin;95390;95574;Saint-Prix;;;2.260882;49.011479
95574_0190_00027;27;;Rue d’Ermont;95390;95574;Saint-Prix;;;2.262354;49.008049
95574_0235_00030;30;;Avenue du Général Leclerc;95390;95574;Saint-Prix;;;2.262046;49.003031
95574_0513_00009;9;;Allée des Sequoias;95390;95574;Saint-Prix;;;2.270942;49.006963
95574_0430_00007;7;;Rue Pasteur;95390;95574;Saint-Prix;;;2.264713;49.001427
95574_0512_00003;3;;Allée des Saules;95390;95574;Saint-Prix;;;2.271325;49.005594
95574_0230_00049;49;;Rue Gambetta;95390;95574;Saint-Prix;;;2.262429;48.998479
95574_0421_00006;6;;Villa des Passes Crassanes;95390;95574;Saint-Prix;;;2.266961;49.007014
95574_0120_00024;24;;Allée des Chaumières;95390;95574;Saint-Prix;;;2.25691;49.002579
95574_0430_00017;17;;Rue Pasteur;95390;95574;Saint-Prix;;;2.265193;49.001944
95574_0462_00001;1;;Rue de la Poste;95390;95574;Saint-Prix;;;2.260568;49.007011
95574_0450_00016;16;;Allée des Peupliers;95390;95574;Saint-Prix;;;2.262168;49.00072
95574_0242_00023;23;;Allée Georges Brassens;95390;95574;Saint-Prix;;;2.258608;49.010308
95574_0458_00007;7;;Villa Pierre de Ronsard;95390;95574;Saint-Prix;;;2.259857;49.010489
95574_0250_00116;116;;Rue Georges Ribordy;95390;95574;Saint-Prix;;;2.276967;49.009914
95574_0211_00002;2;;Rue de la Ferme de Saint-Prix;95390;95574;Saint-Prix;;;2.262897;49.008536
95574_0190_00025_bis;25;bis;Rue d’Ermont;95390;95574;Saint-Prix;;;2.262507;49.008052
95574_a265_00009;9;;Résidence des Glaïeuls;95390;95574;Saint-Prix;;;2.254505;49.004656
95574_0230_00037;37;;Rue Gambetta;95390;95574;Saint-Prix;;;2.261079;48.998874
95574_0230_00019;19;;Rue Gambetta;95390;95574;Saint-Prix;;;2.25743;48.999807
95574_0306_00015;15;;Rue Jean de La Fontaine;95390;95574;Saint-Prix;;;2.256854;49.01036
95574_0430_00020;20;;Rue Pasteur;95390;95574;Saint-Prix;;;2.265387;49.002008
95574_0190_00085;85;;Rue d’Ermont;95390;95574;Saint-Prix;;;2.259841;49.002851
95574_rwuloh_00008;8;;Rue Rouget de Lisle;95390;95574;Saint-Prix;;;2.258244;48.999862
95574_0390_00019;19;;Rue Michel Cauchez;95390;95574;Saint-Prix;;;2.255932;49.005953
95574_0460_00014_quater;14;quater;Rue Pierre Curie;95390;95574;Saint-Prix;;;2.254459;49.006808
95574_0530_00081;81;;Rue de l’Yser;95390;95574;Saint-Prix;;;2.256889;49.013758
95574_0080_00076;76;;Rue Auguste Rey;95390;95574;Saint-Prix;;;2.265544;49.016297
95574_0230_00035;35;;Rue Gambetta;95390;95574;Saint-Prix;;;2.260885;48.998919
95574_0235_00041;41;;Avenue du Général Leclerc;95390;95574;Saint-Prix;;;2.261395;49.003487
95574_0323_00006;6;;Impasse Lempereur;95390;95574;Saint-Prix;;;2.258664;49.001957
95574_0490_00062;62;;Rue Robert Thomas;95390;95574;Saint-Prix;;;2.270463;49.00735
95574_0360_00002_bis;2;bis;Rue Maignan Larivière;95390;95574;Saint-Prix;;;2.264562;49.01646
95574_0140_00099;99;;Rue du Colonel Fabien;95390;95574;Saint-Prix;;;2.254817;49.003928
95574_0467_00004;4;;Allée des Platanes;95390;95574;Saint-Prix;;;2.266122;49.012683
95574_0030_00003;3;;Rue Anatole France;95390;95574;Saint-Prix;;;2.258837;48.999853
95574_0030_00047;47;;Rue Anatole France;95390;95574;Saint-Prix;;;2.256593;49.001248
95574_0370_00008;8;;Rue du Maréchal Joffre;95390;95574;Saint-Prix;;;2.25542;49.000657
95574_0235_00081;81;;Avenue du Général Leclerc;95390;95574;Saint-Prix;;;2.258638;49.006089
95574_0520_00022;22;;Rue Victor Hugo;95390;95574;Saint-Prix;;;2.264088;49.006283
95574_0310_00009;9;;Rue Jean Mermoz;95390;95574;Saint-Prix;;;2.258433;49.001244
95574_0189_00002;2;;Allée des Érables;95390;95574;Saint-Prix;;;2.266533;49.014245
95574_0430_00011;11;;Rue Pasteur;95390;95574;Saint-Prix;;;2.264952;49.00168
95574_0510_00021;21;;Rue de Rubelles;95390;95574;Saint-Prix;;;2.264584;49.01319
95574_0190_00097_bis;97;bis;Rue d’Ermont;95390;95574;Saint-Prix;;;2.259573;49.001871
95574_tqat9w_00007;7;;Rue Albert 1er;95390;95574;Saint-Prix;;;2.259274;49.0044
95574_0212_00017;17;;Clos des Vergers;95390;95574;Saint-Prix;;;2.271303;49.007668
95574_tmexl7_00006_bis;6;bis;Rue Louis et Gérard Donzelle;95390;95574;Saint-Prix;;;2.262514;49.010407
95574_0460_00022;22;;Rue Pierre Curie;95390;95574;Saint-Prix;;;2.255252;49.00729
95574_0200_00002;2;;Rue de l’Explorateur Delaporte;95390;95574;Saint-Prix;;;2.264638;49.016252
95574_0190_00082_bis;82;bis;Rue d’Ermont;95390;95574;Saint-Prix;;;2.259561;49.002401
95574_0384_00002;2;;Rue des Mauprès;95390;95574;Saint-Prix;;;2.267585;49.00961
95574_0418_00013;13;;Allée des Noisetiers;95390;95574;Saint-Prix;;;2.270478;49.005654
95574_0170_00005;5;;Rue Édith Cavell;95390;95574;Saint-Prix;;;2.255418;49.01263
95574_0310_00013;13;;Rue Jean Mermoz;95390;95574;Saint-Prix;;;2.258223;49.001324
95574_0118_00010;10;;Allée des Châtaigniers;95390;95574;Saint-Prix;;;2.267032;49.012087
95574_0120_00003;3;;Allée des Chaumières;95390;95574;Saint-Prix;;;2.255125;49.00342
95574_0265_00007;7;;Chemin de la Grande Sente;95390;95574;Saint-Prix;;;2.275488;49.011873
95574_0200_00004;4;;Rue de l’Explorateur Delaporte;95390;95574;Saint-Prix;;;2.264468;49.016082
95574_0386_00013;13;;Villa des Merisiers;95390;95574;Saint-Prix;;;2.269587;49.007251
95574_0090_00018;18;;Rue des Beaux Sites;95390;95574;Saint-Prix;;;2.268864;49.003951
95574_0320_00019;19;;Chemin de la Justice;95390;95574;Saint-Prix;;;2.269894;49.010674
95574_0235_00103;103;;Avenue du Général Leclerc;95390;95574;Saint-Prix;;;2.256898;49.007887
95574_0235_00017;17;;Avenue du Général Leclerc;95390;95574;Saint-Prix;;;2.262912;49.001955
95574_0140_00024;24;;Rue du Colonel Fabien;95390;95574;Saint-Prix;;;2.261278;49.009043
95574_0522_00009;9;;Avenue des Vergers;95390;95574;Saint-Prix;;;2.265764;49.008211
95574_0120_00008;8;;Allée des Chaumières;95390;95574;Saint-Prix;;;2.255654;49.003158
95574_0131_00006;6;;Allée de la Cerisaie;95390;95574;Saint-Prix;;;2.258721;49.007864
95574_0235_00060;60;;Avenue du Général Leclerc;95390;95574;Saint-Prix;;;2.259258;49.005728
95574_0274_00003;3;;Villa des Griottes;95390;95574;Saint-Prix;;;2.264424;49.009118
95574_b028_00008;8;;Domaine de la Rocaille;95390;95574;Saint-Prix;;;2.264827;49.002491
95574_0142_00005;5;;Rue de la Commanderie;95390;95574;Saint-Prix;;;2.263925;49.006962
95574_0523_00008;8;;Rue Ulysse Poidevin;95390;95574;Saint-Prix;;;2.25781;49.009584
95574_0140_00037;37;;Rue du Colonel Fabien;95390;95574;Saint-Prix;;;2.259561;49.006992
95574_0140_00068;68;;Rue du Colonel Fabien;95390;95574;Saint-Prix;;;2.258144;49.005958
95574_0460_00067;67;;Rue Pierre Curie;95390;95574;Saint-Prix;;;2.259443;49.008994
95574_0170_00014;14;;Rue Édith Cavell;95390;95574;Saint-Prix;;;2.255585;49.012605
95574_0470_00017;17;;Rue de Reinebourg;95390;95574;Saint-Prix;;;2.269101;49.012606
95574_0290_00016_quater;16;quater;Rue Hector Carlin;95390;95574;Saint-Prix;;;2.261007;49.000314
95574_0415_00007;7;;Impasse Mottin;95390;95574;Saint-Prix;;;2.263029;48.999133
95574_0235_00062;62;;Avenue du Général Leclerc;95390;95574;Saint-Prix;;;2.259155;49.005824
95574_0430_00060;60;;Rue Pasteur;95390;95574;Saint-Prix;;;2.264912;49.00614
95574_0290_00019;19;;Rue Hector Carlin;95390;95574;Saint-Prix;;;2.261533;49.000094
95574_0080_00035;35;;Rue Auguste Rey;95390;95574;Saint-Prix;;;2.26627;49.01596
95574_tmexl7_00064;64;;Rue Louis et Gérard Donzelle;95390;95574;Saint-Prix;;;2.256946;49.011877
95574_0490_00056;56;;Rue Robert Thomas;95390;95574;Saint-Prix;;;2.270099;49.007041
95574_0190_00089_ter;89;ter;Rue d’Ermont;95390;95574;Saint-Prix;;;2.260499;49.002009
95574_0210_00008;8;;Allée des Fauvettes;95390;95574;Saint-Prix;;;2.261953;49.001455
95574_0190_00088_b;88;b;Rue d’Ermont;95390;95574;Saint-Prix;;;2.260001;49.003571
95574_0250_00006;6;;Rue Georges Ribordy;95390;95574;Saint-Prix;;;2.269753;49.011964
95574_0510_00020;20;;Rue de Rubelles;95390;95574;Saint-Prix;;;2.26469;49.013526
95574_0250_00102;102;;Rue Georges Ribordy;95390;95574;Saint-Prix;;;2.27609;49.010108
95574_0090_00008;8;;Rue des Beaux Sites;95390;95574;Saint-Prix;;;2.267897;49.004364
95574_0430_00080;80;;Rue Pasteur;95390;95574;Saint-Prix;;;2.264172;49.00865
95574_0250_00132;132;;Rue Georges Ribordy;95390;95574;Saint-Prix;;;2.278019;49.008942
95574_0310_00004;4;;Rue Jean Mermoz;95390;95574;Saint-Prix;;;2.259043;49.001094
95574_0080_00016;16;;Rue Auguste Rey;95390;95574;Saint-Prix;;;2.269133;49.01505
95574_0490_00013;13;;Rue Robert Thomas;95390;95574;Saint-Prix;;;2.266382;49.003616
95574_0113_00010;10;;Allée des Charmes;95390;95574;Saint-Prix;;;2.268653;49.00479
95574_0021_00005;5;;Villa Alfred de Musset;95390;95574;Saint-Prix;;;2.253788;49.004147
95574_0080_00002_ter;2;ter;Rue Auguste Rey;95390;95574;Saint-Prix;;;2.271224;49.014313
95574_0090_00013_bis;13;bis;Rue des Beaux Sites;95390;95574;Saint-Prix;;;2.268722;49.004071
95574_rwuloh_00005;5;;Rue Rouget de Lisle;95390;95574;Saint-Prix;;;2.258005;48.999876
95574_0140_00123;123;;Rue du Colonel Fabien;95390;95574;Saint-Prix;;;2.253316;49.002714
95574_0100_00010;10;;Avenue du Bois;95390;95574;Saint-Prix;;;2.255586;49.008026
95574_0318_00015;15;;Rue Jehan de Thor;95390;95574;Saint-Prix;;;2.258329;49.00986
95574_0189_00005;5;;Allée des Érables;95390;95574;Saint-Prix;;;2.26724;49.014326
95574_0310_00039;39;;Rue Jean Mermoz;95390;95574;Saint-Prix;;;2.256509;49.001982
95574_0070_00026;26;;Rue de l’Audience;95390;95574;Saint-Prix;;;2.263399;48.998375
95574_rwuloh_00001;1;;Rue Rouget de Lisle;95390;95574;Saint-Prix;;;2.258285;48.99971
95574_0230_00021;21;;Rue Gambetta;95390;95574;Saint-Prix;;;2.259568;48.999273
95574_0080_00078;78;;Rue Auguste Rey;95390;95574;Saint-Prix;;;2.265293;49.016204
95574_0140_00045;45;;Rue du Colonel Fabien;95390;95574;Saint-Prix;;;2.259753;49.007202
95574_0460_00047;47;;Rue Pierre Curie;95390;95574;Saint-Prix;;;2.257684;49.008487
95574_0235_00097_ter;97;ter;Avenue du Général Leclerc;95390;95574;Saint-Prix;;;2.257468;49.007298
95574_0317_00016;16;;Avenue du Bois Joly;95390;95574;Saint-Prix;;;2.270418;49.004974
95574_0235_00056_ter;56;ter;Avenue du Général Leclerc;95390;95574;Saint-Prix;;;2.259466;49.005489
95574_0386_00002;2;;Villa des Merisiers;95390;95574;Saint-Prix;;;2.269473;49.006773
95574_0080_00002_quater;2;quater;Rue Auguste Rey;95390;95574;Saint-Prix;;;2.27063;49.014543
95574_0510_00038_ter;38;ter;Rue de Rubelles;95390;95574;Saint-Prix;;;2.263218;49.011416
95574_0080_00029;29;;Rue Auguste Rey;95390;95574;Saint-Prix;;;2.266508;49.015967
95574_0397_00019;19;;Villa Molière;95390;95574;Saint-Prix;;;2.260786;49.00112
95574_0100_00020_bis;20;bis;Avenue du Bois;95390;95574;Saint-Prix;;;2.254655;49.007598
95574_0190_00045;45;;Rue d’Ermont;95390;95574;Saint-Prix;;;2.261844;49.006721
95574_0400_00036;36;;Rue de Montlignon;95390;95574;Saint-Prix;;;2.279381;49.012056
95574_0235_00027;27;;Avenue du Général Leclerc;95390;95574;Saint-Prix;;;2.262451;49.002408
95574_0450_00010;10;;Allée des Peupliers;95390;95574;Saint-Prix;;;2.262539;49.001129
95574_xezqpe_00007;7;;rue du colonel fabien;95390;95574;Saint-Prix;;;2.267406;49.004031
95574_tmexl7_00046_bis;46;bis;Rue Louis et Gérard Donzelle;95390;95574;Saint-Prix;;;2.258911;49.011169
95574_0410_00003_bis;3;bis;Route de Montmorency;95390;95574;Saint-Prix;;;2.267727;49.008701
95574_0140_00063;63;;Rue du Colonel Fabien;95390;95574;Saint-Prix;;;2.258922;49.006361
95574_0510_00025;25;;Rue de Rubelles;95390;95574;Saint-Prix;;;2.264445;49.01295
95574_0265_00014;14;;Chemin de la Grande Sente;95390;95574;Saint-Prix;;;2.272707;49.01363
95574_0235_00059;59;;Avenue du Général Leclerc;95390;95574;Saint-Prix;;;2.260118;49.004673
95574_0310_00042;42;;Rue Jean Mermoz;95390;95574;Saint-Prix;;;2.256488;49.002096
95574_0169_00002;2;;Allée du Douanier Rousseau;95390;95574;Saint-Prix;;;2.260699;48.999717
95574_0520_00033;33;;Rue Victor Hugo;95390;95574;Saint-Prix;;;2.263509;49.005792
95574_0030_00046;46;;Rue Anatole France;95390;95574;Saint-Prix;;;2.256475;49.00139
95574_0250_00109;109;;Rue Georges Ribordy;95390;95574;Saint-Prix;;;2.276811;49.010027
95574_0080_00008;8;;Rue Auguste Rey;95390;95574;Saint-Prix;;;2.27014;49.014758
95574_0080_00004_bis;4;bis;Rue Auguste Rey;95390;95574;Saint-Prix;;;2.270445;49.014616
95574_0242_00027;27;;Allée Georges Brassens;95390;95574;Saint-Prix;;;2.258267;49.010388
95574_0458_00002;2;;Villa Pierre de Ronsard;95390;95574;Saint-Prix;;;2.259946;49.010827
95574_0510_00003;3;;Rue de Rubelles;95390;95574;Saint-Prix;;;2.26564;49.015798
95574_0112_00044;44;;Villa Charles Peguy;95390;95574;Saint-Prix;;;2.262392;48.999216
95574_0113_00005;5;;Allée des Charmes;95390;95574;Saint-Prix;;;2.269124;49.004664
95574_a208_00003;3;;Résidence du Cèdre;95390;95574;Saint-Prix;;;2.263832;49.002345
95574_0280_00009_bis;9;bis;Allée Hector Carlin;95390;95574;Saint-Prix;;;2.262173;48.999721
95574_a210_00001;1;;Résidence de la Closeraie;95390;95574;Saint-Prix;;;2.266408;49.001328
95574_0490_00040;40;;Rue Robert Thomas;95390;95574;Saint-Prix;;;2.268775;49.00594
95574_0070_00016_bis;16;bis;Rue de l’Audience;95390;95574;Saint-Prix;;;2.26368;48.999107
95574_0222_00009;9;;Villa Frédéric Chopin;95390;95574;Saint-Prix;;;2.261271;49.011643
95574_0370_00042_bis;42;bis;Rue du Maréchal Joffre;95390;95574;Saint-Prix;;;2.252986;49.001739
95574_0400_00019;19;;Rue de Montlignon;95390;95574;Saint-Prix;;;2.279991;49.012352
95574_0137_00004;4;;Allée du Clos Rouillard;95390;95574;Saint-Prix;;;2.268723;49.009849
95574_0513_00013;13;;Allée des Sequoias;95390;95574;Saint-Prix;;;2.271126;49.007041
95574_0516_00005;5;;Ruelle sous la Solitude;95390;95574;Saint-Prix;;;2.269593;49.015549
95574_a205_00004;4;;Résidence de l’Amandier;95390;95574;Saint-Prix;;;2.261706;49.010941
95574_tqat9w_00040;40;;Rue Albert 1er;95390;95574;Saint-Prix;;;2.256995;49.002573
95574_0420_00010;10;;Route des Parquets;95390;95574;Saint-Prix;;;2.279126;49.018787
95574_0460_00045;45;;Rue Pierre Curie;95390;95574;Saint-Prix;;;2.257419;49.008425
95574_0522_00004;4;;Avenue des Vergers;95390;95574;Saint-Prix;;;2.265249;49.007374
95574_0418_00004;4;;Allée des Noisetiers;95390;95574;Saint-Prix;;;2.270017;49.00543
95574_0310_00024;24;;Rue Jean Mermoz;95390;95574;Saint-Prix;;;2.257216;49.001802
95574_0513_00034;34;;Allée des Sequoias;95390;95574;Saint-Prix;;;2.271139;49.006867
95574_0254_00002;2;;Chemin du Grand Clos;95390;95574;Saint-Prix;;;2.263824;49.013526
95574_xezqpe_00010_bis;10;bis;rue du colonel fabien;95390;95574;Saint-Prix;;;2.268084;49.003634
95574_0140_00029;29;;Rue du Colonel Fabien;95390;95574;Saint-Prix;;;2.260332;49.00788
95574_0235_00106;106;;Avenue du Général Leclerc;95390;95574;Saint-Prix;;;2.25596;49.009454
95574_0340_00007_bis;7;bis;Rue de la Liberté;95390;95574;Saint-Prix;;;2.255113;49.005508
95574_0513_00011;11;;Allée des Sequoias;95390;95574;Saint-Prix;;;2.271078;49.007062
95574_0421_00007;7;;Villa des Passes Crassanes;95390;95574;Saint-Prix;;;2.266768;49.00723
95574_0190_00103_bis;103;bis;Rue d’Ermont;95390;95574;Saint-Prix;;;2.259444;49.001157
95574_0318_00016;16;;Rue Jehan de Thor;95390;95574;Saint-Prix;;;2.258584;49.009773
95574_0190_00072;72;;Rue d’Ermont;95390;95574;Saint-Prix;;;2.261195;49.005751
95574_0139_00005;5;;Villa des Comices;95390;95574;Saint-Prix;;;2.267846;49.006783
95574_0274_00010;10;;Villa des Griottes;95390;95574;Saint-Prix;;;2.26466;49.009195
95574_u3qxk0_00003;3;;Ferme de Saint-Prix;95390;95574;Saint-Prix;;;2.26304;49.008358
95574_0510_00016_ter;16;ter;Rue de Rubelles;95390;95574;Saint-Prix;;;2.263085;49.01446
95574_0410_00015;15;;Route de Montmorency;95390;95574;Saint-Prix;;;2.270376;49.007727
95574_0520_00003;3;;Rue Victor Hugo;95390;95574;Saint-Prix;;;2.261778;49.003918
95574_0230_00003;3;;Rue Gambetta;95390;95574;Saint-Prix;;;2.257213;48.999851
95574_0510_00044;44;;Rue de Rubelles;95390;95574;Saint-Prix;;;2.263554;49.010967
95574_0274_00003;3;;Villa des Griottes;95390;95574;Saint-Prix;;;2.264436;49.009251
95574_0280_00004;4;;Allée Hector Carlin;95390;95574;Saint-Prix;;;2.261718;48.99986
95574_tqat9w_00010;10;;Rue Albert 1er;95390;95574;Saint-Prix;;;2.258923;49.004229
95574_a208_00001;1;;Résidence du Cèdre;95390;95574;Saint-Prix;;;2.263347;49.0018
95574_0306_00014;14;;Rue Jean de La Fontaine;95390;95574;Saint-Prix;;;2.255986;49.010913
95574_0443_00005;5;;Rue du Petit Luat;95390;95574;Saint-Prix;;;2.266976;49.001395
95574_0140_00080;80;;Rue du Colonel Fabien;95390;95574;Saint-Prix;;;2.256539;49.004979
95574_0460_00061_bis;61;bis;Rue Pierre Curie;95390;95574;Saint-Prix;;;2.258886;49.008837
95574_0350_00003;3;;Rue Louis Barthou;95390;95574;Saint-Prix;;;2.25352;49.003396
95574_0140_00061;61;;Rue du Colonel Fabien;95390;95574;Saint-Prix;;;2.259075;49.006446
95574_0190_00032_bis;32;bis;Rue d’Ermont;95390;95574;Saint-Prix;;;2.262354;49.008358
95574_0080_00054_bis;54;bis;Rue Auguste Rey;95390;95574;Saint-Prix;;;2.267423;49.016509
95574_0430_00034;34;;Rue Pasteur;95390;95574;Saint-Prix;;;2.265481;49.003589
95574_0190_00096_d;96;d;Rue d’Ermont;95390;95574;Saint-Prix;;;2.259815;49.003251
95574_0370_00036;36;;Rue du Maréchal Joffre;95390;95574;Saint-Prix;;;2.253889;49.001386
95574_0112_00004;4;;Villa Charles Peguy;95390;95574;Saint-Prix;;;2.261817;48.99877
95574_0310_00031;31;;Rue Jean Mermoz;95390;95574;Saint-Prix;;;2.25701;49.001791
95574_0400_00025;25;;Rue de Montlignon;95390;95574;Saint-Prix;;;2.280248;49.011835
95574_0211_00006;6;;Rue de la Ferme de Saint-Prix;95390;95574;Saint-Prix;;;2.26351;49.007987
95574_0385_00002;2;;Allée Maurice Ravel;95390;95574;Saint-Prix;;;2.2591;49.002599
95574_0490_00042;42;;Rue Robert Thomas;95390;95574;Saint-Prix;;;2.268942;49.006047
95574_0242_00025;25;;Allée Georges Brassens;95390;95574;Saint-Prix;;;2.258434;49.01037
95574_0118_00002;2;;Allée des Châtaigniers;95390;95574;Saint-Prix;;;2.26612;49.013241
95574_0080_00020;20;;Rue Auguste Rey;95390;95574;Saint-Prix;;;2.268886;49.015148
95574_0112_00002;2;;Villa Charles Peguy;95390;95574;Saint-Prix;;;2.261794;48.99874
95574_0190_00026;26;;Rue d’Ermont;95390;95574;Saint-Prix;;;2.262611;49.008783
95574_tmexl7_00006;6;;Rue Louis et Gérard Donzelle;95390;95574;Saint-Prix;;;2.262532;49.010382
95574_0274_00002;2;;Villa des Griottes;95390;95574;Saint-Prix;;;2.265139;49.008716
95574_0472_00016;16;;Villa des Reines-Claudes;95390;95574;Saint-Prix;;;2.26734;49.007713
95574_0355_00003;3;;Allée de la Louvette;95390;95574;Saint-Prix;;;2.254556;49.0026
95574_0140_00073_bis;73;bis;Rue du Colonel Fabien;95390;95574;Saint-Prix;;;2.257366;49.005364
95574_0400_00007;7;;Rue de Montlignon;95390;95574;Saint-Prix;;;2.276126;49.013091
95574_0140_00006;6;;Rue du Colonel Fabien;95390;95574;Saint-Prix;;;2.262028;49.010081
95574_0520_00007;7;;Rue Victor Hugo;95390;95574;Saint-Prix;;;2.262076;49.004236
95574_0242_00006;6;;Allée Georges Brassens;95390;95574;Saint-Prix;;;2.259342;49.010125
95574_0095_00008;8;;Rue des Bleuets;95390;95574;Saint-Prix;;;2.260159;49.006408
95574_0513_00028;28;;Allée des Sequoias;95390;95574;Saint-Prix;;;2.271087;49.006432
95574_0382_00002;2;;Sentier des Maupres;95390;95574;Saint-Prix;;;2.267661;49.009513
95574_0160_00009;9;;Rue du Docteur Roux;95390;95574;Saint-Prix;;;2.265833;49.001034
95574_0112_00054;54;;Villa Charles Peguy;95390;95574;Saint-Prix;;;2.262511;48.999358
95574_0497_00012;12;;Impasse des Rossignols;95390;95574;Saint-Prix;;;2.257067;49.009085
95574_0250_00017_bis;17;bis;Rue Georges Ribordy;95390;95574;Saint-Prix;;;2.270314;49.011799
95574_0132_00012;12;;Villa César Franck;95390;95574;Saint-Prix;;;2.254085;49.005261
95574_0107_00002;2;;Villa des Reinettes;95390;95574;Saint-Prix;;;2.26671;49.006136
95574_0112_00008;8;;Villa Charles Peguy;95390;95574;Saint-Prix;;;2.261862;48.99883
95574_0190_00015;15;;Rue d’Ermont;95390;95574;Saint-Prix;;;2.26278;49.008848
95574_tmexl7_00045;45;;Rue Louis et Gérard Donzelle;95390;95574;Saint-Prix;;;2.258488;49.011135
95574_0104_00005;5;;Avenue du Bois du Luat;95390;95574;Saint-Prix;;;2.267487;49.00598
95574_0190_00130;130;;Rue d’Ermont;95390;95574;Saint-Prix;;;2.259257;49.000588
95574_0107_00010;10;;Villa des Reinettes;95390;95574;Saint-Prix;;;2.265688;49.005959
95574_0280_00026;26;;Allée Hector Carlin;95390;95574;Saint-Prix;;;2.259632;48.99999
95574_0132_00013;13;;Villa César Franck;95390;95574;Saint-Prix;;;2.254975;49.005745
95574_0100_00022;22;;Avenue du Bois;95390;95574;Saint-Prix;;;2.254655;49.007598
95574_0250_00002;2;;Rue Georges Ribordy;95390;95574;Saint-Prix;;;2.269279;49.012049
95574_0400_00016;16;;Rue de Montlignon;95390;95574;Saint-Prix;;;2.276486;49.01294
95574_0131_00005;5;;Allée de la Cerisaie;95390;95574;Saint-Prix;;;2.258738;49.007972
95574_0522_00014;14;;Avenue des Vergers;95390;95574;Saint-Prix;;;2.265876;49.008142
95574_0250_00104;104;;Rue Georges Ribordy;95390;95574;Saint-Prix;;;2.276157;49.010091
95574_0510_00007_ter;7;ter;Rue de Rubelles;95390;95574;Saint-Prix;;;2.265018;49.01442
95574_0222_00003;3;;Villa Frédéric Chopin;95390;95574;Saint-Prix;;;2.261181;49.012153
95574_0490_00031;31;;Rue Robert Thomas;95390;95574;Saint-Prix;;;2.267586;49.005151
95574_0190_00074;74;;Rue d’Ermont;95390;95574;Saint-Prix;;;2.261107;49.005618
95574_0190_00037_bis;37;bis;Rue d’Ermont;95390;95574;Saint-Prix;;;2.262032;49.007311
95574_0020_00030;30;;Rue Alexandre Ribot;95390;95574;Saint-Prix;;;2.257885;49.008217
95574_0390_00003_bis;3;bis;Rue Michel Cauchez;95390;95574;Saint-Prix;;;2.256623;49.005414
95574_0140_00127;127;;Rue du Colonel Fabien;95390;95574;Saint-Prix;;;2.253021;49.002472
95574_0316_00004_bis;4;bis;Allée Joachim du Bellay;95390;95574;Saint-Prix;;;2.261142;49.010084
95574_0320_00013;13;;Chemin de la Justice;95390;95574;Saint-Prix;;;2.269525;49.010812
95574_0350_00015;15;;Rue Louis Barthou;95390;95574;Saint-Prix;;;2.253129;49.003979
95574_0140_00052;52;;Rue du Colonel Fabien;95390;95574;Saint-Prix;;;2.259524;49.007095
95574_0385_00004;4;;Allée Maurice Ravel;95390;95574;Saint-Prix;;;2.258754;49.002772
95574_0460_00056_bis;56;bis;Rue Pierre Curie;95390;95574;Saint-Prix;;;2.259509;49.009102
95574_0325_00005;5;;Rue Léon Cordier;95390;95574;Saint-Prix;;;2.266286;49.01541
95574_0140_00047;47;;Rue du Colonel Fabien;95390;95574;Saint-Prix;;;2.259666;49.007099
95574_0460_00062;62;;Rue Pierre Curie;95390;95574;Saint-Prix;;;2.26096;49.009523
95574_0140_00014;14;;Rue du Colonel Fabien;95390;95574;Saint-Prix;;;2.261522;49.00931
95574_0265_00005;5;;Chemin de la Grande Sente;95390;95574;Saint-Prix;;;2.272707;49.01363
95574_0134_00004;4;;Villa des Chênes;95390;95574;Saint-Prix;;;2.26577;49.014553
95574_0222_00011;11;;Villa Frédéric Chopin;95390;95574;Saint-Prix;;;2.261159;49.011498
95574_0254_00020;20;;Chemin du Grand Clos;95390;95574;Saint-Prix;;;2.263526;49.013826
95574_0510_00038_bis;38;bis;Rue de Rubelles;95390;95574;Saint-Prix;;;2.263304;49.011446
95574_0310_00052;52;;Rue Jean Mermoz;95390;95574;Saint-Prix;;;2.255939;49.001997
95574_0140_00062;62;;Rue du Colonel Fabien;95390;95574;Saint-Prix;;;2.259044;49.006566
95574_0230_00006;6;;Rue Gambetta;95390;95574;Saint-Prix;;;2.256691;49.000912
95574_0190_00106;106;;Rue d’Ermont;95390;95574;Saint-Prix;;;2.259519;49.00224
95574_0318_00010;10;;Rue Jehan de Thor;95390;95574;Saint-Prix;;;2.257651;49.009869
95574_0080_00039;39;;Rue Auguste Rey;95390;95574;Saint-Prix;;;2.265973;49.015983
95574_0385_00003;3;;Allée Maurice Ravel;95390;95574;Saint-Prix;;;2.25889;49.002701
95574_0235_00031;31;;Avenue du Général Leclerc;95390;95574;Saint-Prix;;;2.262205;49.002648
95574_0080_00017;17;;Rue Auguste Rey;95390;95574;Saint-Prix;;;2.267273;49.015965
95574_tmexl7_00034;34;;Rue Louis et Gérard Donzelle;95390;95574;Saint-Prix;;;2.260005;49.011094
95574_0318_00012;12;;Rue Jehan de Thor;95390;95574;Saint-Prix;;;2.25783;49.010038
95574_0274_00001;1;;Villa des Griottes;95390;95574;Saint-Prix;;;2.264875;49.008941
95574_0280_00033;33;;Allée Hector Carlin;95390;95574;Saint-Prix;;;2.259773;48.999905
95574_0190_00067;67;;Rue d’Ermont;95390;95574;Saint-Prix;;;2.260919;49.00496
95574_0190_00093;93;;Rue d’Ermont;95390;95574;Saint-Prix;;;2.25963;49.002149
95574_0190_00004;4;;Rue d’Ermont;95390;95574;Saint-Prix;;;2.263158;49.009929
95574_0110_00003_bis;3;bis;Rue du Château de la Chasse;95390;95574;Saint-Prix;;;2.277192;49.014624
95574_0190_00087;87;;Rue d’Ermont;95390;95574;Saint-Prix;;;2.259776;49.002671
95574_0180_00001;1;;Rue de l’Église;95390;95574;Saint-Prix;;;2.266109;49.016276
95574_0530_00043;43;;Rue de l’Yser;95390;95574;Saint-Prix;;;2.259267;49.013118
95574_0382_00007;7;;Sentier des Maupres;95390;95574;Saint-Prix;;;2.267775;49.010257
95574_0355_00003_bis;3;bis;Allée de la Louvette;95390;95574;Saint-Prix;;;2.254566;49.002588
95574_0235_00097_bis;97;bis;Avenue du Général Leclerc;95390;95574;Saint-Prix;;;2.257681;49.007123
95574_0104_00012;12;;Avenue du Bois du Luat;95390;95574;Saint-Prix;;;2.266684;49.006392
95574_0235_00119;119;;Avenue du Général Leclerc;95390;95574;Saint-Prix;;;2.256038;49.00878
95574_rwuloh_00032;32;;Rue Rouget de Lisle;95390;95574;Saint-Prix;;;2.256965;49.000412
95574_0265_00010;10;;Chemin de la Grande Sente;95390;95574;Saint-Prix;;;2.272707;49.01363
95574_0140_00025;25;;Rue du Colonel Fabien;95390;95574;Saint-Prix;;;2.260583;49.008153
95574_0235_00079;79;;Avenue du Général Leclerc;95390;95574;Saint-Prix;;;2.258869;49.005865
95574_0316_00007;7;;Allée Joachim du Bellay;95390;95574;Saint-Prix;;;2.260625;49.010149
95574_0235_00104;104;;Avenue du Général Leclerc;95390;95574;Saint-Prix;;;2.25592;49.009138
95574_0370_00030;30;;Rue du Maréchal Joffre;95390;95574;Saint-Prix;;;2.254298;49.001199
95574_0120_00018;18;;Allée des Chaumières;95390;95574;Saint-Prix;;;2.255897;49.002428
95574_0140_00011;11;;Rue du Colonel Fabien;95390;95574;Saint-Prix;;;2.261681;49.009373
95574_0112_00050;50;;Villa Charles Peguy;95390;95574;Saint-Prix;;;2.262462;48.999301
95574_0250_00109_bis;109;bis;Rue Georges Ribordy;95390;95574;Saint-Prix;;;2.276886;49.010009
95574_0510_00008;8;;Rue de Rubelles;95390;95574;Saint-Prix;;;2.265464;49.015704
95574_0235_00039;39;;Avenue du Général Leclerc;95390;95574;Saint-Prix;;;2.261845;49.003017
95574_0212_00019;19;;Clos des Vergers;95390;95574;Saint-Prix;;;2.271392;49.007758
95574_0250_00007;7;;Rue Georges Ribordy;95390;95574;Saint-Prix;;;2.269328;49.012126
95574_0020_00015;15;;Rue Alexandre Ribot;95390;95574;Saint-Prix;;;2.257991;49.007858
95574_0470_00029;29;;Rue de Reinebourg;95390;95574;Saint-Prix;;;2.268408;49.011457
95574_0530_00055;55;;Rue de l’Yser;95390;95574;Saint-Prix;;;2.258438;49.013464
95574_0470_00012;12;;Rue de Reinebourg;95390;95574;Saint-Prix;;;2.268911;49.012741
95574_0290_00018_quater;18;quater;Rue Hector Carlin;95390;95574;Saint-Prix;;;2.260383;49.000185
95574_0190_00028;28;;Rue d’Ermont;95390;95574;Saint-Prix;;;2.262528;49.008661
95574_0113_00018;18;;Allée des Charmes;95390;95574;Saint-Prix;;;2.269927;49.004257
95574_0113_00012;12;;Allée des Charmes;95390;95574;Saint-Prix;;;2.268908;49.004678
95574_rwuloh_00052;52;;Rue Rouget de Lisle;95390;95574;Saint-Prix;;;2.25576;49.001238
95574_0113_00016;16;;Allée des Charmes;95390;95574;Saint-Prix;;;2.269504;49.004433
95574_0516_00009;9;;Ruelle sous la Solitude;95390;95574;Saint-Prix;;;2.268371;49.016701
95574_0490_00019;19;;Rue Robert Thomas;95390;95574;Saint-Prix;;;2.266535;49.003819
95574_0430_00038;38;;Rue Pasteur;95390;95574;Saint-Prix;;;2.2654;49.004098
95574_0530_00015_bis;15;bis;Rue de l’Yser;95390;95574;Saint-Prix;;;2.261587;49.012332
95574_0400_00009;9;;Rue de Montlignon;95390;95574;Saint-Prix;;;2.276482;49.013025
95574_0320_00001;1;;Chemin de la Justice;95390;95574;Saint-Prix;;;2.268359;49.011325
95574_0120_00014;14;;Allée des Chaumières;95390;95574;Saint-Prix;;;2.255776;49.003061
95574_0290_00008;8;;Rue Hector Carlin;95390;95574;Saint-Prix;;;2.262509;49.000467
95574_0265_00001;1;;Chemin de la Grande Sente;95390;95574;Saint-Prix;;;2.272158;49.013405
95574_tmexl7_00017;17;;Rue Louis et Gérard Donzelle;95390;95574;Saint-Prix;;;2.261306;49.010684
95574_0360_00003;3;;Rue Maignan Larivière;95390;95574;Saint-Prix;;;2.263946;49.016447
95574_0470_00013_q;13;q;Rue de Reinebourg;95390;95574;Saint-Prix;;;2.2691;49.013345
95574_a215_00004;4;;Résidence du Cottage;95390;95574;Saint-Prix;;;2.25644;49.006458
95574_0140_00119;119;;Rue du Colonel Fabien;95390;95574;Saint-Prix;;;2.253529;49.002889
95574_0080_00013;13;;Rue Auguste Rey;95390;95574;Saint-Prix;;;2.267759;49.015799
95574_0513_00008;8;;Allée des Sequoias;95390;95574;Saint-Prix;;;2.270489;49.006229
95574_0090_00019_bis;19;bis;Rue des Beaux Sites;95390;95574;Saint-Prix;;;2.267329;49.004687
95574_0390_00027;27;;Rue Michel Cauchez;95390;95574;Saint-Prix;;;2.255257;49.006483
95574_0090_00016;16;;Rue des Beaux Sites;95390;95574;Saint-Prix;;;2.268653;49.00404
95574_0513_00030;30;;Allée des Sequoias;95390;95574;Saint-Prix;;;2.271175;49.006503
95574_0530_00064_bis;64;bis;Rue de l’Yser;95390;95574;Saint-Prix;;;2.256761;49.013848
95574_0510_00032;32;;Rue de Rubelles;95390;95574;Saint-Prix;;;2.264235;49.012774
95574_0340_00010;10;;Rue de la Liberté;95390;95574;Saint-Prix;;;2.255268;49.005378
95574_0513_00026;26;;Allée des Sequoias;95390;95574;Saint-Prix;;;2.270693;49.006619
95574_0522_00001;1;;Avenue des Vergers;95390;95574;Saint-Prix;;;2.26507;49.00737
95574_0530_00041;41;;Rue de l’Yser;95390;95574;Saint-Prix;;;2.259359;49.013072
95574_0151_00001;1;;Rue de la Croix Saint-Jacques;95390;95574;Saint-Prix;;;2.26594;49.016329
95574_0190_00052;52;;Rue d’Ermont;95390;95574;Saint-Prix;;;2.261895;49.007345
95574_0350_00009;9;;Rue Louis Barthou;95390;95574;Saint-Prix;;;2.253332;49.003693
95574_0100_00008_bis;8;bis;Avenue du Bois;95390;95574;Saint-Prix;;;2.255718;49.0081
95574_0235_00014_c;14;c;Avenue du Général Leclerc;95390;95574;Saint-Prix;;;2.263854;49.002931
95574_0510_00005_b;5;b;Rue de Rubelles;95390;95574;Saint-Prix;;;2.265371;49.015478
95574_0316_00007_bis;7;bis;Allée Joachim du Bellay;95390;95574;Saint-Prix;;;2.260454;49.010075
95574_0383_00007;7;;Villa Guy de Maupassant;95390;95574;Saint-Prix;;;2.254693;49.003244
95574_0090_00022;22;;Rue des Beaux Sites;95390;95574;Saint-Prix;;;2.269159;49.003824
95574_0190_00054;54;;Rue d’Ermont;95390;95574;Saint-Prix;;;2.261892;49.007254
95574_0290_00026;26;;Rue Hector Carlin;95390;95574;Saint-Prix;;;2.259633;48.999991
95574_0370_00002;2;;Rue du Maréchal Joffre;95390;95574;Saint-Prix;;;2.255855;49.000445
95574_a308_00004;4;;Villa Hector Carlin;95390;95574;Saint-Prix;;;2.262661;49.000098
95574_0120_00022;22;;Allée des Chaumières;95390;95574;Saint-Prix;;;2.256418;49.002816
95574_0265_00003_bis;3;bis;Chemin de la Grande Sente;95390;95574;Saint-Prix;;;2.27234;49.012906
95574_0430_00021;21;;Rue Pasteur;95390;95574;Saint-Prix;;;2.265298;49.002049
95574_0290_00006_bis;6;bis;Rue Hector Carlin;95390;95574;Saint-Prix;;;2.262662;49.000514
95574_0510_00036_ter;36;ter;Rue de Rubelles;95390;95574;Saint-Prix;;;2.262809;49.01174
95574_a265_00010;10;;Résidence des Glaïeuls;95390;95574;Saint-Prix;;;2.254228;49.004542
95574_0265_00008;8;;Chemin de la Grande Sente;95390;95574;Saint-Prix;;;2.272707;49.01363
95574_0111_00002;2;;Villa des Calvilles;95390;95574;Saint-Prix;;;2.266009;49.005413
95574_0050_00043_ter;43;ter;Boulevard Armand Hayem;95390;95574;Saint-Prix;;;2.281508;49.012753
95574_0460_00014_bis;14;bis;Rue Pierre Curie;95390;95574;Saint-Prix;;;2.254335;49.006712
95574_xezqpe_00012;12;;rue du colonel fabien;95390;95574;Saint-Prix;;;2.268254;49.003585
95574_0235_00056_bis;56;bis;Avenue du Général Leclerc;95390;95574;Saint-Prix;;;2.259376;49.005566
95574_0190_00113;113;;Rue d’Ermont;95390;95574;Saint-Prix;;;2.259336;49.00037
95574_0140_00049_bis;49;bis;Rue du Colonel Fabien;95390;95574;Saint-Prix;;;2.259439;49.006865
95574_0430_00056;56;;Rue Pasteur;95390;95574;Saint-Prix;;;2.264991;49.005827
95574_0100_00015_bis;15;bis;Avenue du Bois;95390;95574;Saint-Prix;;;2.254755;49.007538
95574_0530_00071;71;;Rue de l’Yser;95390;95574;Saint-Prix;;;2.257626;49.013667
95574_0430_00057;57;;Rue Pasteur;95390;95574;Saint-Prix;;;2.264216;49.008283
95574_0120_00005_bis;5;bis;Allée des Chaumières;95390;95574;Saint-Prix;;;2.255372;49.0033
95574_0030_00033;33;;Rue Anatole France;95390;95574;Saint-Prix;;;2.257448;49.000907
95574_0330_00001;1;;Place de la Libération;95390;95574;Saint-Prix;;;2.258763;48.999737
95574_0418_00005;5;;Allée des Noisetiers;95390;95574;Saint-Prix;;;2.26991;49.005783
95574_0212_00024;24;;Clos des Vergers;95390;95574;Saint-Prix;;;2.271601;49.00796
95574_0280_00005;5;;Allée Hector Carlin;95390;95574;Saint-Prix;;;2.26196;48.999832
95574_0421_00008;8;;Villa des Passes Crassanes;95390;95574;Saint-Prix;;;2.266919;49.007147
95574_tmexl7_00056;56;;Rue Louis et Gérard Donzelle;95390;95574;Saint-Prix;;;2.257604;49.011594
95574_0235_00105;105;;Avenue du Général Leclerc;95390;95574;Saint-Prix;;;2.256863;49.007924
95574_0111_00001;1;;Villa des Calvilles;95390;95574;Saint-Prix;;;2.266119;49.005413
95574_0160_00005;5;;Rue du Docteur Roux;95390;95574;Saint-Prix;;;2.265319;49.001006
95574_0120_00007;7;;Allée des Chaumières;95390;95574;Saint-Prix;;;2.255515;49.003229
95574_0390_00022;22;;Rue Michel Cauchez;95390;95574;Saint-Prix;;;2.255456;49.006409
95574_0510_00022;22;;Rue de Rubelles;95390;95574;Saint-Prix;;;2.264566;49.013337
95574_0132_00002;2;;Villa César Franck;95390;95574;Saint-Prix;;;2.254776;49.005715
95574_a272_00003;3;;Villa des Grands Clos;95390;95574;Saint-Prix;;;2.263738;49.013397
95574_v6qd13_00001;1;;Place Augustin Bosc;95390;95574;Saint-Prix;;;2.269315;49.00833
95574_0310_00043;43;;Rue Jean Mermoz;95390;95574;Saint-Prix;;;2.256183;49.002064
95574_xezqpe_00009;9;;rue du colonel fabien;95390;95574;Saint-Prix;;;2.267651;49.003928
95574_0090_00012;12;;Rue des Beaux Sites;95390;95574;Saint-Prix;;;2.268262;49.004206
95574_tqat9w_00002;2;;Rue Albert 1er;95390;95574;Saint-Prix;;;2.259516;49.004736
95574_0390_00006;6;;Rue Michel Cauchez;95390;95574;Saint-Prix;;;2.256556;49.005594
95574_0111_00005;5;;Villa des Calvilles;95390;95574;Saint-Prix;;;2.266204;49.005129
95574_0523_00011;11;;Rue Ulysse Poidevin;95390;95574;Saint-Prix;;;2.257471;49.009632
95574_0530_00063_bis;63;bis;Rue de l’Yser;95390;95574;Saint-Prix;;;2.258119;49.013568
95574_0510_00048;48;;Rue de Rubelles;95390;95574;Saint-Prix;;;2.263472;49.010705
95574_0151_00006;6;;Rue de la Croix Saint-Jacques;95390;95574;Saint-Prix;;;2.266102;49.017074
95574_xezqpe_00023_bis;23;bis;rue du colonel fabien;95390;95574;Saint-Prix;;;2.26896;49.003344
95574_0430_00010;10;;Rue Pasteur;95390;95574;Saint-Prix;;;2.264873;49.001462
95574_tmexl7_00026_ter;26;ter;Rue Louis et Gérard Donzelle;95390;95574;Saint-Prix;;;2.25865;49.011191
95574_0306_00004;4;;Rue Jean de La Fontaine;95390;95574;Saint-Prix;;;2.257175;49.011379
95574_0140_00110;110;;Rue du Colonel Fabien;95390;95574;Saint-Prix;;;2.253246;49.002768
95574_0080_00008_bis;8;bis;Rue Auguste Rey;95390;95574;Saint-Prix;;;2.26996;49.014848
95574_0290_00014;14;;Rue Hector Carlin;95390;95574;Saint-Prix;;;2.261287;49.000103
95574_0250_00117;117;;Rue Georges Ribordy;95390;95574;Saint-Prix;;;2.277269;49.009793
95574_0030_00050;50;;Rue Anatole France;95390;95574;Saint-Prix;;;2.256141;49.001525
95574_0020_00007;7;;Rue Alexandre Ribot;95390;95574;Saint-Prix;;;2.258295;49.007412
95574_0212_00001;1;;Clos des Vergers;95390;95574;Saint-Prix;;;2.27157;49.008058
95574_0386_00004;4;;Villa des Merisiers;95390;95574;Saint-Prix;;;2.269777;49.00726
95574_a272_00005;5;;Villa des Grands Clos;95390;95574;Saint-Prix;;;2.263569;49.013429
95574_0510_00033_bis;33;bis;Rue de Rubelles;95390;95574;Saint-Prix;;;2.264479;49.011113
95574_0190_00132;132;;Rue d’Ermont;95390;95574;Saint-Prix;;;2.259247;49.00049
95574_0370_00038_bis;38;bis;Rue du Maréchal Joffre;95390;95574;Saint-Prix;;;2.253441;49.001573
95574_a208_00007;7;;Résidence du Cèdre;95390;95574;Saint-Prix;;;2.264194;49.002503
95574_0137_00011;11;;Allée du Clos Rouillard;95390;95574;Saint-Prix;;;2.268808;49.009597
95574_0530_00077;77;;Rue de l’Yser;95390;95574;Saint-Prix;;;2.257124;49.013734
95574_0242_00013;13;;Allée Georges Brassens;95390;95574;Saint-Prix;;;2.259227;49.010053
95574_0190_00056;56;;Rue d’Ermont;95390;95574;Saint-Prix;;;2.261892;49.007254
95574_0080_00064;64;;Rue Auguste Rey;95390;95574;Saint-Prix;;;2.266437;49.01601
95574_0340_00004;4;;Rue de la Liberté;95390;95574;Saint-Prix;;;2.255709;49.004841
95574_0530_00023;23;;Rue de l’Yser;95390;95574;Saint-Prix;;;2.26081;49.012493
95574_0290_00013;13;;Rue Hector Carlin;95390;95574;Saint-Prix;;;2.262502;49.000385
95574_0190_00076;76;;Rue d’Ermont;95390;95574;Saint-Prix;;;2.26099;49.00532
95574_0370_00024;24;;Rue du Maréchal Joffre;95390;95574;Saint-Prix;;;2.254778;49.000977
95574_0235_00048;48;;Avenue du Général Leclerc;95390;95574;Saint-Prix;;;2.259926;49.005085
95574_0510_00007_quater;7;quater;Rue de Rubelles;95390;95574;Saint-Prix;;;2.265018;49.014303
95574_0140_00059;59;;Rue du Colonel Fabien;95390;95574;Saint-Prix;;;2.259194;49.006578
95574_a265_00005;5;;Résidence des Glaïeuls;95390;95574;Saint-Prix;;;2.254576;49.004708
95574_0140_00036_bis;36;bis;Rue du Colonel Fabien;95390;95574;Saint-Prix;;;2.26069;49.008385
95574_0250_00110;110;;Rue Georges Ribordy;95390;95574;Saint-Prix;;;2.276642;49.009989
95574_0160_00009_bis;9;bis;Rue du Docteur Roux;95390;95574;Saint-Prix;;;2.266033;49.00102
95574_0222_00005;5;;Villa Frédéric Chopin;95390;95574;Saint-Prix;;;2.261329;49.011835
95574_0080_00009;9;;Rue Auguste Rey;95390;95574;Saint-Prix;;;2.270956;49.014337
95574_0460_00063_ter;63;ter;Rue Pierre Curie;95390;95574;Saint-Prix;;;2.259251;49.008941
95574_0530_00054;54;;Rue de l’Yser;95390;95574;Saint-Prix;;;2.258361;49.01357
95574_0212_00016;16;;Clos des Vergers;95390;95574;Saint-Prix;;;2.27137;49.007521
95574_0418_00003;3;;Allée des Noisetiers;95390;95574;Saint-Prix;;;2.269996;49.005723
95574_0080_00009_ter;9;ter;Rue Auguste Rey;95390;95574;Saint-Prix;;;2.271053;49.014296
95574_0290_00020_ter;20;ter;Rue Hector Carlin;95390;95574;Saint-Prix;;;2.260595;49.00028
95574_0190_00103_ter;103;ter;Rue d’Ermont;95390;95574;Saint-Prix;;;2.259442;49.001129
95574_0190_00076_ter;76;ter;Rue d’Ermont;95390;95574;Saint-Prix;;;2.260927;49.00521
95574_0030_00019;19;;Rue Anatole France;95390;95574;Saint-Prix;;;2.258177;49.00061
95574_rwuloh_00002;2;;Rue Rouget de Lisle;95390;95574;Saint-Prix;;;2.25846;48.999761
95574_0140_00096;96;;Rue du Colonel Fabien;95390;95574;Saint-Prix;;;2.25452;49.003804
95574_0290_00006;6;;Rue Hector Carlin;95390;95574;Saint-Prix;;;2.262908;49.000587
95574_0140_00040;40;;Rue du Colonel Fabien;95390;95574;Saint-Prix;;;2.260385;49.008022
95574_0430_00006;6;;Rue Pasteur;95390;95574;Saint-Prix;;;2.26464;49.001209
95574_tqat9w_00009;9;;Rue Albert 1er;95390;95574;Saint-Prix;;;2.25908;49.004243
95574_0070_00024;24;;Rue de l’Audience;95390;95574;Saint-Prix;;;2.263502;48.998644
95574_0430_00023;23;;Rue Pasteur;95390;95574;Saint-Prix;;;2.265354;49.002259
95574_0390_00001;1;;Rue Michel Cauchez;95390;95574;Saint-Prix;;;2.256785;49.005267
95574_0510_00007_bis;7;bis;Rue de Rubelles;95390;95574;Saint-Prix;;;2.265027;49.014573
95574_0104_00006;6;;Avenue du Bois du Luat;95390;95574;Saint-Prix;;;2.267535;49.006074
95574_0230_00045;45;;Rue Gambetta;95390;95574;Saint-Prix;;;2.262124;48.99858
95574_0030_00036_bis;36;bis;Rue Anatole France;95390;95574;Saint-Prix;;;2.257027;49.001167
95574_0385_00005;5;;Allée Maurice Ravel;95390;95574;Saint-Prix;;;2.258594;49.002841
95574_0390_00028;28;;Rue Michel Cauchez;95390;95574;Saint-Prix;;;2.255216;49.006836
95574_0230_00051;51;;Rue Gambetta;95390;95574;Saint-Prix;;;2.262727;48.998381
95574_0113_00009;9;;Allée des Charmes;95390;95574;Saint-Prix;;;2.269546;49.004489
95574_0460_00061;61;;Rue Pierre Curie;95390;95574;Saint-Prix;;;2.258886;49.008837
95574_0458_00008;8;;Villa Pierre de Ronsard;95390;95574;Saint-Prix;;;2.259641;49.010462
95574_0513_00002;2;;Allée des Sequoias;95390;95574;Saint-Prix;;;2.270026;49.006464
95574_0530_00056;56;;Rue de l’Yser;95390;95574;Saint-Prix;;;2.257817;49.013721
95574_0400_00002;2;;Rue de Montlignon;95390;95574;Saint-Prix;;;2.274478;49.013335
95574_0140_00048;48;;Rue du Colonel Fabien;95390;95574;Saint-Prix;;;2.259836;49.007442
95574_0190_00105_quater;105;quater;Rue d’Ermont;95390;95574;Saint-Prix;;;2.260155;49.000556
95574_0242_00019;19;;Allée Georges Brassens;95390;95574;Saint-Prix;;;2.258942;49.010184
95574_0230_00055;55;;Rue Gambetta;95390;95574;Saint-Prix;;;2.263073;48.998259
95574_0131_00003;3;;Allée de la Cerisaie;95390;95574;Saint-Prix;;;2.258593;49.008192
95574_0140_00036;36;;Rue du Colonel Fabien;95390;95574;Saint-Prix;;;2.260716;49.008411
95574_0294_00005;5;;Avenue Héloïse;95390;95574;Saint-Prix;;;2.254546;49.001996
95574_0235_00014_a;14;a;Avenue du Général Leclerc;95390;95574;Saint-Prix;;;2.263733;49.002797
95574_0430_00047;47;;Rue Pasteur;95390;95574;Saint-Prix;;;2.264555;49.007194
95574_0190_00077;77;;Rue d’Ermont;95390;95574;Saint-Prix;;;2.260074;49.00344
95574_rwuloh_00036;36;;Rue Rouget de Lisle;95390;95574;Saint-Prix;;;2.256734;49.000508
95574_0252_00009;9;;Villa George Sand;95390;95574;Saint-Prix;;;2.25411;49.004758
95574_0140_00049;49;;Rue du Colonel Fabien;95390;95574;Saint-Prix;;;2.259543;49.006967
95574_0410_00011;11;;Route de Montmorency;95390;95574;Saint-Prix;;;2.268981;49.008973
95574_rwuloh_00021;21;;Rue Rouget de Lisle;95390;95574;Saint-Prix;;;2.256749;49.000405
95574_0430_00008;8;;Rue Pasteur;95390;95574;Saint-Prix;;;2.264755;49.001335
95574_0450_00001;1;;Allée des Peupliers;95390;95574;Saint-Prix;;;2.263066;49.001588
95574_0400_00018;18;;Rue de Montlignon;95390;95574;Saint-Prix;;;2.276826;49.012877
95574_rwuloh_00040;40;;Rue Rouget de Lisle;95390;95574;Saint-Prix;;;2.256468;49.000618
95574_0320_00017;17;;Chemin de la Justice;95390;95574;Saint-Prix;;;2.269733;49.01073
95574_0235_00038_ter;38;ter;Avenue du Général Leclerc;95390;95574;Saint-Prix;;;2.26157;49.004628
95574_0250_00108;108;;Rue Georges Ribordy;95390;95574;Saint-Prix;;;2.276398;49.010036
95574_0080_00002;2;;Rue Auguste Rey;95390;95574;Saint-Prix;;;2.272287;49.013864
95574_tmexl7_00079;79;;Rue Louis et Gérard Donzelle;95390;95574;Saint-Prix;;;2.255742;49.01209
95574_fc1ad0_00002;2;;Le Bois Corbon;95390;95574;Saint-Prix;;;2.265228;49.028149
95574_0140_00101;101;;Rue du Colonel Fabien;95390;95574;Saint-Prix;;;2.254706;49.003845
95574_0400_00013;13;;Rue de Montlignon;95390;95574;Saint-Prix;;;2.278993;49.01232
95574_0280_00013;13;;Allée Hector Carlin;95390;95574;Saint-Prix;;;2.262395;48.999645
95574_0290_00018;18;;Rue Hector Carlin;95390;95574;Saint-Prix;;;2.260706;48.999962
95574_0430_00024;24;;Rue Pasteur;95390;95574;Saint-Prix;;;2.265564;49.002202
95574_0415_00008;8;;Impasse Mottin;95390;95574;Saint-Prix;;;2.263362;48.999666
95574_0235_00074;74;;Avenue du Général Leclerc;95390;95574;Saint-Prix;;;2.257456;49.007504
95574_0530_00032;32;;Rue de l’Yser;95390;95574;Saint-Prix;;;2.256965;49.013929
95574_0140_00009;9;;Rue du Colonel Fabien;95390;95574;Saint-Prix;;;2.261718;49.00942
95574_0460_00051;51;;Rue Pierre Curie;95390;95574;Saint-Prix;;;2.258384;49.008685
95574_0100_00017;17;;Avenue du Bois;95390;95574;Saint-Prix;;;2.254573;49.007463
95574_0410_00005;5;;Route de Montmorency;95390;95574;Saint-Prix;;;2.268005;49.008621
95574_0318_00009;9;;Rue Jehan de Thor;95390;95574;Saint-Prix;;;2.25801;49.009877
95574_0380_00002;2;;Rue de la Marne;95390;95574;Saint-Prix;;;2.266157;49.011721
95574_0190_00068;68;;Rue d’Ermont;95390;95574;Saint-Prix;;;2.26153;49.006305
95574_0490_00016;16;;Rue Robert Thomas;95390;95574;Saint-Prix;;;2.266719;49.003908
95574_tmexl7_00063;63;;Rue Louis et Gérard Donzelle;95390;95574;Saint-Prix;;;2.256903;49.011785
95574_0340_00014;14;;Rue de la Liberté;95390;95574;Saint-Prix;;;2.255107;49.005706
95574_0131_00001;1;;Allée de la Cerisaie;95390;95574;Saint-Prix;;;2.25851;49.008321
95574_b028_00004;4;;Domaine de la Rocaille;95390;95574;Saint-Prix;;;2.264516;49.001948
95574_0530_00079;79;;Rue de l’Yser;95390;95574;Saint-Prix;;;2.257056;49.013736
95574_0120_00005_ter;5;ter;Allée des Chaumières;95390;95574;Saint-Prix;;;2.255239;49.003366
95574_0460_00016;16;;Rue Pierre Curie;95390;95574;Saint-Prix;;;2.254742;49.006954
95574_0360_00015;15;;Rue Maignan Larivière;95390;95574;Saint-Prix;;;2.262081;49.017286
95574_0497_00001;1;;Impasse des Rossignols;95390;95574;Saint-Prix;;;2.258055;49.008726
95574_0472_00013;13;;Villa des Reines-Claudes;95390;95574;Saint-Prix;;;2.267735;49.008145
95574_0250_00011;11;;Rue Georges Ribordy;95390;95574;Saint-Prix;;;2.269783;49.011995
95574_0190_00134;134;;Rue d’Ermont;95390;95574;Saint-Prix;;;2.259239;49.000409
95574_0340_00016;16;;Rue de la Liberté;95390;95574;Saint-Prix;;;2.255116;49.00609
95574_rwuloh_00030;30;;Rue Rouget de Lisle;95390;95574;Saint-Prix;;;2.257051;49.000378
95574_0530_00017;17;;Rue de l’Yser;95390;95574;Saint-Prix;;;2.261452;49.012362
95574_0140_00118;118;;Rue du Colonel Fabien;95390;95574;Saint-Prix;;;2.252497;49.00214
95574_0110_00003_ter;3;ter;Rue du Château de la Chasse;95390;95574;Saint-Prix;;;2.277385;49.014697
95574_0472_00014;14;;Villa des Reines-Claudes;95390;95574;Saint-Prix;;;2.267693;49.008065
95574_0110_00003;3;;Rue du Château de la Chasse;95390;95574;Saint-Prix;;;2.276677;49.014478
95574_0530_00066;66;;Rue de l’Yser;95390;95574;Saint-Prix;;;2.256672;49.013859
95574_0235_00088_bis;88;bis;Avenue du Général Leclerc;95390;95574;Saint-Prix;;;2.256679;49.008328
95574_0460_00031;31;;Rue Pierre Curie;95390;95574;Saint-Prix;;;2.25574;49.00753
95574_0510_00014;14;;Rue de Rubelles;95390;95574;Saint-Prix;;;2.264911;49.014668
95574_0470_00002;2;;Rue de Reinebourg;95390;95574;Saint-Prix;;;2.267731;49.014235
95574_0530_00010;10;;Rue de l’Yser;95390;95574;Saint-Prix;;;2.261386;49.012442
95574_0190_00053;53;;Rue d’Ermont;95390;95574;Saint-Prix;;;2.261572;49.006136
95574_tqat9w_00032;32;;Rue Albert 1er;95390;95574;Saint-Prix;;;2.257602;49.003204
95574_0290_00023;23;;Rue Hector Carlin;95390;95574;Saint-Prix;;;2.260975;48.999937
95574_0140_00097;97;;Rue du Colonel Fabien;95390;95574;Saint-Prix;;;2.254969;49.004017
95574_0430_00025;25;;Rue Pasteur;95390;95574;Saint-Prix;;;2.265503;49.002373
95574_0435_00001;1;;Villa Paul Verlaine;95390;95574;Saint-Prix;;;2.258513;49.011015
95574_0470_00013_a;13;a;Rue de Reinebourg;95390;95574;Saint-Prix;;;2.269725;49.013697
95574_0450_00011;11;;Allée des Peupliers;95390;95574;Saint-Prix;;;2.262558;49.001016
95574_0100_00008;8;;Avenue du Bois;95390;95574;Saint-Prix;;;2.255822;49.008159
95574_0340_00015_ter;15;ter;Rue de la Liberté;95390;95574;Saint-Prix;;;2.255;49.00596
95574_0340_00007;7;;Rue de la Liberté;95390;95574;Saint-Prix;;;2.255153;49.005422
95574_0340_00018;18;;Rue de la Liberté;95390;95574;Saint-Prix;;;2.255224;49.006309
95574_0320_00020;20;;Chemin de la Justice;95390;95574;Saint-Prix;;;2.270204;49.010484
95574_0080_00082;82;;Rue Auguste Rey;95390;95574;Saint-Prix;;;2.264973;49.016321
95574_0384_00007;7;;Rue des Mauprès;95390;95574;Saint-Prix;;;2.267846;49.010079
95574_0140_00029_bis;29;bis;Rue du Colonel Fabien;95390;95574;Saint-Prix;;;2.260377;49.007916
95574_0430_00009;9;;Rue Pasteur;95390;95574;Saint-Prix;;;2.264846;49.00157
95574_0306_00003;3;;Rue Jean de La Fontaine;95390;95574;Saint-Prix;;;2.257222;49.011287
95574_rwuloh_00023;23;;Rue Rouget de Lisle;95390;95574;Saint-Prix;;;2.256605;49.000465
95574_0460_00044;44;;Rue Pierre Curie;95390;95574;Saint-Prix;;;2.2575;49.008519
95574_0250_00020;20;;Rue Georges Ribordy;95390;95574;Saint-Prix;;;2.270979;49.01143
95574_0318_00002;2;;Rue Jehan de Thor;95390;95574;Saint-Prix;;;2.259295;49.009347
95574_u3qxk0_00006;6;;Ferme de Saint-Prix;95390;95574;Saint-Prix;;;2.263573;49.007981
95574_0530_00069;69;;Rue de l’Yser;95390;95574;Saint-Prix;;;2.25771;49.01366
95574_0190_00066_ter;66;ter;Rue d’Ermont;95390;95574;Saint-Prix;;;2.260931;49.006476
95574_rwuloh_00003;3;;Rue Rouget de Lisle;95390;95574;Saint-Prix;;;2.258125;48.999822
95574_0430_00044;44;;Rue Pasteur;95390;95574;Saint-Prix;;;2.265378;49.004404
95574_0290_00017_bis;17;bis;Rue Hector Carlin;95390;95574;Saint-Prix;;;2.261899;49.000206
95574_0430_00059;59;;Rue Pasteur;95390;95574;Saint-Prix;;;2.264115;49.008525
95574_0455_00050;50;;Chemin du Pré Hacqueville;95390;95574;Saint-Prix;;;2.257153;49.014906
95574_0132_00006;6;;Villa César Franck;95390;95574;Saint-Prix;;;2.254378;49.005466
95574_0520_00026;26;;Rue Victor Hugo;95390;95574;Saint-Prix;;;2.264384;49.006612
95574_0310_00001_b;1;b;Rue Jean Mermoz;95390;95574;Saint-Prix;;;2.259186;49.00096
95574_tmexl7_00036_bis;36;bis;Rue Louis et Gérard Donzelle;95390;95574;Saint-Prix;;;2.259705;49.011116
95574_a260_00010_bis;10;bis;Cité Gambetta;95390;95574;Saint-Prix;;;2.257324;49.000633
95574_tmexl7_00037;37;;Rue Louis et Gérard Donzelle;95390;95574;Saint-Prix;;;2.259263;49.011061
95574_0104_00010;10;;Avenue du Bois du Luat;95390;95574;Saint-Prix;;;2.267021;49.006251
95574_0390_00020;20;;Rue Michel Cauchez;95390;95574;Saint-Prix;;;2.255576;49.006322
95574_0460_00055;55;;Rue Pierre Curie;95390;95574;Saint-Prix;;;2.258579;49.008737
95574_0200_00010;10;;Rue de l’Explorateur Delaporte;95390;95574;Saint-Prix;;;2.258828;49.016019
95574_0140_00086;86;;Rue du Colonel Fabien;95390;95574;Saint-Prix;;;2.255265;49.004256
95574_rwuloh_00034;34;;Rue Rouget de Lisle;95390;95574;Saint-Prix;;;2.256775;49.00049
95574_0381_00014;14;;Allée des Marronniers;95390;95574;Saint-Prix;;;2.26819;49.015026
95574_0235_00092_bis;92;bis;Avenue du Général Leclerc;95390;95574;Saint-Prix;;;2.256486;49.008571
95574_0359_00004;4;;Allée Lucien Desreac;95390;95574;Saint-Prix;;;2.269882;49.009334
95574_0200_00006_bis;6;bis;Rue de l’Explorateur Delaporte;95390;95574;Saint-Prix;;;2.263594;49.015795
95574_0230_00047;47;;Rue Gambetta;95390;95574;Saint-Prix;;;2.26231;48.998518
95574_0520_00025_ter;25;ter;Rue Victor Hugo;95390;95574;Saint-Prix;;;2.262802;49.005604
95574_0151_00004;4;;Rue de la Croix Saint-Jacques;95390;95574;Saint-Prix;;;2.266102;49.017074
95574_0235_00023;23;;Avenue du Général Leclerc;95390;95574;Saint-Prix;;;2.262569;49.002293
95574_0390_00018;18;;Rue Michel Cauchez;95390;95574;Saint-Prix;;;2.255668;49.006255
95574_0430_00030;30;;Rue Pasteur;95390;95574;Saint-Prix;;;2.265535;49.00323
95574_0460_00065;65;;Rue Pierre Curie;95390;95574;Saint-Prix;;;2.259293;49.008957
95574_0355_00009;9;;Allée de la Louvette;95390;95574;Saint-Prix;;;2.255154;49.001981
95574_0235_00067_bis;67;bis;Avenue du Général Leclerc;95390;95574;Saint-Prix;;;2.25954;49.005231
95574_tqat9w_00038;38;;Rue Albert 1er;95390;95574;Saint-Prix;;;2.257046;49.002624
95574_0355_00015;15;;Allée de la Louvette;95390;95574;Saint-Prix;;;2.255205;49.001811
95574_0200_00011;11;;Rue de l’Explorateur Delaporte;95390;95574;Saint-Prix;;;2.262593;49.015694
95574_0235_00065_ter;65;ter;Avenue du Général Leclerc;95390;95574;Saint-Prix;;;2.259568;49.005208
95574_0212_00022;22;;Clos des Vergers;95390;95574;Saint-Prix;;;2.27151;49.007868
95574_0080_00048;48;;Rue Auguste Rey;95390;95574;Saint-Prix;;;2.267555;49.015965
95574_0510_00033;33;;Rue de Rubelles;95390;95574;Saint-Prix;;;2.263825;49.011707
95574_0222_00001;1;;Villa Frédéric Chopin;95390;95574;Saint-Prix;;;2.261259;49.012268
95574_0025_00004;4;;Villa Alphonse de Lamartine;95390;95574;Saint-Prix;;;2.25894;49.012503
95574_0190_00035_r;35;r;Rue d’Ermont;95390;95574;Saint-Prix;;;2.262616;49.007409
95574_0265_00006;6;;Chemin de la Grande Sente;95390;95574;Saint-Prix;;;2.272707;49.01363
95574_0235_00061;61;;Avenue du Général Leclerc;95390;95574;Saint-Prix;;;2.260063;49.004724
95574_0190_00036;36;;Rue d’Ermont;95390;95574;Saint-Prix;;;2.262304;49.008264
95574_0522_00013;13;;Avenue des Vergers;95390;95574;Saint-Prix;;;2.266101;49.008741
95574_0080_00056;56;;Rue Auguste Rey;95390;95574;Saint-Prix;;;2.267117;49.016079
95574_0190_00103;103;;Rue d’Ermont;95390;95574;Saint-Prix;;;2.259469;49.001258
95574_0170_00010;10;;Rue Édith Cavell;95390;95574;Saint-Prix;;;2.255695;49.012537
95574_0250_00129;129;;Rue Georges Ribordy;95390;95574;Saint-Prix;;;2.277983;49.00912
95574_u3qxk0_00005;5;;Ferme de Saint-Prix;95390;95574;Saint-Prix;;;2.262999;49.008241
95574_0104_00016;16;;Avenue du Bois du Luat;95390;95574;Saint-Prix;;;2.266055;49.006631
95574_0190_00083;83;;Rue d’Ermont;95390;95574;Saint-Prix;;;2.259902;49.003021
95574_0460_00032;32;;Rue Pierre Curie;95390;95574;Saint-Prix;;;2.256152;49.007932
95574_0235_00036_bis;36;bis;Avenue du Général Leclerc;95390;95574;Saint-Prix;;;2.261276;49.003764
95574_0170_00018;18;;Rue Édith Cavell;95390;95574;Saint-Prix;;;2.255297;49.012823
95574_0410_00019;19;;Route de Montmorency;95390;95574;Saint-Prix;;;2.271632;49.007119
95574_0519_00003;3;;Sente des Valavons;95390;95574;Saint-Prix;;;2.270577;49.013043
95574_0316_00003;3;;Allée Joachim du Bellay;95390;95574;Saint-Prix;;;2.261283;49.009978
95574_0360_00007;7;;Rue Maignan Larivière;95390;95574;Saint-Prix;;;2.263085;49.016508
95574_0470_00010;10;;Rue de Reinebourg;95390;95574;Saint-Prix;;;2.268888;49.013017
95574_0516_00005_bis;5;bis;Ruelle sous la Solitude;95390;95574;Saint-Prix;;;2.269713;49.015518
95574_0421_00011;11;;Villa des Passes Crassanes;95390;95574;Saint-Prix;;;2.266553;49.007414
95574_0140_00050_ter;50;ter;Rue du Colonel Fabien;95390;95574;Saint-Prix;;;2.259178;49.007358
95574_0235_00100;100;;Avenue du Général Leclerc;95390;95574;Saint-Prix;;;2.256062;49.008968
95574_0132_00008;8;;Villa César Franck;95390;95574;Saint-Prix;;;2.254335;49.005439
95574_0142_00012;12;;Rue de la Commanderie;95390;95574;Saint-Prix;;;2.263732;49.006956
95574_0235_00013;13;;Avenue du Général Leclerc;95390;95574;Saint-Prix;;;2.263389;49.001496
95574_0390_00015;15;;Rue Michel Cauchez;95390;95574;Saint-Prix;;;2.256173;49.005777
95574_u3qxk0_00004;4;;Ferme de Saint-Prix;95390;95574;Saint-Prix;;;2.263709;49.008143
95574_0030_00038;38;;Rue Anatole France;95390;95574;Saint-Prix;;;2.256855;49.001235
95574_0190_00102;102;;Rue d’Ermont;95390;95574;Saint-Prix;;;2.259631;49.00261
95574_0200_00006;6;;Rue de l’Explorateur Delaporte;95390;95574;Saint-Prix;;;2.264214;49.015902
95574_0465_00001;1;;Ruelle Pinson;95390;95574;Saint-Prix;;;2.266612;49.016748
95574_0463_00009;9;;Rue des Poiriers Réaux;95390;95574;Saint-Prix;;;2.264463;49.008495
95574_0080_00046;46;;Rue Auguste Rey;95390;95574;Saint-Prix;;;2.267769;49.015883
95574_0230_00053;53;;Rue Gambetta;95390;95574;Saint-Prix;;;2.262867;48.998333
95574_a208_00011;11;;Résidence du Cèdre;95390;95574;Saint-Prix;;;2.263692;49.001987
95574_0359_00002;2;;Allée Lucien Desreac;95390;95574;Saint-Prix;;;2.269387;49.00856
95574_0316_00007_ter;7;ter;Allée Joachim du Bellay;95390;95574;Saint-Prix;;;2.260371;49.010089
95574_0497_00008;8;;Impasse des Rossignols;95390;95574;Saint-Prix;;;2.25741;49.009154
95574_0212_00009;9;;Clos des Vergers;95390;95574;Saint-Prix;;;2.271185;49.007686
95574_0112_00022;22;;Villa Charles Peguy;95390;95574;Saint-Prix;;;2.262133;48.998906
95574_0455_00052;52;;Chemin du Pré Hacqueville;95390;95574;Saint-Prix;;;2.25723;49.014893
95574_0530_00007;7;;Rue de l’Yser;95390;95574;Saint-Prix;;;2.262268;49.012189
95574_a272_00013;13;;Villa des Grands Clos;95390;95574;Saint-Prix;;;2.262429;49.013685
95574_0140_00019;19;;Rue du Colonel Fabien;95390;95574;Saint-Prix;;;2.261003;49.008591
95574_0235_00037;37;;Avenue du Général Leclerc;95390;95574;Saint-Prix;;;2.261933;49.002907
95574_0430_00022;22;;Rue Pasteur;95390;95574;Saint-Prix;;;2.265458;49.002083
95574_0386_00001;1;;Villa des Merisiers;95390;95574;Saint-Prix;;;2.269281;49.006749
95574_0310_00044;44;;Rue Jean Mermoz;95390;95574;Saint-Prix;;;2.256334;49.002137
95574_0290_00007_ter;7;ter;Rue Hector Carlin;95390;95574;Saint-Prix;;;2.262809;49.00013
95574_0430_00015;15;;Rue Pasteur;95390;95574;Saint-Prix;;;2.265091;49.001828
95574_0381_00009;9;;Allée des Marronniers;95390;95574;Saint-Prix;;;2.266439;49.014797
95574_0110_00007;7;;Rue du Château de la Chasse;95390;95574;Saint-Prix;;;2.278256;49.015289
95574_0490_00030;30;;Rue Robert Thomas;95390;95574;Saint-Prix;;;2.26767;49.005122
95574_0095_00002;2;;Rue des Bleuets;95390;95574;Saint-Prix;;;2.259457;49.006655
95574_0510_00005;5;;Rue de Rubelles;95390;95574;Saint-Prix;;;2.265076;49.014932
95574_0020_00013;13;;Rue Alexandre Ribot;95390;95574;Saint-Prix;;;2.258056;49.00776
95574_0080_00047;47;;Rue Auguste Rey;95390;95574;Saint-Prix;;;2.265075;49.016166
95574_fc1ad0_00003;3;;Le Bois Corbon;95390;95574;Saint-Prix;;;2.265228;49.028149
95574_0316_00004_quater;4;quater;Allée Joachim du Bellay;95390;95574;Saint-Prix;;;2.26085;49.010183
95574_xezqpe_00011;11;;rue du colonel fabien;95390;95574;Saint-Prix;;;2.267887;49.003827
95574_0302_00005;5;;Villa Jean de La Bruyère;95390;95574;Saint-Prix;;;2.25676;49.009747
95574_0230_00033;33;;Rue Gambetta;95390;95574;Saint-Prix;;;2.26082;48.998938
95574_0112_00015;15;;Villa Charles Peguy;95390;95574;Saint-Prix;;;2.262362;48.999348
95574_0490_00051_bis;51;bis;Rue Robert Thomas;95390;95574;Saint-Prix;;;2.269103;49.006254
95574_0190_00044;44;;Rue d’Ermont;95390;95574;Saint-Prix;;;2.262099;49.007835
95574_8mdhl5_00001;1;;Ruelle Pincon;95390;95574;Saint-Prix;;;2.266721;49.01675
95574_0380_00018;18;;Rue de la Marne;95390;95574;Saint-Prix;;;2.267749;49.011453
95574_0235_00024;24;;Avenue du Général Leclerc;95390;95574;Saint-Prix;;;2.262297;49.002784
95574_0318_00008;8;;Rue Jehan de Thor;95390;95574;Saint-Prix;;;2.258125;49.009841
95574_0355_00004;4;;Allée de la Louvette;95390;95574;Saint-Prix;;;2.254021;49.002907
95574_0104_00011;11;;Avenue du Bois du Luat;95390;95574;Saint-Prix;;;2.26658;49.006212
95574_0140_00113;113;;Rue du Colonel Fabien;95390;95574;Saint-Prix;;;2.254093;49.003346
95574_0212_00004;4;;Clos des Vergers;95390;95574;Saint-Prix;;;2.271416;49.007905
95574_0530_00065;65;;Rue de l’Yser;95390;95574;Saint-Prix;;;2.258025;49.013599
95574_tmexl7_00052_bis;52;bis;Rue Louis et Gérard Donzelle;95390;95574;Saint-Prix;;;2.258255;49.011292
95574_0356_00001;1;;Place de la Louvette;95390;95574;Saint-Prix;;;2.253761;49.005914
95574_0140_00022;22;;Rue du Colonel Fabien;95390;95574;Saint-Prix;;;2.261441;49.009238
95574_0103_00073;73;;Chemin des Bretoux;95390;95574;Saint-Prix;;;2.254598;49.007345
95574_0090_00005;5;;Rue des Beaux Sites;95390;95574;Saint-Prix;;;2.26789;49.004445
95574_0397_00003;3;;Villa Molière;95390;95574;Saint-Prix;;;2.259897;49.001524
95574_0140_00077;77;;Rue du Colonel Fabien;95390;95574;Saint-Prix;;;2.256742;49.004967
95574_0030_00036_ter;36;ter;Rue Anatole France;95390;95574;Saint-Prix;;;2.257008;49.001175
95574_0113_00007;7;;Allée des Charmes;95390;95574;Saint-Prix;;;2.269355;49.004591
95574_0530_00087;87;;Rue de l’Yser;95390;95574;Saint-Prix;;;2.256331;49.013819
95574_0104_00021;21;;Avenue du Bois du Luat;95390;95574;Saint-Prix;;;2.265216;49.006835
95574_0200_00003;3;;Rue de l’Explorateur Delaporte;95390;95574;Saint-Prix;;;2.264309;49.015886
95574_0392_00004;4;;Allée Michel-Jean Sedaine;95390;95574;Saint-Prix;;;2.258139;49.008992
95574_xezqpe_00021;21;;rue du colonel fabien;95390;95574;Saint-Prix;;;2.268792;49.003439
95574_0510_00028;28;;Rue de Rubelles;95390;95574;Saint-Prix;;;2.26434;49.012963
95574_a215_00001;1;;Résidence du Cottage;95390;95574;Saint-Prix;;;2.256107;49.006234
95574_tmexl7_00038_bis;38;bis;Rue Louis et Gérard Donzelle;95390;95574;Saint-Prix;;;2.25873;49.011181
95574_0020_00005;5;;Rue Alexandre Ribot;95390;95574;Saint-Prix;;;2.258389;49.007275
95574_0140_00108;108;;Rue du Colonel Fabien;95390;95574;Saint-Prix;;;2.253685;49.003131
95574_rwuloh_00048;48;;Rue Rouget de Lisle;95390;95574;Saint-Prix;;;2.256051;49.000878
95574_0459_00004;4;;Villa Pierre Corneille;95390;95574;Saint-Prix;;;2.258217;49.013155
95574_0430_00042;42;;Rue Pasteur;95390;95574;Saint-Prix;;;2.265354;49.004334
95574_0340_00009;9;;Rue de la Liberté;95390;95574;Saint-Prix;;;2.255034;49.005653
95574_0380_00014;14;;Rue de la Marne;95390;95574;Saint-Prix;;;2.267545;49.011507
95574_0080_00032;32;;Rue Auguste Rey;95390;95574;Saint-Prix;;;2.26833;49.01552
95574_0315_00006;6;;Allée Jean-Philippe Rameau;95390;95574;Saint-Prix;;;2.25595;49.003577
95574_xezqpe_00013;13;;rue du colonel fabien;95390;95574;Saint-Prix;;;2.268069;49.003748
95574_0118_00005;5;;Allée des Châtaigniers;95390;95574;Saint-Prix;;;2.267339;49.012932
95574_0390_00014;14;;Rue Michel Cauchez;95390;95574;Saint-Prix;;;2.256192;49.005886
95574_0250_00038;38;;Rue Georges Ribordy;95390;95574;Saint-Prix;;;2.272153;49.010969
95574_0140_00079;79;;Rue du Colonel Fabien;95390;95574;Saint-Prix;;;2.256716;49.004944
95574_0020_00021;21;;Rue Alexandre Ribot;95390;95574;Saint-Prix;;;2.257718;49.008253
95574_0410_00001_b;1;b;Route de Montmorency;95390;95574;Saint-Prix;;;2.263767;49.009871
95574_0140_00068_bis;68;bis;Rue du Colonel Fabien;95390;95574;Saint-Prix;;;2.257924;49.005827
95574_0355_00001_bis;1;bis;Allée de la Louvette;95390;95574;Saint-Prix;;;2.25443;49.002782
95574_0080_00037;37;;Rue Auguste Rey;95390;95574;Saint-Prix;;;2.266131;49.015966
95574_a265_00008;8;;Résidence des Glaïeuls;95390;95574;Saint-Prix;;;2.254326;49.00463
95574_a208_00006;6;;Résidence du Cèdre;95390;95574;Saint-Prix;;;2.264096;49.002548
95574_tmexl7_00039;39;;Rue Louis et Gérard Donzelle;95390;95574;Saint-Prix;;;2.258946;49.011078
95574_0021_00008;8;;Villa Alfred de Musset;95390;95574;Saint-Prix;;;2.253283;49.004945
95574_0290_00022;22;;Rue Hector Carlin;95390;95574;Saint-Prix;;;2.259934;48.999972
95574_0235_00063;63;;Avenue du Général Leclerc;95390;95574;Saint-Prix;;;2.259803;49.004969
95574_0290_00018_bis;18;bis;Rue Hector Carlin;95390;95574;Saint-Prix;;;2.260671;48.999973
95574_0235_00049;49;;Avenue du Général Leclerc;95390;95574;Saint-Prix;;;2.260913;49.003894
95574_0140_00074;74;;Rue du Colonel Fabien;95390;95574;Saint-Prix;;;2.257387;49.005497
95574_0450_00020_bis;20;bis;Allée des Peupliers;95390;95574;Saint-Prix;;;2.261918;49.00044
95574_0397_00011;11;;Villa Molière;95390;95574;Saint-Prix;;;2.261081;49.001426
95574_0310_00022;22;;Rue Jean Mermoz;95390;95574;Saint-Prix;;;2.257288;49.001776
95574_0235_00085;85;;Avenue du Général Leclerc;95390;95574;Saint-Prix;;;2.258357;49.006374
95574_0380_00008;8;;Rue de la Marne;95390;95574;Saint-Prix;;;2.267138;49.011582
95574_0461_00005;5;;Allée des Pins;95390;95574;Saint-Prix;;;2.266656;49.015407
95574_0250_00123;123;;Rue Georges Ribordy;95390;95574;Saint-Prix;;;2.277585;49.009493
95574_0222_00018;18;;Villa Frédéric Chopin;95390;95574;Saint-Prix;;;2.260537;49.011769
95574_tmexl7_00069;69;;Rue Louis et Gérard Donzelle;95390;95574;Saint-Prix;;;2.256463;49.011952
95574_0134_00001;1;;Villa des Chênes;95390;95574;Saint-Prix;;;2.265848;49.014362
95574_0302_00001;1;;Villa Jean de La Bruyère;95390;95574;Saint-Prix;;;2.255881;49.009306
95574_rwuloh_00044;44;;Rue Rouget de Lisle;95390;95574;Saint-Prix;;;2.256281;49.000695
95574_0030_00017;17;;Rue Anatole France;95390;95574;Saint-Prix;;;2.258267;49.000574
95574_0370_00010;10;;Rue du Maréchal Joffre;95390;95574;Saint-Prix;;;2.255318;49.000708
95574_rwuloh_00016;16;;Rue Rouget de Lisle;95390;95574;Saint-Prix;;;2.257862;49.00004
95574_0020_00017;17;;Rue Alexandre Ribot;95390;95574;Saint-Prix;;;2.257892;49.008001
95574_0300_00006;6;;Sente de l’Hôpital;95390;95574;Saint-Prix;;;2.262269;49.011808
95574_0169_00006;6;;Allée du Douanier Rousseau;95390;95574;Saint-Prix;;;2.260928;48.999609
95574_0190_00039;39;;Rue d’Ermont;95390;95574;Saint-Prix;;;2.262017;49.007254
95574_0419_00002;2;;Avenue du Parc;95390;95574;Saint-Prix;;;2.2658;49.01346
95574_0235_00058;58;;Avenue du Général Leclerc;95390;95574;Saint-Prix;;;2.25937;49.00562
95574_0140_00065;65;;Rue du Colonel Fabien;95390;95574;Saint-Prix;;;2.25807;49.00582
95574_0510_00005_q;5;q;Rue de Rubelles;95390;95574;Saint-Prix;;;2.265175;49.014794
95574_0090_00011;11;;Rue des Beaux Sites;95390;95574;Saint-Prix;;;2.268511;49.004181
95574_0370_00056;56;;Rue du Maréchal Joffre;95390;95574;Saint-Prix;;;2.252642;49.001813
95574_0430_00090;90;;Rue Pasteur;95390;95574;Saint-Prix;;;2.26375;49.009537
95574_0120_00011;11;;Allée des Chaumières;95390;95574;Saint-Prix;;;2.256008;49.002998
95574_0530_00028;28;;Rue de l’Yser;95390;95574;Saint-Prix;;;2.259876;49.012914
95574_0021_00011;11;;Villa Alfred de Musset;95390;95574;Saint-Prix;;;2.253216;49.004976
95574_0384_00012;12;;Rue des Mauprès;95390;95574;Saint-Prix;;;2.268373;49.010632
95574_0390_00029;29;;Rue Michel Cauchez;95390;95574;Saint-Prix;;;2.255115;49.006796
95574_0190_00120;120;;Rue d’Ermont;95390;95574;Saint-Prix;;;2.259353;49.001285
95574_0490_00027;27;;Rue Robert Thomas;95390;95574;Saint-Prix;;;2.267309;49.004832
95574_0030_00032;32;;Rue Anatole France;95390;95574;Saint-Prix;;;2.25745;49.000998
95574_0400_00040;40;;Rue de Montlignon;95390;95574;Saint-Prix;;;2.280903;49.011557
95574_a265_00006;6;;Résidence des Glaïeuls;95390;95574;Saint-Prix;;;2.254479;49.004736
95574_0510_00003_bis;3;bis;Rue de Rubelles;95390;95574;Saint-Prix;;;2.26544;49.015549
95574_0210_00009;9;;Allée des Fauvettes;95390;95574;Saint-Prix;;;2.261898;49.001425
95574_0118_00003;3;;Allée des Châtaigniers;95390;95574;Saint-Prix;;;2.266599;49.013068
95574_0530_00051;51;;Rue de l’Yser;95390;95574;Saint-Prix;;;2.25892;49.013274
95574_0280_00018_bis;18;bis;Allée Hector Carlin;95390;95574;Saint-Prix;;;2.260524;48.999931
95574_0235_00073;73;;Avenue du Général Leclerc;95390;95574;Saint-Prix;;;2.259245;49.005503
95574_0250_00122;122;;Rue Georges Ribordy;95390;95574;Saint-Prix;;;2.27729;49.009657
95574_a208_00009;9;;Résidence du Cèdre;95390;95574;Saint-Prix;;;2.263917;49.00231
95574_0460_00018;18;;Rue Pierre Curie;95390;95574;Saint-Prix;;;2.255019;49.007129
95574_0350_00007;7;;Rue Louis Barthou;95390;95574;Saint-Prix;;;2.25344;49.003522
95574_0370_00012;12;;Rue du Maréchal Joffre;95390;95574;Saint-Prix;;;2.255233;49.000748
95574_0139_00007;7;;Villa des Comices;95390;95574;Saint-Prix;;;2.267918;49.007145
95574_0384_00001;1;;Rue des Mauprès;95390;95574;Saint-Prix;;;2.267505;49.00971
95574_0030_00018;18;;Rue Anatole France;95390;95574;Saint-Prix;;;2.258454;49.000589
95574_0235_00029;29;;Avenue du Général Leclerc;95390;95574;Saint-Prix;;;2.262371;49.002484
95574_0230_00005_bis;5;bis;Rue Gambetta;95390;95574;Saint-Prix;;;2.256952;48.99988
95574_0435_00007;7;;Villa Paul Verlaine;95390;95574;Saint-Prix;;;2.257885;49.010576
95574_0021_00002_bis;2;bis;Villa Alfred de Musset;95390;95574;Saint-Prix;;;2.253876;49.004112
95574_0530_00045;45;;Rue de l’Yser;95390;95574;Saint-Prix;;;2.259153;49.013176
95574_0450_00019;19;;Allée des Peupliers;95390;95574;Saint-Prix;;;2.262183;49.000598
95574_0340_00011;11;;Rue de la Liberté;95390;95574;Saint-Prix;;;2.254982;49.005735
95574_0510_00011;11;;Rue de Rubelles;95390;95574;Saint-Prix;;;2.265005;49.01398
95574_0370_00038;38;;Rue du Maréchal Joffre;95390;95574;Saint-Prix;;;2.253532;49.001549
95574_0222_00004;4;;Villa Frédéric Chopin;95390;95574;Saint-Prix;;;2.260972;49.012146
95574_0140_00116;116;;Rue du Colonel Fabien;95390;95574;Saint-Prix;;;2.252766;49.002358
95574_0340_00006;6;;Rue de la Liberté;95390;95574;Saint-Prix;;;2.255546;49.004965
95574_0274_00008;8;;Villa des Griottes;95390;95574;Saint-Prix;;;2.264824;49.009141
95574_tmexl7_00038;38;;Rue Louis et Gérard Donzelle;95390;95574;Saint-Prix;;;2.259672;49.011119
95574_0212_00005;5;;Clos des Vergers;95390;95574;Saint-Prix;;;2.271389;49.00788
95574_0030_00024;24;;Rue Anatole France;95390;95574;Saint-Prix;;;2.257977;49.000782
95574_a272_00001_bis;1;bis;Villa des Grands Clos;95390;95574;Saint-Prix;;;2.264073;49.013336
95574_0030_00028;28;;Rue Anatole France;95390;95574;Saint-Prix;;;2.257613;49.00093
95574_0140_00015;15;;Rue du Colonel Fabien;95390;95574;Saint-Prix;;;2.261217;49.00882
95574_0235_00083;83;;Avenue du Général Leclerc;95390;95574;Saint-Prix;;;2.258459;49.006272
95574_0513_00024;24;;Allée des Sequoias;95390;95574;Saint-Prix;;;2.270587;49.006534
95574_0530_00027;27;;Rue de l’Yser;95390;95574;Saint-Prix;;;2.260485;49.012571
95574_0510_00030;30;;Rue de Rubelles;95390;95574;Saint-Prix;;;2.264336;49.012913
95574_0290_00024;24;;Rue Hector Carlin;95390;95574;Saint-Prix;;;2.259804;48.999982
95574_0140_00133;133;;Rue du Colonel Fabien;95390;95574;Saint-Prix;;;2.252656;49.002165
95574_0290_00025;25;;Rue Hector Carlin;95390;95574;Saint-Prix;;;2.260738;48.999867
95574_rwuloh_00013;13;;Rue Rouget de Lisle;95390;95574;Saint-Prix;;;2.257328;49.000169
95574_0490_00020;20;;Rue Robert Thomas;95390;95574;Saint-Prix;;;2.266828;49.004048
95574_0490_00033;33;;Rue Robert Thomas;95390;95574;Saint-Prix;;;2.267781;49.005345
95574_0189_00006;6;;Allée des Érables;95390;95574;Saint-Prix;;;2.267195;49.014243
95574_0472_00010;10;;Villa des Reines-Claudes;95390;95574;Saint-Prix;;;2.267245;49.008218
95574_u3qxk0_00009;9;;Ferme de Saint-Prix;95390;95574;Saint-Prix;;;2.26319;49.008053
95574_0290_00015;15;;Rue Hector Carlin;95390;95574;Saint-Prix;;;2.262491;49.000067
95574_0080_00036;36;;Rue Auguste Rey;95390;95574;Saint-Prix;;;2.268192;49.015621
95574_0416_00044_bis;44;bis;Chemin des Murs Blancs;95390;95574;Saint-Prix;;;2.259711;49.01371
95574_0190_00088_a;88;a;Rue d’Ermont;95390;95574;Saint-Prix;;;2.259561;49.002401
95574_0490_00060;60;;Rue Robert Thomas;95390;95574;Saint-Prix;;;2.270375;49.007278
95574_0030_00043;43;;Rue Anatole France;95390;95574;Saint-Prix;;;2.256771;49.001176
95574_0190_00116;116;;Rue d’Ermont;95390;95574;Saint-Prix;;;2.2594;49.00153
95574_0140_00082;82;;Rue du Colonel Fabien;95390;95574;Saint-Prix;;;2.255653;49.004452
95574_0521_00002;2;;Chemin Vert;95390;95574;Saint-Prix;;;2.266228;49.001904
95574_0151_00009_bis;9;bis;Rue de la Croix Saint-Jacques;95390;95574;Saint-Prix;;;2.265885;49.016711
95574_0522_00006;6;;Avenue des Vergers;95390;95574;Saint-Prix;;;2.265413;49.007582
95574_0104_00019;19;;Avenue du Bois du Luat;95390;95574;Saint-Prix;;;2.265571;49.0067
95574_0113_00003;3;;Allée des Charmes;95390;95574;Saint-Prix;;;2.268852;49.004924
95574_0397_00017;17;;Villa Molière;95390;95574;Saint-Prix;;;2.260829;49.001121
95574_0524_00010;10;;Villa Boileau;95390;95574;Saint-Prix;;;2.263494;48.999879
95574_0212_00006;6;;Clos des Vergers;95390;95574;Saint-Prix;;;2.271327;49.007817
95574_0252_00004;4;;Villa George Sand;95390;95574;Saint-Prix;;;2.25381;49.004574
95574_0522_00015;15;;Avenue des Vergers;95390;95574;Saint-Prix;;;2.266197;49.008854
95574_0490_00005;5;;Rue Robert Thomas;95390;95574;Saint-Prix;;;2.266098;49.003252
95574_0190_00098;98;;Rue d’Ermont;95390;95574;Saint-Prix;;;2.259719;49.002805
95574_0090_00001;1;;Rue des Beaux Sites;95390;95574;Saint-Prix;;;2.267379;49.004663
95574_0472_00006;6;;Villa des Reines-Claudes;95390;95574;Saint-Prix;;;2.266769;49.008379
95574_0104_00007;7;;Avenue du Bois du Luat;95390;95574;Saint-Prix;;;2.267269;49.006063
95574_0190_00021;21;;Rue d’Ermont;95390;95574;Saint-Prix;;;2.262537;49.008405
95574_tmexl7_00061;61;;Rue Louis et Gérard Donzelle;95390;95574;Saint-Prix;;;2.257087;49.011717
95574_0170_00006;6;;Rue Édith Cavell;95390;95574;Saint-Prix;;;2.255964;49.012329
95574_0318_00021;21;;Rue Jehan de Thor;95390;95574;Saint-Prix;;;2.259532;49.009343
95574_0306_00017;17;;Rue Jean de La Fontaine;95390;95574;Saint-Prix;;;2.256686;49.010297
95574_0510_00038;38;;Rue de Rubelles;95390;95574;Saint-Prix;;;2.263655;49.011375
95574_0139_00013;13;;Villa des Comices;95390;95574;Saint-Prix;;;2.268073;49.006922
95574_0386_00010;10;;Villa des Merisiers;95390;95574;Saint-Prix;;;2.269704;49.007478
95574_0340_00009_bis;9;bis;Rue de la Liberté;95390;95574;Saint-Prix;;;2.255021;49.005678
95574_0522_00002;2;;Avenue des Vergers;95390;95574;Saint-Prix;;;2.265147;49.00726
95574_u3qxk0_00011;11;;Ferme de Saint-Prix;95390;95574;Saint-Prix;;;2.262793;49.00843
95574_rwuloh_00009;9;;Rue Rouget de Lisle;95390;95574;Saint-Prix;;;2.257637;49.000044
95574_0190_00079;79;;Rue d’Ermont;95390;95574;Saint-Prix;;;2.260015;49.003337
95574_0108_00003;3;;Allée Camille Saint-Saens;95390;95574;Saint-Prix;;;2.258019;49.003112
95574_0112_00036;36;;Villa Charles Peguy;95390;95574;Saint-Prix;;;2.262297;48.999103
95574_0390_00013;13;;Rue Michel Cauchez;95390;95574;Saint-Prix;;;2.256305;49.005671
95574_0242_00015;15;;Allée Georges Brassens;95390;95574;Saint-Prix;;;2.259207;49.010061
95574_0250_00107;107;;Rue Georges Ribordy;95390;95574;Saint-Prix;;;2.276487;49.010086
95574_0370_00042;42;;Rue du Maréchal Joffre;95390;95574;Saint-Prix;;;2.253374;49.001626
95574_a215_00003;3;;Résidence du Cottage;95390;95574;Saint-Prix;;;2.256186;49.006371
95574_0320_00021;21;;Chemin de la Justice;95390;95574;Saint-Prix;;;2.270159;49.01057
95574_a308_00007_bis;7;bis;Villa Hector Carlin;95390;95574;Saint-Prix;;;2.263027;49.00034
95574_0310_00006;6;;Rue Jean Mermoz;95390;95574;Saint-Prix;;;2.258805;49.001188
95574_0120_00009;9;;Allée des Chaumières;95390;95574;Saint-Prix;;;2.255957;49.003073
95574_0235_00109;109;;Avenue du Général Leclerc;95390;95574;Saint-Prix;;;2.256565;49.008221
95574_tqat9w_00013;13;;Rue Albert 1er;95390;95574;Saint-Prix;;;2.258825;49.004028
95574_0381_00015;15;;Allée des Marronniers;95390;95574;Saint-Prix;;;2.268418;49.015114
95574_0190_00058;58;;Rue d’Ermont;95390;95574;Saint-Prix;;;2.261764;49.006932
95574_0381_00012;12;;Allée des Marronniers;95390;95574;Saint-Prix;;;2.267692;49.015018
95574_0516_00011;11;;Ruelle sous la Solitude;95390;95574;Saint-Prix;;;2.268009;49.016948
95574_0300_00003;3;;Sente de l’Hôpital;95390;95574;Saint-Prix;;;2.262475;49.01162
95574_0390_00005;5;;Rue Michel Cauchez;95390;95574;Saint-Prix;;;2.256581;49.005449
95574_tmexl7_00081;81;;Rue Louis et Gérard Donzelle;95390;95574;Saint-Prix;;;2.255566;49.012122
95574_0120_00006;6;;Allée des Chaumières;95390;95574;Saint-Prix;;;2.255554;49.003202
95574_0200_00009;9;;Rue de l’Explorateur Delaporte;95390;95574;Saint-Prix;;;2.262593;49.015694
95574_0530_00062;62;;Rue de l’Yser;95390;95574;Saint-Prix;;;2.259326;49.013192
95574_0235_00026;26;;Avenue du Général Leclerc;95390;95574;Saint-Prix;;;2.262175;49.002905
95574_0397_00009;9;;Villa Molière;95390;95574;Saint-Prix;;;2.261448;49.001754
95574_0386_00008;8;;Villa des Merisiers;95390;95574;Saint-Prix;;;2.269881;49.007431
95574_0318_00017;17;;Rue Jehan de Thor;95390;95574;Saint-Prix;;;2.258783;49.009694
95574_0235_00038;38;;Avenue du Général Leclerc;95390;95574;Saint-Prix;;;2.261241;49.003801
95574_0190_00150;150;;Rue d’Ermont;95390;95574;Saint-Prix;;;2.259174;48.99986
95574_0470_00018;18;;Rue de Reinebourg;95390;95574;Saint-Prix;;;2.268541;49.01191
95574_0220_00012;12;;Sente des Fréculs;95390;95574;Saint-Prix;;;2.277932;49.009873
95574_0107_00004;4;;Villa des Reinettes;95390;95574;Saint-Prix;;;2.266527;49.005928
95574_0450_00016_bis;16;bis;Allée des Peupliers;95390;95574;Saint-Prix;;;2.262101;49.000645
95574_0306_00001;1;;Rue Jean de La Fontaine;95390;95574;Saint-Prix;;;2.257331;49.011359
95574_0111_00004;4;;Villa des Calvilles;95390;95574;Saint-Prix;;;2.265956;49.005123
95574_tmexl7_00060;60;;Rue Louis et Gérard Donzelle;95390;95574;Saint-Prix;;;2.257278;49.01174
95574_tmexl7_00035;35;;Rue Louis et Gérard Donzelle;95390;95574;Saint-Prix;;;2.259346;49.011056
95574_0522_00016;16;;Avenue des Vergers;95390;95574;Saint-Prix;;;2.26604;49.008342
95574_0520_00027;27;;Rue Victor Hugo;95390;95574;Saint-Prix;;;2.263196;49.005462
95574_0190_00069;69;;Rue d’Ermont;95390;95574;Saint-Prix;;;2.260812;49.004782
95574_0020_00026;26;;Rue Alexandre Ribot;95390;95574;Saint-Prix;;;2.25804;49.007953
95574_0030_00053;53;;Rue Anatole France;95390;95574;Saint-Prix;;;2.256171;49.001419
95574_0440_00009;9;;Ruelle à Perette;95390;95574;Saint-Prix;;;2.269804;49.016638
95574_0419_00012;12;;Avenue du Parc;95390;95574;Saint-Prix;;;2.268296;49.013443
95574_a205_00008;8;;Résidence de l’Amandier;95390;95574;Saint-Prix;;;2.261907;49.011154
95574_0490_00021_bis;21;bis;Rue Robert Thomas;95390;95574;Saint-Prix;;;2.26664;49.003941
95574_0490_00023;23;;Rue Robert Thomas;95390;95574;Saint-Prix;;;2.266712;49.004018
95574_0080_00038;38;;Rue Auguste Rey;95390;95574;Saint-Prix;;;2.268063;49.015715
95574_tmexl7_00068;68;;Rue Louis et Gérard Donzelle;95390;95574;Saint-Prix;;;2.256603;49.011997
95574_0021_00006;6;;Villa Alfred de Musset;95390;95574;Saint-Prix;;;2.253028;49.004613
95574_0510_00030_ter;30;ter;Rue de Rubelles;95390;95574;Saint-Prix;;;2.264252;49.01276
95574_0355_00011_bis;11;bis;Allée de la Louvette;95390;95574;Saint-Prix;;;2.255089;49.001958
95574_0455_00040;40;;Chemin du Pré Hacqueville;95390;95574;Saint-Prix;;;2.25627;49.015229
95574_0190_00138;138;;Rue d’Ermont;95390;95574;Saint-Prix;;;2.259208;49.000106
95574_a272_00008;8;;Villa des Grands Clos;95390;95574;Saint-Prix;;;2.261829;49.013954
95574_0235_00015;15;;Avenue du Général Leclerc;95390;95574;Saint-Prix;;;2.263095;49.001774
95574_0384_00005;5;;Rue des Mauprès;95390;95574;Saint-Prix;;;2.267815;49.010044
95574_0120_00015;15;;Allée des Chaumières;95390;95574;Saint-Prix;;;2.256585;49.002749
95574_0360_00016;16;;Rue Maignan Larivière;95390;95574;Saint-Prix;;;2.262648;49.016779
95574_0381_00016;16;;Allée des Marronniers;95390;95574;Saint-Prix;;;2.268479;49.015008
95574_a208_00010;10;;Résidence du Cèdre;95390;95574;Saint-Prix;;;2.26382;49.002174
95574_0190_00089_quater;89;quater;Rue d’Ermont;95390;95574;Saint-Prix;;;2.259687;49.002429
95574_0120_00005;5;;Allée des Chaumières;95390;95574;Saint-Prix;;;2.255326;49.003322
95574_0210_00004;4;;Allée des Fauvettes;95390;95574;Saint-Prix;;;2.262232;49.001345
95574_0490_00028;28;;Rue Robert Thomas;95390;95574;Saint-Prix;;;2.26758;49.00502
95574_a208_00004;4;;Résidence du Cèdre;95390;95574;Saint-Prix;;;2.263931;49.002498
95574_0390_00021;21;;Rue Michel Cauchez;95390;95574;Saint-Prix;;;2.255762;49.006067
95574_0430_00061_bis;61;bis;Rue Pasteur;95390;95574;Saint-Prix;;;2.263991;49.008757
95574_0290_00031;31;;Rue Hector Carlin;95390;95574;Saint-Prix;;;2.259927;48.999895
95574_0110_00001;1;;Rue du Château de la Chasse;95390;95574;Saint-Prix;;;2.275041;49.013928
95574_0112_00024;24;;Villa Charles Peguy;95390;95574;Saint-Prix;;;2.262156;48.998934
95574_tmexl7_00048;48;;Rue Louis et Gérard Donzelle;95390;95574;Saint-Prix;;;2.258693;49.011172
95574_0222_00010;10;;Villa Frédéric Chopin;95390;95574;Saint-Prix;;;2.260397;49.011879
95574_0380_00003;3;;Rue de la Marne;95390;95574;Saint-Prix;;;2.265471;49.011856
95574_0223_00006;6;;Allée des Fresnes;95390;95574;Saint-Prix;;;2.270248;49.004525
95574_tqat9w_00034;34;;Rue Albert 1er;95390;95574;Saint-Prix;;;2.25749;49.0031
95574_0280_00012;12;;Allée Hector Carlin;95390;95574;Saint-Prix;;;2.262448;48.999554
95574_0320_00025;25;;Chemin de la Justice;95390;95574;Saint-Prix;;;2.27055;49.010413
95574_0510_00001;1;;Rue de Rubelles;95390;95574;Saint-Prix;;;2.26573;49.015933
95574_0190_00152;152;;Rue d’Ermont;95390;95574;Saint-Prix;;;2.259156;48.999597
95574_a308_00007_ter;7;ter;Villa Hector Carlin;95390;95574;Saint-Prix;;;2.263027;49.00034
95574_0190_00091;91;;Rue d’Ermont;95390;95574;Saint-Prix;;;2.259956;49.002116
95574_0139_00011;11;;Villa des Comices;95390;95574;Saint-Prix;;;2.26811;49.006997
95574_0090_00014;14;;Rue des Beaux Sites;95390;95574;Saint-Prix;;;2.26837;49.004151
95574_0090_00024;24;;Rue des Beaux Sites;95390;95574;Saint-Prix;;;2.269318;49.003755
95574_0530_00031;31;;Rue de l’Yser;95390;95574;Saint-Prix;;;2.260053;49.012746
95574_0510_00036;36;;Rue de Rubelles;95390;95574;Saint-Prix;;;2.263719;49.011633
95574_a210_00005;5;;Résidence de la Closeraie;95390;95574;Saint-Prix;;;2.266034;49.001261
95574_0520_00035_bis;35;bis;Rue Victor Hugo;95390;95574;Saint-Prix;;;2.263904;49.006224
95574_0120_00013;13;;Allée des Chaumières;95390;95574;Saint-Prix;;;2.256289;49.002876
95574_0435_00005;5;;Villa Paul Verlaine;95390;95574;Saint-Prix;;;2.25827;49.010769
95574_0120_00009_bis;9;bis;Allée des Chaumières;95390;95574;Saint-Prix;;;2.25567;49.003173
95574_0355_00010;10;;Allée de la Louvette;95390;95574;Saint-Prix;;;2.254412;49.002465
95574_tmexl7_00053;53;;Rue Louis et Gérard Donzelle;95390;95574;Saint-Prix;;;2.258045;49.01128
95574_0235_00040_bis;40;bis;Avenue du Général Leclerc;95390;95574;Saint-Prix;;;2.260669;49.004545
95574_0190_00050;50;;Rue d’Ermont;95390;95574;Saint-Prix;;;2.26192;49.007443
95574_0190_00118;118;;Rue d’Ermont;95390;95574;Saint-Prix;;;2.259381;49.001435
95574_0519_00005;5;;Sente des Valavons;95390;95574;Saint-Prix;;;2.270382;49.012723
95574_0524_00004;4;;Villa Boileau;95390;95574;Saint-Prix;;;2.26376;49.000233
95574_0415_00003;3;;Impasse Mottin;95390;95574;Saint-Prix;;;2.262816;48.998869
95574_0190_00010;10;;Rue d’Ermont;95390;95574;Saint-Prix;;;2.262956;49.009522
95574_0235_00005;5;;Avenue du Général Leclerc;95390;95574;Saint-Prix;;;2.264005;49.000821
95574_0370_00014;14;;Rue du Maréchal Joffre;95390;95574;Saint-Prix;;;2.255143;49.000795
95574_0190_00111;111;;Rue d’Ermont;95390;95574;Saint-Prix;;;2.25936;49.000443
95574_0190_00031;31;;Rue d’Ermont;95390;95574;Saint-Prix;;;2.262255;49.007824
95574_0290_00018_ter;18;ter;Rue Hector Carlin;95390;95574;Saint-Prix;;;2.26073;48.999983
95574_0170_00001;1;;Rue Édith Cavell;95390;95574;Saint-Prix;;;2.255877;49.012286
95574_0420_00002;2;;Route des Parquets;95390;95574;Saint-Prix;;;2.28023;49.017855
95574_0310_00025;25;;Rue Jean Mermoz;95390;95574;Saint-Prix;;;2.257458;49.001617
95574_0310_00021;21;;Rue Jean Mermoz;95390;95574;Saint-Prix;;;2.257684;49.001529
95574_0360_00012;12;;Rue Maignan Larivière;95390;95574;Saint-Prix;;;2.264011;49.016528
95574_0421_00002;2;;Villa des Passes Crassanes;95390;95574;Saint-Prix;;;2.267137;49.006464
95574_0190_00029;29;;Rue d’Ermont;95390;95574;Saint-Prix;;;2.262279;49.007881
95574_0460_00035;35;;Rue Pierre Curie;95390;95574;Saint-Prix;;;2.256161;49.007825
95574_0104_00004;4;;Avenue du Bois du Luat;95390;95574;Saint-Prix;;;2.267753;49.005993
95574_0080_00008_ter;8;ter;Rue Auguste Rey;95390;95574;Saint-Prix;;;2.269901;49.014871
95574_0112_00040;40;;Villa Charles Peguy;95390;95574;Saint-Prix;;;2.262345;48.99916
95574_0235_00067;67;;Avenue du Général Leclerc;95390;95574;Saint-Prix;;;2.259522;49.005263
95574_0106_00001;1;;Sente des Buviers;95390;95574;Saint-Prix;;;2.269629;49.010707
95574_0140_00032;32;;Rue du Colonel Fabien;95390;95574;Saint-Prix;;;2.260816;49.008481
95574_a272_00018;18;;Villa des Grands Clos;95390;95574;Saint-Prix;;;2.260927;49.012912
95574_0420_00001;1;;Route des Parquets;95390;95574;Saint-Prix;;;2.279589;49.018281
95574_0310_00035_bis;35;bis;Rue Jean Mermoz;95390;95574;Saint-Prix;;;2.256757;49.001887
95574_0190_00114;114;;Rue d’Ermont;95390;95574;Saint-Prix;;;2.259412;49.001636
95574_0430_00063;63;;Rue Pasteur;95390;95574;Saint-Prix;;;2.263867;49.009025
95574_0235_00068;68;;Avenue du Général Leclerc;95390;95574;Saint-Prix;;;2.257991;49.007
95574_0190_00052_bis;52;bis;Rue d’Ermont;95390;95574;Saint-Prix;;;2.261909;49.007385
95574_0190_00046;46;;Rue d’Ermont;95390;95574;Saint-Prix;;;2.262034;49.007693
95574_0490_00032;32;;Rue Robert Thomas;95390;95574;Saint-Prix;;;2.267795;49.005253
95574_0381_00001;1;;Allée des Marronniers;95390;95574;Saint-Prix;;;2.265912;49.013736
95574_0360_00012_bis;12;bis;Rue Maignan Larivière;95390;95574;Saint-Prix;;;2.263418;49.016552
95574_0104_00017;17;;Avenue du Bois du Luat;95390;95574;Saint-Prix;;;2.265785;49.006624
95574_0490_00034;34;;Rue Robert Thomas;95390;95574;Saint-Prix;;;2.267933;49.005389
95574_0472_00004;4;;Villa des Reines-Claudes;95390;95574;Saint-Prix;;;2.266496;49.008469
95574_0317_00004;4;;Avenue du Bois Joly;95390;95574;Saint-Prix;;;2.268689;49.005473
95574_0450_00008;8;;Allée des Peupliers;95390;95574;Saint-Prix;;;2.262594;49.001212
95574_b028_00007;7;;Domaine de la Rocaille;95390;95574;Saint-Prix;;;2.264723;49.002352
95574_0030_00022;22;;Rue Anatole France;95390;95574;Saint-Prix;;;2.25815;49.000713
95574_a205_00002;2;;Résidence de l’Amandier;95390;95574;Saint-Prix;;;2.261563;49.010732
95574_0450_00006;6;;Allée des Peupliers;95390;95574;Saint-Prix;;;2.262763;49.001381
95574_0519_00001;1;;Sente des Valavons;95390;95574;Saint-Prix;;;2.270443;49.013777
95574_tqat9w_00031;31;;Rue Albert 1er;95390;95574;Saint-Prix;;;2.257624;49.003013
95574_0235_00028;28;;Avenue du Général Leclerc;95390;95574;Saint-Prix;;;2.262069;49.003008
95574_0470_00001;1;;Rue de Reinebourg;95390;95574;Saint-Prix;;;2.270604;49.014275
95574_0090_00015;15;;Rue des Beaux Sites;95390;95574;Saint-Prix;;;2.269009;49.003967
95574_0530_00005;5;;Rue de l’Yser;95390;95574;Saint-Prix;;;2.262563;49.012128
95574_0460_00063;63;;Rue Pierre Curie;95390;95574;Saint-Prix;;;2.259115;49.008896
95574_0230_00011;11;;Rue Gambetta;95390;95574;Saint-Prix;;;2.257553;48.999773
95574_a272_00014;14;;Villa des Grands Clos;95390;95574;Saint-Prix;;;2.261272;49.013461
95574_0090_00003;3;;Rue des Beaux Sites;95390;95574;Saint-Prix;;;2.267753;49.004511
95574_0132_00004;4;;Villa César Franck;95390;95574;Saint-Prix;;;2.25454;49.005569
95574_0235_00034;34;;Avenue du Général Leclerc;95390;95574;Saint-Prix;;;2.261848;49.003267
95574_0140_00060;60;;Rue du Colonel Fabien;95390;95574;Saint-Prix;;;2.259089;49.006615
95574_0080_00009_bis;9;bis;Rue Auguste Rey;95390;95574;Saint-Prix;;;2.271053;49.014296
95574_0280_00015;15;;Allée Hector Carlin;95390;95574;Saint-Prix;;;2.262496;48.999604
95574_a272_00021;21;;Villa des Grands Clos;95390;95574;Saint-Prix;;;2.261056;49.012901
95574_0458_00009;9;;Villa Pierre de Ronsard;95390;95574;Saint-Prix;;;2.259767;49.010433
95574_0386_00015;15;;Villa des Merisiers;95390;95574;Saint-Prix;;;2.269671;49.007441
95574_0460_00049;49;;Rue Pierre Curie;95390;95574;Saint-Prix;;;2.25793;49.008566
95574_0472_00009;9;;Villa des Reines-Claudes;95390;95574;Saint-Prix;;;2.267149;49.008345
95574_0147_00002;2;;Passage Costerg;95390;95574;Saint-Prix;;;2.261328;49.008063
95574_0459_00003;3;;Villa Pierre Corneille;95390;95574;Saint-Prix;;;2.258344;49.013185
95574_0140_00026;26;;Rue du Colonel Fabien;95390;95574;Saint-Prix;;;2.261116;49.008848
95574_0460_00020;20;;Rue Pierre Curie;95390;95574;Saint-Prix;;;2.255171;49.007233
95574_0280_00024;24;;Allée Hector Carlin;95390;95574;Saint-Prix;;;2.259804;48.999982
95574_0419_00003;3;;Avenue du Parc;95390;95574;Saint-Prix;;;2.266247;49.013636
95574_0280_00008;8;;Allée Hector Carlin;95390;95574;Saint-Prix;;;2.2621;48.999695
95574_0317_00008;8;;Avenue du Bois Joly;95390;95574;Saint-Prix;;;2.26932;49.005212
95574_0274_00001_bis;1;bis;Villa des Griottes;95390;95574;Saint-Prix;;;2.264498;49.009041
95574_0510_00034_ter;34;ter;Rue de Rubelles;95390;95574;Saint-Prix;;;2.263797;49.011799
95574_0222_00017;17;;Villa Frédéric Chopin;95390;95574;Saint-Prix;;;2.260858;49.01141
95574_0190_00089;89;;Rue d’Ermont;95390;95574;Saint-Prix;;;2.259719;49.002466
95574_0450_00004;4;;Allée des Peupliers;95390;95574;Saint-Prix;;;2.262875;49.001504
95574_0460_00026;26;;Rue Pierre Curie;95390;95574;Saint-Prix;;;2.255648;49.007573
95574_0530_00003;3;;Rue de l’Yser;95390;95574;Saint-Prix;;;2.262947;49.012069
95574_0250_00018;18;;Rue Georges Ribordy;95390;95574;Saint-Prix;;;2.270888;49.011469
95574_0190_00110;110;;Rue d’Ermont;95390;95574;Saint-Prix;;;2.259451;49.001955
95574_tmexl7_00042;42;;Rue Louis et Gérard Donzelle;95390;95574;Saint-Prix;;;2.259296;49.011134
95574_xezqpe_00019;19;;rue du colonel fabien;95390;95574;Saint-Prix;;;2.268634;49.003504
95574_0472_00019;19;;Villa des Reines-Claudes;95390;95574;Saint-Prix;;;2.268212;49.007981
95574_0280_00007;7;;Allée Hector Carlin;95390;95574;Saint-Prix;;;2.262017;48.999804
95574_0113_00006;6;;Allée des Charmes;95390;95574;Saint-Prix;;;2.268665;49.004906
95574_0235_00016;16;;Avenue du Général Leclerc;95390;95574;Saint-Prix;;;2.26338;49.002346
95574_0521_00002_ter;2;ter;Chemin Vert;95390;95574;Saint-Prix;;;2.266541;49.001867
95574_0235_00077;77;;Avenue du Général Leclerc;95390;95574;Saint-Prix;;;2.258933;49.005805
95574_0242_00009;9;;Allée Georges Brassens;95390;95574;Saint-Prix;;;2.259697;49.009792
95574_0099_00001;1;;Rue du Bois de la Louvette;95390;95574;Saint-Prix;;;2.253556;49.006008
95574_0230_00043;43;;Rue Gambetta;95390;95574;Saint-Prix;;;2.261538;48.998778
95574_0430_00046;46;;Rue Pasteur;95390;95574;Saint-Prix;;;2.265374;49.004443
95574_0090_00013;13;;Rue des Beaux Sites;95390;95574;Saint-Prix;;;2.268629;49.004109
95574_0140_00001;1;;Rue du Colonel Fabien;95390;95574;Saint-Prix;;;2.262086;49.009974
95574_0140_00038_bis;38;bis;Rue du Colonel Fabien;95390;95574;Saint-Prix;;;2.260437;49.008109
95574_0080_00050;50;;Rue Auguste Rey;95390;95574;Saint-Prix;;;2.26746;49.015987
95574_0397_00013;13;;Villa Molière;95390;95574;Saint-Prix;;;2.261032;49.001366
95574_0310_00023;23;;Rue Jean Mermoz;95390;95574;Saint-Prix;;;2.257593;49.001567
95574_0140_00011_bis;11;bis;Rue du Colonel Fabien;95390;95574;Saint-Prix;;;2.261562;49.009224
95574_0100_00009;9;;Avenue du Bois;95390;95574;Saint-Prix;;;2.255475;49.007856
95574_0463_00003;3;;Rue des Poiriers Réaux;95390;95574;Saint-Prix;;;2.265517;49.008484
95574_0306_00006;6;;Rue Jean de La Fontaine;95390;95574;Saint-Prix;;;2.256875;49.011092
95574_0142_00007;7;;Rue de la Commanderie;95390;95574;Saint-Prix;;;2.26383;49.006912
95574_0100_00015;15;;Avenue du Bois;95390;95574;Saint-Prix;;;2.25487;49.007589
95574_0190_00099;99;;Rue d’Ermont;95390;95574;Saint-Prix;;;2.259554;49.001734
95574_0190_00090;90;;Rue d’Ermont;95390;95574;Saint-Prix;;;2.259966;49.003482
95574_0250_00004;4;;Rue Georges Ribordy;95390;95574;Saint-Prix;;;2.269536;49.012006
95574_0230_00023;23;;Rue Gambetta;95390;95574;Saint-Prix;;;2.259738;48.999224
95574_0290_00016_bis;16;bis;Rue Hector Carlin;95390;95574;Saint-Prix;;;2.261192;49.000503
95574_0080_00002_bis;2;bis;Rue Auguste Rey;95390;95574;Saint-Prix;;;2.271467;49.014209
95574_0520_00016;16;;Rue Victor Hugo;95390;95574;Saint-Prix;;;2.26366;49.005823
95574_0518_00004;4;;Allée des Tilleuls;95390;95574;Saint-Prix;;;2.260061;49.001922
95574_0530_00001;1;;Rue de l’Yser;95390;95574;Saint-Prix;;;2.263081;49.012059
95574_xezqpe_00023;23;;rue du colonel fabien;95390;95574;Saint-Prix;;;2.268905;49.003388
95574_0470_00013;13;;Rue de Reinebourg;95390;95574;Saint-Prix;;;2.269845;49.013729
95574_0460_00098;98;;Rue Pierre Curie;95390;95574;Saint-Prix;;;2.256185;49.007956
95574_0147_00006;6;;Passage Costerg;95390;95574;Saint-Prix;;;2.261628;49.007892
95574_0520_00017;17;;Rue Victor Hugo;95390;95574;Saint-Prix;;;2.262588;49.004791
95574_a265_00007;7;;Résidence des Glaïeuls;95390;95574;Saint-Prix;;;2.254552;49.004689
95574_0235_00064_bis;64;bis;Avenue du Général Leclerc;95390;95574;Saint-Prix;;;2.258755;49.006321
95574_0140_00028;28;;Rue du Colonel Fabien;95390;95574;Saint-Prix;;;2.260974;49.008691
95574_0030_00054;54;;Rue Anatole France;95390;95574;Saint-Prix;;;2.255988;49.001588
95574_0523_00009;9;;Rue Ulysse Poidevin;95390;95574;Saint-Prix;;;2.257718;49.009576
95574_0070_00022;22;;Rue de l’Audience;95390;95574;Saint-Prix;;;2.263554;48.998776
95574_0530_00025;25;;Rue de l’Yser;95390;95574;Saint-Prix;;;2.260663;49.012526
95574_0190_00057_bis;57;bis;Rue d’Ermont;95390;95574;Saint-Prix;;;2.261332;49.005705
95574_0090_00010;10;;Rue des Beaux Sites;95390;95574;Saint-Prix;;;2.268043;49.004299
95574_0530_00037;37;;Rue de l’Yser;95390;95574;Saint-Prix;;;2.259757;49.012868
95574_xezqpe_00022;22;;rue du colonel fabien;95390;95574;Saint-Prix;;;2.268984;49.003281
95574_0316_00008;8;;Allée Joachim du Bellay;95390;95574;Saint-Prix;;;2.260549;49.010279
95574_0510_00042;42;;Rue de Rubelles;95390;95574;Saint-Prix;;;2.263593;49.011113
95574_0460_00029;29;;Rue Pierre Curie;95390;95574;Saint-Prix;;;2.255652;49.007486
95574_0112_00030;30;;Villa Charles Peguy;95390;95574;Saint-Prix;;;2.262227;48.999019
95574_0140_00085;85;;Rue du Colonel Fabien;95390;95574;Saint-Prix;;;2.256366;49.004512
95574_0350_00013;13;;Rue Louis Barthou;95390;95574;Saint-Prix;;;2.253197;49.003878
95574_tqat9w_00012;12;;Rue Albert 1er;95390;95574;Saint-Prix;;;2.258904;49.004216
95574_0080_00054;54;;Rue Auguste Rey;95390;95574;Saint-Prix;;;2.267203;49.016034
95574_0100_00006;6;;Avenue du Bois;95390;95574;Saint-Prix;;;2.255961;49.008235
95574_0470_00020;20;;Rue de Reinebourg;95390;95574;Saint-Prix;;;2.268315;49.011608
95574_0140_00033;33;;Rue du Colonel Fabien;95390;95574;Saint-Prix;;;2.260157;49.007654
95574_0100_00010_bis;10;bis;Avenue du Bois;95390;95574;Saint-Prix;;;2.255493;49.007973
95574_0530_00091;91;;Rue de l’Yser;95390;95574;Saint-Prix;;;2.255925;49.013853
95574_0460_00023;23;;Rue Pierre Curie;95390;95574;Saint-Prix;;;2.255385;49.007278
95574_0316_00005;5;;Allée Joachim du Bellay;95390;95574;Saint-Prix;;;2.26102;49.010079
95574_0370_00028;28;;Rue du Maréchal Joffre;95390;95574;Saint-Prix;;;2.254442;49.001134
95574_0140_00020;20;;Rue du Colonel Fabien;95390;95574;Saint-Prix;;;2.261357;49.009128
95574_0430_00052;52;;Rue Pasteur;95390;95574;Saint-Prix;;;2.265082;49.005501
95574_0386_00007;7;;Villa des Merisiers;95390;95574;Saint-Prix;;;2.268818;49.00691
95574_0030_00027;27;;Rue Anatole France;95390;95574;Saint-Prix;;;2.257751;49.000782
95574_0400_00032;32;;Rue de Montlignon;95390;95574;Saint-Prix;;;2.279054;49.012189
95574_0140_00071;71;;Rue du Colonel Fabien;95390;95574;Saint-Prix;;;2.257597;49.005531
95574_0070_00016;16;;Rue de l’Audience;95390;95574;Saint-Prix;;;2.263763;48.999326
95574_0030_00051;51;;Rue Anatole France;95390;95574;Saint-Prix;;;2.256348;49.001345
95574_0458_00011;11;;Villa Pierre de Ronsard;95390;95574;Saint-Prix;;;2.259666;49.010454
95574_xezqpe_00020;20;;rue du colonel fabien;95390;95574;Saint-Prix;;;2.268876;49.00332
95574_0190_00035_b;35;b;Rue d’Ermont;95390;95574;Saint-Prix;;;2.262078;49.007466
95574_0190_00085_bis;85;bis;Rue d’Ermont;95390;95574;Saint-Prix;;;2.259797;49.002735
95574_tmexl7_00026_bis;26;bis;Rue Louis et Gérard Donzelle;95390;95574;Saint-Prix;;;2.261618;49.011415
95574_0320_00011;11;;Chemin de la Justice;95390;95574;Saint-Prix;;;2.269117;49.01097
95574_0090_00017;17;;Rue des Beaux Sites;95390;95574;Saint-Prix;;;2.269215;49.003877
95574_0472_00023;23;;Villa des Reines-Claudes;95390;95574;Saint-Prix;;;2.26804;49.007759
95574_xezqpe_00001;1;;rue du colonel fabien;95390;95574;Saint-Prix;;;2.267065;49.004178
95574_tmexl7_00058;58;;Rue Louis et Gérard Donzelle;95390;95574;Saint-Prix;;;2.257367;49.011697
95574_0510_00004;4;;Rue de Rubelles;95390;95574;Saint-Prix;;;2.265568;49.015826
95574_0519_00005_bis;5;bis;Sente des Valavons;95390;95574;Saint-Prix;;;2.271002;49.012481
95574_0230_00057;57;;Rue Gambetta;95390;95574;Saint-Prix;;;2.263191;48.998199
95574_0397_00007;7;;Villa Molière;95390;95574;Saint-Prix;;;2.260233;49.001403
95574_0315_00004;4;;Allée Jean-Philippe Rameau;95390;95574;Saint-Prix;;;2.256246;49.003392
95574_0510_00052;52;;Rue de Rubelles;95390;95574;Saint-Prix;;;2.263432;49.010534
95574_0370_00020;20;;Rue du Maréchal Joffre;95390;95574;Saint-Prix;;;2.25473;49.000994
95574_0440_00003;3;;Ruelle à Perette;95390;95574;Saint-Prix;;;2.269633;49.015286
95574_0235_00011_bis;11;bis;Avenue du Général Leclerc;95390;95574;Saint-Prix;;;2.26349;49.001398
95574_0140_00047_bis;47;bis;Rue du Colonel Fabien;95390;95574;Saint-Prix;;;2.259628;49.007073
95574_0310_00028;28;;Rue Jean Mermoz;95390;95574;Saint-Prix;;;2.256959;49.001899
95574_0460_00007;7;;Rue Pierre Curie;95390;95574;Saint-Prix;;;2.253829;49.006367
95574_0190_00092;92;;Rue d’Ermont;95390;95574;Saint-Prix;;;2.259898;49.003358
95574_0135_00002;2;;Allée Claude Debussy;95390;95574;Saint-Prix;;;2.257765;49.003629
95574_0169_00003;3;;Allée du Douanier Rousseau;95390;95574;Saint-Prix;;;2.260991;48.999675
95574_0139_00009;9;;Villa des Comices;95390;95574;Saint-Prix;;;2.268032;49.007157
95574_0200_00007_bis;7;bis;Rue de l’Explorateur Delaporte;95390;95574;Saint-Prix;;;2.262969;49.015722
95574_0140_00073;73;;Rue du Colonel Fabien;95390;95574;Saint-Prix;;;2.257496;49.005468
95574_0520_00009;9;;Rue Victor Hugo;95390;95574;Saint-Prix;;;2.262225;49.004397
95574_0140_00017;17;;Rue du Colonel Fabien;95390;95574;Saint-Prix;;;2.261083;49.008671
95574_0220_00005;5;;Sente des Fréculs;95390;95574;Saint-Prix;;;2.277703;49.010025
95574_0410_00018;18;;Route de Montmorency;95390;95574;Saint-Prix;;;2.272587;49.006685
95574_0370_00018;18;;Rue du Maréchal Joffre;95390;95574;Saint-Prix;;;2.254972;49.000876
95574_0530_00053_bis;53;bis;Rue de l’Yser;95390;95574;Saint-Prix;;;2.258685;49.013389
95574_0142_00008;8;;Rue de la Commanderie;95390;95574;Saint-Prix;;;2.26391;49.007157
95574_0131_00002;2;;Allée de la Cerisaie;95390;95574;Saint-Prix;;;2.258454;49.008246
95574_0325_00001;1;;Rue Léon Cordier;95390;95574;Saint-Prix;;;2.266003;49.015002
95574_0455_00046;46;;Chemin du Pré Hacqueville;95390;95574;Saint-Prix;;;2.256822;49.015028
95574_0430_00086;86;;Rue Pasteur;95390;95574;Saint-Prix;;;2.263895;49.009238
95574_rwuloh_00038;38;;Rue Rouget de Lisle;95390;95574;Saint-Prix;;;2.256582;49.000569
95574_0467_00002;2;;Allée des Platanes;95390;95574;Saint-Prix;;;2.266218;49.012918
95574_0418_00017;17;;Allée des Noisetiers;95390;95574;Saint-Prix;;;2.270943;49.005424
95574_0250_00128;128;;Rue Georges Ribordy;95390;95574;Saint-Prix;;;2.277728;49.009321
95574_0513_00036;36;;Allée des Sequoias;95390;95574;Saint-Prix;;;2.271339;49.006781
95574_0497_00002;2;;Impasse des Rossignols;95390;95574;Saint-Prix;;;2.257679;49.008889
95574_0460_00015;15;;Rue Pierre Curie;95390;95574;Saint-Prix;;;2.254625;49.006765
95574_0135_00006;6;;Allée Claude Debussy;95390;95574;Saint-Prix;;;2.257075;49.003972
95574_0450_00003;3;;Allée des Peupliers;95390;95574;Saint-Prix;;;2.262808;49.001297
95574_0400_00038;38;;Rue de Montlignon;95390;95574;Saint-Prix;;;2.280608;49.011647
95574_0210_00012;12;;Allée des Fauvettes;95390;95574;Saint-Prix;;;2.261744;49.001527
95574_0140_00092;92;;Rue du Colonel Fabien;95390;95574;Saint-Prix;;;2.254761;49.003987
95574_0250_00017;17;;Rue Georges Ribordy;95390;95574;Saint-Prix;;;2.27025;49.011825
95574_a205_00014;14;;Résidence de l’Amandier;95390;95574;Saint-Prix;;;2.26235;49.011322
95574_0460_00067_bis;67;bis;Rue Pierre Curie;95390;95574;Saint-Prix;;;2.258886;49.008837
95574_v6qd13_00002;2;;Place Augustin Bosc;95390;95574;Saint-Prix;;;2.269315;49.00833
95574_0370_00006;6;;Rue du Maréchal Joffre;95390;95574;Saint-Prix;;;2.255514;49.000611
95574_0235_00057;57;;Avenue du Général Leclerc;95390;95574;Saint-Prix;;;2.260232;49.004564
95574_0235_00088;88;;Avenue du Général Leclerc;95390;95574;Saint-Prix;;;2.256687;49.008342
95574_0443_00002;2;;Rue du Petit Luat;95390;95574;Saint-Prix;;;2.266754;49.001087
95574_0235_00075_ter;75;ter;Avenue du Général Leclerc;95390;95574;Saint-Prix;;;2.258648;49.005491
95574_rwuloh_00006;6;;Rue Rouget de Lisle;95390;95574;Saint-Prix;;;2.25842;48.99978
95574_0220_00013;13;;Sente des Fréculs;95390;95574;Saint-Prix;;;2.278563;49.009817
95574_0230_00007;7;;Rue Gambetta;95390;95574;Saint-Prix;;;2.257221;48.999841
95574_0140_00104;104;;Rue du Colonel Fabien;95390;95574;Saint-Prix;;;2.254089;49.003463
95574_0290_00015_bis;15;bis;Rue Hector Carlin;95390;95574;Saint-Prix;;;2.262078;49.00026
95574_0306_00023;23;;Rue Jean de La Fontaine;95390;95574;Saint-Prix;;;2.256104;49.010735
95574_0139_00002;2;;Villa des Comices;95390;95574;Saint-Prix;;;2.267686;49.006662
95574_0250_00012;12;;Rue Georges Ribordy;95390;95574;Saint-Prix;;;2.270209;49.011776
95574_0235_00038_bis;38;bis;Avenue du Général Leclerc;95390;95574;Saint-Prix;;;2.261037;49.003967
95574_0290_00001;1;;Rue Hector Carlin;95390;95574;Saint-Prix;;;2.263613;49.000983
95574_0280_00011;11;;Allée Hector Carlin;95390;95574;Saint-Prix;;;2.262235;48.999715
95574_0460_00048;48;;Rue Pierre Curie;95390;95574;Saint-Prix;;;2.257822;49.008614
95574_0430_00088;88;;Rue Pasteur;95390;95574;Saint-Prix;;;2.263821;49.00939
95574_0520_00023;23;;Rue Victor Hugo;95390;95574;Saint-Prix;;;2.263047;49.005295
95574_0530_00093;93;;Rue de l’Yser;95390;95574;Saint-Prix;;;2.255665;49.013891
95574_0250_00014;14;;Rue Georges Ribordy;95390;95574;Saint-Prix;;;2.270439;49.011668
95574_0430_00050;50;;Rue Pasteur;95390;95574;Saint-Prix;;;2.265138;49.005294
95574_0140_00018;18;;Rue du Colonel Fabien;95390;95574;Saint-Prix;;;2.26145;49.009235
95574_0235_00003;3;;Avenue du Général Leclerc;95390;95574;Saint-Prix;;;2.263726;49.000489
95574_0510_00017;17;;Rue de Rubelles;95390;95574;Saint-Prix;;;2.264786;49.013482
95574_0390_00003;3;;Rue Michel Cauchez;95390;95574;Saint-Prix;;;2.256737;49.005311
95574_0302_00009;9;;Villa Jean de La Bruyère;95390;95574;Saint-Prix;;;2.25703;49.009985
95574_0520_00002;2;;Rue Victor Hugo;95390;95574;Saint-Prix;;;2.261625;49.003618
95574_0306_00019;19;;Rue Jean de La Fontaine;95390;95574;Saint-Prix;;;2.256486;49.010431
95574_0090_00004;4;;Rue des Beaux Sites;95390;95574;Saint-Prix;;;2.267555;49.004509
95574_0050_00037;37;;Boulevard Armand Hayem;95390;95574;Saint-Prix;;;2.281213;49.011453
95574_0530_00056_bis;56;bis;Rue de l’Yser;95390;95574;Saint-Prix;;;2.25761;49.013752
95574_0235_00101;101;;Avenue du Général Leclerc;95390;95574;Saint-Prix;;;2.256947;49.007625
95574_0189_00004;4;;Allée des Érables;95390;95574;Saint-Prix;;;2.266864;49.014239
95574_0021_00007;7;;Villa Alfred de Musset;95390;95574;Saint-Prix;;;2.253663;49.004278
95574_0200_00013;13;;Rue de l’Explorateur Delaporte;95390;95574;Saint-Prix;;;2.257171;49.016207
95574_0222_00007;7;;Villa Frédéric Chopin;95390;95574;Saint-Prix;;;2.261362;49.011762
95574_0460_00073;73;;Rue Pierre Curie;95390;95574;Saint-Prix;;;2.259797;49.009097
95574_0520_00041;41;;Rue Victor Hugo;95390;95574;Saint-Prix;;;2.264095;49.006439
95574_0190_00112;112;;Rue d’Ermont;95390;95574;Saint-Prix;;;2.25943;49.001766
95574_0190_00142;142;;Rue d’Ermont;95390;95574;Saint-Prix;;;2.259183;49.00003
95574_0030_00037;37;;Rue Anatole France;95390;95574;Saint-Prix;;;2.257192;49.001008
95574_0460_00059;59;;Rue Pierre Curie;95390;95574;Saint-Prix;;;2.258892;49.008846
95574_0463_00007;7;;Rue des Poiriers Réaux;95390;95574;Saint-Prix;;;2.264927;49.008581
95574_0235_00035;35;;Avenue du Général Leclerc;95390;95574;Saint-Prix;;;2.262049;49.002792
95574_0140_00058;58;;Rue du Colonel Fabien;95390;95574;Saint-Prix;;;2.259146;49.006678
95574_tmexl7_00055_ter;55;ter;Rue Louis et Gérard Donzelle;95390;95574;Saint-Prix;;;2.257844;49.011368
95574_tqat9w_00036;36;;Rue Albert 1er;95390;95574;Saint-Prix;;;2.257359;49.002971
95574_0472_00001;1;;Villa des Reines-Claudes;95390;95574;Saint-Prix;;;2.266309;49.008618
95574_0455_00042;42;;Chemin du Pré Hacqueville;95390;95574;Saint-Prix;;;2.256582;49.015107
95574_tqat9w_00033;33;;Rue Albert 1er;95390;95574;Saint-Prix;;;2.257493;49.002899
95574_0530_00052;52;;Rue de l’Yser;95390;95574;Saint-Prix;;;2.258579;49.013493
95574_0460_00079;79;;Rue Pierre Curie;95390;95574;Saint-Prix;;;2.260906;49.009424
95574_0400_00027;27;;Rue de Montlignon;95390;95574;Saint-Prix;;;2.280399;49.011821
95574_0030_00016;16;;Rue Anatole France;95390;95574;Saint-Prix;;;2.258538;49.000556
95574_0104_00008;8;;Avenue du Bois du Luat;95390;95574;Saint-Prix;;;2.267403;49.006124
95574_0530_00021;21;;Rue de l’Yser;95390;95574;Saint-Prix;;;2.26091;49.012471
95574_0140_00056;56;;Rue du Colonel Fabien;95390;95574;Saint-Prix;;;2.25928;49.006828
95574_fc1ad0_00001;1;;Le Bois Corbon;95390;95574;Saint-Prix;;;2.265228;49.028149
95574_0095_00005;5;;Rue des Bleuets;95390;95574;Saint-Prix;;;2.260596;49.006082
95574_0390_00017;17;;Rue Michel Cauchez;95390;95574;Saint-Prix;;;2.256089;49.005843
95574_0107_00011;11;;Villa des Reinettes;95390;95574;Saint-Prix;;;2.266596;49.005467
95574_0430_00049;49;;Rue Pasteur;95390;95574;Saint-Prix;;;2.264511;49.007352
95574_0030_00007;7;;Rue Anatole France;95390;95574;Saint-Prix;;;2.258697;49.000104
95574_0190_00080;80;;Rue d’Ermont;95390;95574;Saint-Prix;;;2.260724;49.004871
95574_0520_00043_bis;43;bis;Rue Victor Hugo;95390;95574;Saint-Prix;;;2.263209;49.006705
95574_0100_00011_bis;11;bis;Avenue du Bois;95390;95574;Saint-Prix;;;2.255175;49.007717
95574_0510_00029;29;;Rue de Rubelles;95390;95574;Saint-Prix;;;2.264338;49.012759
95574_a205_00006;6;;Résidence de l’Amandier;95390;95574;Saint-Prix;;;2.261804;49.011031
95574_0190_00146;146;;Rue d’Ermont;95390;95574;Saint-Prix;;;2.259179;48.99993
95574_0200_00008_b;8;b;Rue de l’Explorateur Delaporte;95390;95574;Saint-Prix;;;2.263346;49.015816
95574_0524_00008;8;;Villa Boileau;95390;95574;Saint-Prix;;;2.263502;49.000005
95574_tmexl7_00009;9;;Rue Louis et Gérard Donzelle;95390;95574;Saint-Prix;;;2.261993;49.01046
95574_0316_00004_ter;4;ter;Allée Joachim du Bellay;95390;95574;Saint-Prix;;;2.261015;49.010125
95574_0462_00002;2;;Rue de la Poste;95390;95574;Saint-Prix;;;2.260801;49.006856
95574_0095_00001;1;;Rue des Bleuets;95390;95574;Saint-Prix;;;2.260081;49.006347
95574_a265_00003;3;;Résidence des Glaïeuls;95390;95574;Saint-Prix;;;2.254647;49.004756
95574_0470_00011;11;;Rue de Reinebourg;95390;95574;Saint-Prix;;;2.270129;49.01378
95574_0510_00023;23;;Rue de Rubelles;95390;95574;Saint-Prix;;;2.264506;49.013099
95574_0112_00042;42;;Villa Charles Peguy;95390;95574;Saint-Prix;;;2.262368;48.999188
95574_0355_00013;13;;Allée de la Louvette;95390;95574;Saint-Prix;;;2.255128;49.001908
95574_0370_00040;40;;Rue du Maréchal Joffre;95390;95574;Saint-Prix;;;2.25342;49.001601
95574_0419_00006;6;;Avenue du Parc;95390;95574;Saint-Prix;;;2.266719;49.013605
95574_0340_00008;8;;Rue de la Liberté;95390;95574;Saint-Prix;;;2.25535;49.005228
95574_0510_00005;5;;Rue de Rubelles;95390;95574;Saint-Prix;;;2.265563;49.015683
95574_0100_00004;4;;Avenue du Bois;95390;95574;Saint-Prix;;;2.256113;49.008245
95574_0510_00034_bis;34;bis;Rue de Rubelles;95390;95574;Saint-Prix;;;2.263783;49.011843
95574_0250_00103;103;;Rue Georges Ribordy;95390;95574;Saint-Prix;;;2.27612;49.010189
95574_0190_00100;100;;Rue d’Ermont;95390;95574;Saint-Prix;;;2.259684;49.002707
95574_0080_00041;41;;Rue Auguste Rey;95390;95574;Saint-Prix;;;2.265546;49.016076
95574_0200_00007;7;;Rue de l’Explorateur Delaporte;95390;95574;Saint-Prix;;;2.263404;49.015734
95574_u3qxk0_00002;2;;Ferme de Saint-Prix;95390;95574;Saint-Prix;;;2.263818;49.008296
95574_0030_00045;45;;Rue Anatole France;95390;95574;Saint-Prix;;;2.256712;49.001201
95574_0235_00046;46;;Avenue du Général Leclerc;95390;95574;Saint-Prix;;;2.260177;49.004844
95574_a215_00006;6;;Résidence du Cottage;95390;95574;Saint-Prix;;;2.256528;49.006478
95574_tmexl7_00066_bis;66;bis;Rue Louis et Gérard Donzelle;95390;95574;Saint-Prix;;;2.25563;49.011706
95574_0355_00001;1;;Allée de la Louvette;95390;95574;Saint-Prix;;;2.254344;49.002963
95574_0490_00024;24;;Rue Robert Thomas;95390;95574;Saint-Prix;;;2.267373;49.004759
95574_0250_00133;133;;Rue Georges Ribordy;95390;95574;Saint-Prix;;;2.278152;49.008926
95574_0400_00058;58;;Rue de Montlignon;95390;95574;Saint-Prix;;;2.277145;49.012806
95574_0430_00061_quater;61;quater;Rue Pasteur;95390;95574;Saint-Prix;;;2.263913;49.008919
95574_0310_00056;56;;Rue Jean Mermoz;95390;95574;Saint-Prix;;;2.255817;49.001869
95574_0462_00003;3;;Rue de la Poste;95390;95574;Saint-Prix;;;2.260921;49.006897
95574_0235_00080;80;;Avenue du Général Leclerc;95390;95574;Saint-Prix;;;2.257202;49.007813
95574_a208_00005;5;;Résidence du Cèdre;95390;95574;Saint-Prix;;;2.263974;49.002599
95574_a215_00005;5;;Résidence du Cottage;95390;95574;Saint-Prix;;;2.25636;49.006525
95574_tmexl7_00026_quater;26;quater;Rue Louis et Gérard Donzelle;95390;95574;Saint-Prix;;;2.25869;49.011186
95574_0510_00016;16;;Rue de Rubelles;95390;95574;Saint-Prix;;;2.26489;49.013934
95574_0510_00005_t;5;t;Rue de Rubelles;95390;95574;Saint-Prix;;;2.265039;49.014746
95574_tqat9w_00004;4;;Rue Albert 1er;95390;95574;Saint-Prix;;;2.259415;49.004658
95574_0294_00001;1;;Avenue Héloïse;95390;95574;Saint-Prix;;;2.254028;49.00144
95574_0430_00012_bis;12;bis;Rue Pasteur;95390;95574;Saint-Prix;;;2.265058;49.001673
95574_tqat9w_00033_t;33;t;Rue Albert 1er;95390;95574;Saint-Prix;;;2.25727;49.002698
95574_0460_00021_bis;21;bis;Rue Pierre Curie;95390;95574;Saint-Prix;;;2.255206;49.00714
95574_0080_00028;28;;Rue Auguste Rey;95390;95574;Saint-Prix;;;2.268603;49.015332
95574_0160_00007_bis;7;bis;Rue du Docteur Roux;95390;95574;Saint-Prix;;;2.265526;49.001022
95574_0020_00016;16;;Rue Alexandre Ribot;95390;95574;Saint-Prix;;;2.258406;49.007419
95574_0400_00023;23;;Rue de Montlignon;95390;95574;Saint-Prix;;;2.27978;49.011987
95574_0090_00020;20;;Rue des Beaux Sites;95390;95574;Saint-Prix;;;2.268952;49.00391
95574_0459_00010;10;;Villa Pierre Corneille;95390;95574;Saint-Prix;;;2.25804;49.01286
95574_0235_00005;5;;Avenue du Général Leclerc;95390;95574;Saint-Prix;;;2.263866;49.001327
95574_0100_00001;1;;Avenue du Bois;95390;95574;Saint-Prix;;;2.256141;49.008114
95574_0080_00080;80;;Rue Auguste Rey;95390;95574;Saint-Prix;;;2.265017;49.016293
95574_0100_00020;20;;Avenue du Bois;95390;95574;Saint-Prix;;;2.254792;49.00765
95574_0419_00005;5;;Avenue du Parc;95390;95574;Saint-Prix;;;2.266654;49.013694
95574_0080_00027;27;;Rue Auguste Rey;95390;95574;Saint-Prix;;;2.266642;49.015964
95574_0294_00003;3;;Avenue Héloïse;95390;95574;Saint-Prix;;;2.254291;49.001735
95574_0340_00015_bis;15;bis;Rue de la Liberté;95390;95574;Saint-Prix;;;2.254991;49.005937
95574_tqat9w_00033_a;33;a;Rue Albert 1er;95390;95574;Saint-Prix;;;2.25719;49.002629
95574_0222_00023;23;;Villa Frédéric Chopin;95390;95574;Saint-Prix;;;2.261198;49.011718
95574_0490_00052;52;;Rue Robert Thomas;95390;95574;Saint-Prix;;;2.26981;49.006794
95574_0280_00022;22;;Allée Hector Carlin;95390;95574;Saint-Prix;;;2.259929;48.999971
95574_a272_00009;9;;Villa des Grands Clos;95390;95574;Saint-Prix;;;2.263206;49.013498
95574_0460_00057;57;;Rue Pierre Curie;95390;95574;Saint-Prix;;;2.258741;49.008788
95574_0440_00004;4;;Ruelle à Perette;95390;95574;Saint-Prix;;;2.269526;49.014994
95574_0020_00004;4;;Rue Alexandre Ribot;95390;95574;Saint-Prix;;;2.258579;49.006872
95574_0140_00008;8;;Rue du Colonel Fabien;95390;95574;Saint-Prix;;;2.262006;49.009973
95574_0461_00004;4;;Allée des Pins;95390;95574;Saint-Prix;;;2.266643;49.015606
95574_0131_00008;8;;Allée de la Cerisaie;95390;95574;Saint-Prix;;;2.258823;49.007748
95574_0522_00010;10;;Avenue des Vergers;95390;95574;Saint-Prix;;;2.265591;49.007801
95574_0250_00112;112;;Rue Georges Ribordy;95390;95574;Saint-Prix;;;2.276755;49.009989
95574_0190_00096_c;96;c;Rue d’Ermont;95390;95574;Saint-Prix;;;2.259806;49.00324
95574_0080_00018;18;;Rue Auguste Rey;95390;95574;Saint-Prix;;;2.269082;49.015071
95574_0230_00027;27;;Rue Gambetta;95390;95574;Saint-Prix;;;2.26006;48.999136
95574_0190_00062;62;;Rue d’Ermont;95390;95574;Saint-Prix;;;2.261667;49.006584
95574_0137_00006;6;;Allée du Clos Rouillard;95390;95574;Saint-Prix;;;2.268576;49.009486
95574_tqat9w_00035_bis;35;bis;Rue Albert 1er;95390;95574;Saint-Prix;;;2.25731;49.00275
95574_0390_00011;11;;Rue Michel Cauchez;95390;95574;Saint-Prix;;;2.256363;49.005623
95574_tmexl7_00054;54;;Rue Louis et Gérard Donzelle;95390;95574;Saint-Prix;;;2.257827;49.011493
95574_0100_00003;3;;Avenue du Bois;95390;95574;Saint-Prix;;;2.25602;49.008166
95574_0421_00017;17;;Villa des Passes Crassanes;95390;95574;Saint-Prix;;;2.266766;49.007613
95574_0458_00006;6;;Villa Pierre de Ronsard;95390;95574;Saint-Prix;;;2.259666;49.010493
95574_0458_00001;1;;Villa Pierre de Ronsard;95390;95574;Saint-Prix;;;2.260186;49.010976
95574_0235_00058_bis;58;bis;Avenue du Général Leclerc;95390;95574;Saint-Prix;;;2.259319;49.005666
95574_0310_00027;27;;Rue Jean Mermoz;95390;95574;Saint-Prix;;;2.257291;49.001683
95574_tmexl7_00065;65;;Rue Louis et Gérard Donzelle;95390;95574;Saint-Prix;;;2.25685;49.011807
95574_0384_00011;11;;Rue des Mauprès;95390;95574;Saint-Prix;;;2.268146;49.010545
95574_0235_00095;95;;Avenue du Général Leclerc;95390;95574;Saint-Prix;;;2.257778;49.00696
95574_0190_00024_ter;24;ter;Rue d’Ermont;95390;95574;Saint-Prix;;;2.262647;49.008829
95574_0250_00121;121;;Rue Georges Ribordy;95390;95574;Saint-Prix;;;2.277516;49.009567
95574_tqat9w_00015;15;;Rue Albert 1er;95390;95574;Saint-Prix;;;2.258651;49.003888
