id;numero;rep;nom_voie;code_postal;code_insee;nom_commune;nom_ancienne_commune;nom_ld;lon;lat
38440_0312_00890;890;;Route des Platieres;38870;38440;Saint-Pierre-de-Bressieux;;;5.29702;45.318524
38440_0426_01560;1560;;Route du Vert;38870;38440;Saint-Pierre-de-Bressieux;;;5.30231;45.326984
38440_0068_00425;425;;Rue du Dijon;38870;38440;Saint-Pierre-de-Bressieux;;;5.281976;45.315353
38440_0318_00375;375;;Chemin de Puy Muret;38870;38440;Saint-Pierre-de-Bressieux;;;5.310707;45.314005
38440_0068_00040;40;;Rue du Dijon;38870;38440;Saint-Pierre-de-Bressieux;;;5.286691;45.315433
38440_0134_00115;115;;Chemin des Gonnettes;38870;38440;Saint-Pierre-de-Bressieux;;;5.296706;45.32094
38440_0134_00010;10;;Chemin des Gonnettes;38870;38440;Saint-Pierre-de-Bressieux;;;5.295573;45.318975
38440_0068_00100;100;;Rue du Dijon;38870;38440;Saint-Pierre-de-Bressieux;;;5.285947;45.315344
38440_0242_00420;420;;Route de Malivier;38870;38440;Saint-Pierre-de-Bressieux;;;5.30706;45.312638
38440_0255_00365;365;;Montee de Moulin Ruel;38870;38440;Saint-Pierre-de-Bressieux;;;5.27484;45.302497
38440_0432_00335;335;;Route du Village;38870;38440;Saint-Pierre-de-Bressieux;;;5.291673;45.315772
38440_0068_00215;215;;Rue du Dijon;38870;38440;Saint-Pierre-de-Bressieux;;;5.284593;45.315215
38440_0245_00015;15;;Montee des Martelieres;38870;38440;Saint-Pierre-de-Bressieux;;;5.306923;45.315244
38440_0318_00010;10;;Chemin de Puy Muret;38870;38440;Saint-Pierre-de-Bressieux;;;5.310315;45.311618
38440_0060_00165;165;;Route du Cuzin;38870;38440;Saint-Pierre-de-Bressieux;;;5.300402;45.315949
38440_0060_00810;810;;Route du Cuzin;38870;38440;Saint-Pierre-de-Bressieux;;;5.301981;45.31994
38440_0312_00555;555;;Route des Platieres;38870;38440;Saint-Pierre-de-Bressieux;;;5.293167;45.318337
38440_0374_00180;180;;Chemin des Sources;38870;38440;Saint-Pierre-de-Bressieux;;;5.304776;45.312422
38440_0012_00135;135;;Rue des Anges;38870;38440;Saint-Pierre-de-Bressieux;;;5.283372;45.316511
38440_0138_00105;105;;Allée du Grand Champ;38870;38440;Saint-Pierre-de-Bressieux;;;5.286067;45.318227
38440_0312_00605;605;;Route des Platieres;38870;38440;Saint-Pierre-de-Bressieux;;;5.293658;45.318623
38440_0060_00540;540;;Route du Cuzin;38870;38440;Saint-Pierre-de-Bressieux;;;5.299633;45.318649
38440_0374_00085;85;;Chemin des Sources;38870;38440;Saint-Pierre-de-Bressieux;;;5.304241;45.313095
38440_0110_00015;15;;Passage de la Fontaine;38870;38440;Saint-Pierre-de-Bressieux;;;5.305807;45.312566
38440_0086_00045;45;;Place de l’Eglise;38870;38440;Saint-Pierre-de-Bressieux;;;5.287509;45.316051
38440_0355_00055;55;;Chemin de Rossieres;38870;38440;Saint-Pierre-de-Bressieux;;;5.287584;45.312351
38440_0430_00030;30;;Chemin des Vignes;38870;38440;Saint-Pierre-de-Bressieux;;;5.30037;45.318139
38440_0312_00170;170;;Route des Platieres;38870;38440;Saint-Pierre-de-Bressieux;;;5.288688;45.317271
38440_0426_01555;1555;;Route du Vert;38870;38440;Saint-Pierre-de-Bressieux;;;5.302617;45.32678
38440_0054_00360;360;;Route de la Combe du Bos;38870;38440;Saint-Pierre-de-Bressieux;;;5.287189;45.313194
38440_0122_00625;625;;Route de Garembourg;38870;38440;Saint-Pierre-de-Bressieux;;;5.276832;45.311816
38440_0060_00570;570;;Route du Cuzin;38870;38440;Saint-Pierre-de-Bressieux;;;5.300126;45.318962
38440_0312_01045;1045;;Route des Platieres;38870;38440;Saint-Pierre-de-Bressieux;;;5.298979;45.318331
38440_0042_00655;655;;Route de la Casaniere;38870;38440;Saint-Pierre-de-Bressieux;;;5.308051;45.317929
38440_0068_00060;60;;Rue du Dijon;38870;38440;Saint-Pierre-de-Bressieux;;;5.286472;45.31537
38440_0242_00405;405;;Route de Malivier;38870;38440;Saint-Pierre-de-Bressieux;;;5.306984;45.312795
38440_5000_00200;200;;Route des Ancolies;38870;38440;Saint-Pierre-de-Bressieux;;;5.282106;45.317216
38440_0245_00100;100;;Montee des Martelieres;38870;38440;Saint-Pierre-de-Bressieux;;;5.307536;45.315715
38440_0310_00025;25;;Route du Piraud;38870;38440;Saint-Pierre-de-Bressieux;;;5.29123;45.312065
38440_0068_00135;135;;Rue du Dijon;38870;38440;Saint-Pierre-de-Bressieux;;;5.285624;45.31521
38440_0122_01080;1080;;Route de Garembourg;38870;38440;Saint-Pierre-de-Bressieux;;;5.2714;45.31172
38440_0054_00445;445;;Route de la Combe du Bos;38870;38440;Saint-Pierre-de-Bressieux;;;5.287964;45.31273
38440_0058_00100;100;;Chemin de la Croix Trouva;38870;38440;Saint-Pierre-de-Bressieux;;;5.28519;45.31913
38440_0185_00065;65;;Allée des Jeunes d'Autrefois;38870;38440;Saint-Pierre-de-Bressieux;;;5.286425;45.315956
38440_0432_00210;210;;Route du Village;38870;38440;Saint-Pierre-de-Bressieux;;;5.290008;45.31549
38440_0086_00050;50;;Place de l’Eglise;38870;38440;Saint-Pierre-de-Bressieux;;;5.287121;45.315695
38440_0044_00070;70;;Montee des Cavaliers;38870;38440;Saint-Pierre-de-Bressieux;;;5.30622;45.312415
38440_0192_00060;60;;Chemin des Jonquilles;38870;38440;Saint-Pierre-de-Bressieux;;;5.30182;45.314825
38440_0068_00525;525;;Rue du Dijon;38870;38440;Saint-Pierre-de-Bressieux;;;5.280722;45.315782
38440_0060_00055;55;;Route du Cuzin;38870;38440;Saint-Pierre-de-Bressieux;;;5.300106;45.314982
38440_0308_00235;235;;Chemin du Pin;38870;38440;Saint-Pierre-de-Bressieux;;;5.286283;45.305304
38440_0255_00285;285;;Montee de Moulin Ruel;38870;38440;Saint-Pierre-de-Bressieux;;;5.2744;45.303092
38440_0060_00655;655;;Route du Cuzin;38870;38440;Saint-Pierre-de-Bressieux;;;5.300317;45.319393
38440_0192_00025;25;;Chemin des Jonquilles;38870;38440;Saint-Pierre-de-Bressieux;;;5.301468;45.314545
38440_0356_01360;1360;;Route de Rossieres;38870;38440;Saint-Pierre-de-Bressieux;;;5.289971;45.306895
38440_0356_01370;1370;;Route de Rossieres;38870;38440;Saint-Pierre-de-Bressieux;;;5.289713;45.306687
38440_0012_00150;150;;Rue des Anges;38870;38440;Saint-Pierre-de-Bressieux;;;5.283495;45.316558
38440_0110_00010;10;;Passage de la Fontaine;38870;38440;Saint-Pierre-de-Bressieux;;;5.305696;45.312604
38440_0122_00515;515;;Route de Garembourg;38870;38440;Saint-Pierre-de-Bressieux;;;5.278059;45.312377
38440_0432_00025;25;;Route du Village;38870;38440;Saint-Pierre-de-Bressieux;;;5.288058;45.316056
38440_0386_00005;5;;Passage des Tilleuls;38870;38440;Saint-Pierre-de-Bressieux;;;5.300404;45.31848
38440_0060_00030;30;;Route du Cuzin;38870;38440;Saint-Pierre-de-Bressieux;;;5.300147;45.314686
38440_0432_00140;140;;Route du Village;38870;38440;Saint-Pierre-de-Bressieux;;;5.289181;45.315621
38440_0068_00150;150;;Rue du Dijon;38870;38440;Saint-Pierre-de-Bressieux;;;5.285397;45.315296
38440_0430_00045;45;;Chemin des Vignes;38870;38440;Saint-Pierre-de-Bressieux;;;5.300599;45.31823
38440_0432_00555;555;;Route du Village;38870;38440;Saint-Pierre-de-Bressieux;;;5.294475;45.315421
38440_0430_00260;260;;Chemin des Vignes;38870;38440;Saint-Pierre-de-Bressieux;;;5.303127;45.317869
38440_0386_00025;25;;Passage des Tilleuls;38870;38440;Saint-Pierre-de-Bressieux;;;5.300465;45.318751
38440_0346_03200;3200;;Route de Revel;38870;38440;Saint-Pierre-de-Bressieux;;;5.312983;45.290145
38440_0138_00125;125;;Allée du Grand Champ;38870;38440;Saint-Pierre-de-Bressieux;;;5.286158;45.31817
38440_0432_00405;405;;Route du Village;38870;38440;Saint-Pierre-de-Bressieux;;;5.292505;45.315539
38440_y2piuo_00360;360;;chemin du vert;38870;38440;Saint-Pierre-de-Bressieux;;;5.305852;45.328405
38440_5000_00020;20;;Route des Ancolies;38870;38440;Saint-Pierre-de-Bressieux;;;5.280371;45.316638
38440_0192_00120;120;;Chemin des Jonquilles;38870;38440;Saint-Pierre-de-Bressieux;;;5.302131;45.315414
38440_0138_00305;305;;Allée du Grand Champ;38870;38440;Saint-Pierre-de-Bressieux;;;5.287835;45.317823
38440_0261_00015;15;;Impasse des Muriers;38870;38440;Saint-Pierre-de-Bressieux;;;5.287002;45.317405
38440_0142_02455;2455;;Allee du Hameau de Grignon;38870;38440;Saint-Pierre-de-Bressieux;;;5.270823;45.277822
38440_0142_02475;2475;;Allee du Hameau de Grignon;38870;38440;Saint-Pierre-de-Bressieux;;;5.270552;45.277508
38440_0110_00035;35;;Passage de la Fontaine;38870;38440;Saint-Pierre-de-Bressieux;;;5.305813;45.312349
38440_0012_00140;140;;Rue des Anges;38870;38440;Saint-Pierre-de-Bressieux;;;5.283406;45.316336
38440_0060_00090;90;;Route du Cuzin;38870;38440;Saint-Pierre-de-Bressieux;;;5.300287;45.315194
38440_0310_00080;80;;Route du Piraud;38870;38440;Saint-Pierre-de-Bressieux;;;5.291952;45.31199
38440_0426_01180;1180;;Route du Vert;38870;38440;Saint-Pierre-de-Bressieux;;;5.305479;45.324667
38440_0060_00295;295;;Route du Cuzin;38870;38440;Saint-Pierre-de-Bressieux;;;5.300642;45.317046
38440_0308_00150;150;;Chemin du Pin;38870;38440;Saint-Pierre-de-Bressieux;;;5.287399;45.305585
38440_0432_00200;200;;Route du Village;38870;38440;Saint-Pierre-de-Bressieux;;;5.289935;45.315536
38440_0048_00055;55;;Allee des Chenes;38870;38440;Saint-Pierre-de-Bressieux;;;5.299617;45.319447
38440_0068_00350;350;;Rue du Dijon;38870;38440;Saint-Pierre-de-Bressieux;;;5.282939;45.315308
38440_0068_00470;470;;Rue du Dijon;38870;38440;Saint-Pierre-de-Bressieux;;;5.281644;45.315602
38440_0012_00105;105;;Rue des Anges;38870;38440;Saint-Pierre-de-Bressieux;;;5.283321;45.316384
38440_0142_01475;1475;;Allee du Hameau de Grignon;38870;38440;Saint-Pierre-de-Bressieux;;;5.281741;45.281233
38440_0310_00670;670;;Route du Piraud;38870;38440;Saint-Pierre-de-Bressieux;;;5.299275;45.31193
38440_0038_00170;170;;Route de Bressieux;38870;38440;Saint-Pierre-de-Bressieux;;;5.28548;45.31659
38440_0350_00090;90;;Montee de la Rivoire;38870;38440;Saint-Pierre-de-Bressieux;;;5.288286;45.318691
38440_0038_00105;105;;Route de Bressieux;38870;38440;Saint-Pierre-de-Bressieux;;;5.28626;45.316339
38440_0318_00335;335;;Chemin de Puy Muret;38870;38440;Saint-Pierre-de-Bressieux;;;5.310814;45.313798
38440_0350_00035;35;;Montee de la Rivoire;38870;38440;Saint-Pierre-de-Bressieux;;;5.28832;45.318055
38440_0086_00070;70;;Place de l’Eglise;38870;38440;Saint-Pierre-de-Bressieux;;;5.287308;45.315642
38440_0068_00175;175;;Rue du Dijon;38870;38440;Saint-Pierre-de-Bressieux;;;5.285138;45.315203
38440_0318_00015;15;;Chemin de Puy Muret;38870;38440;Saint-Pierre-de-Bressieux;;;5.310259;45.311702
38440_0012_00080;80;;Rue des Anges;38870;38440;Saint-Pierre-de-Bressieux;;;5.283214;45.315889
38440_0242_00375;375;;Route de Malivier;38870;38440;Saint-Pierre-de-Bressieux;;;5.306626;45.312975
38440_0344_00080;80;;Impasse du Reservoir;38870;38440;Saint-Pierre-de-Bressieux;;;5.290555;45.3066
38440_0242_00660;660;;Route de Malivier;38870;38440;Saint-Pierre-de-Bressieux;;;5.309647;45.31163
38440_0002_01035;1035;;Route de l’Abbaye;38870;38440;Saint-Pierre-de-Bressieux;;;5.295229;45.300616
38440_0356_01350;1350;;Route de Rossieres;38870;38440;Saint-Pierre-de-Bressieux;;;5.290189;45.307041
38440_0038_00100;100;;Route de Bressieux;38870;38440;Saint-Pierre-de-Bressieux;;;5.28614;45.316509
38440_0242_00795;795;;Route de Malivier;38870;38440;Saint-Pierre-de-Bressieux;;;5.311402;45.311254
38440_0312_00285;285;;Route des Platieres;38870;38440;Saint-Pierre-de-Bressieux;;;5.289585;45.318094
38440_0426_00360;360;;Route du Vert;38870;38440;Saint-Pierre-de-Bressieux;;;5.308843;45.319867
38440_0057_00205;205;;Chemin de la Croix Blanche;38870;38440;Saint-Pierre-de-Bressieux;;;5.304148;45.312231
38440_0068_00195;195;;Rue du Dijon;38870;38440;Saint-Pierre-de-Bressieux;;;5.284807;45.315214
38440_0068_00030;30;;Rue du Dijon;38870;38440;Saint-Pierre-de-Bressieux;;;5.286859;45.315456
38440_0426_01365;1365;;Route du Vert;38870;38440;Saint-Pierre-de-Bressieux;;;5.304052;45.325881
38440_0060_00230;230;;Route du Cuzin;38870;38440;Saint-Pierre-de-Bressieux;;;5.300618;45.316455
38440_0060_00780;780;;Route du Cuzin;38870;38440;Saint-Pierre-de-Bressieux;;;5.301641;45.319684
38440_0135_00035;35;;Impasse des Gonnettes;38870;38440;Saint-Pierre-de-Bressieux;;;5.294859;45.319405
38440_0068_00260;260;;Rue du Dijon;38870;38440;Saint-Pierre-de-Bressieux;;;5.28404;45.315286
38440_0310_00035;35;;Route du Piraud;38870;38440;Saint-Pierre-de-Bressieux;;;5.29145;45.312062
38440_0068_00285;285;;Rue du Dijon;38870;38440;Saint-Pierre-de-Bressieux;;;5.283703;45.315122
38440_0060_00045;45;;Route du Cuzin;38870;38440;Saint-Pierre-de-Bressieux;;;5.300078;45.314848
38440_0142_02590;2590;;Allee du Hameau de Grignon;38870;38440;Saint-Pierre-de-Bressieux;;;5.269251;45.277179
38440_0086_00080;80;;Place de l’Eglise;38870;38440;Saint-Pierre-de-Bressieux;;;5.287675;45.315908
38440_0012_00175;175;;Rue des Anges;38870;38440;Saint-Pierre-de-Bressieux;;;5.283479;45.31674
38440_0038_00135;135;;Route de Bressieux;38870;38440;Saint-Pierre-de-Bressieux;;;5.285922;45.316407
38440_0068_00480;480;;Rue du Dijon;38870;38440;Saint-Pierre-de-Bressieux;;;5.281385;45.315679
38440_0060_00730;730;;Route du Cuzin;38870;38440;Saint-Pierre-de-Bressieux;;;5.301307;45.319384
38440_0060_00495;495;;Route du Cuzin;38870;38440;Saint-Pierre-de-Bressieux;;;5.299419;45.318152
38440_0088_00530;530;;Chemin des Essarts;38870;38440;Saint-Pierre-de-Bressieux;;;5.292944;45.293761
38440_0026_00105;105;;Passage des Belles Combes;38870;38440;Saint-Pierre-de-Bressieux;;;5.278245;45.317385
38440_0432_00885;885;;Route du Village;38870;38440;Saint-Pierre-de-Bressieux;;;5.298727;45.314934
38440_0122_01070;1070;;Route de Garembourg;38870;38440;Saint-Pierre-de-Bressieux;;;5.271499;45.311679
38440_0430_00095;95;;Chemin des Vignes;38870;38440;Saint-Pierre-de-Bressieux;;;5.301407;45.318224
38440_0024_00040;40;;Chemin de Beizat;38870;38440;Saint-Pierre-de-Bressieux;;;5.287133;45.312869
38440_0312_00675;675;;Route des Platieres;38870;38440;Saint-Pierre-de-Bressieux;;;5.294308;45.318887
38440_0308_00420;420;;Chemin du Pin;38870;38440;Saint-Pierre-de-Bressieux;;;5.28438;45.306001
38440_0356_01495;1495;;Route de Rossieres;38870;38440;Saint-Pierre-de-Bressieux;;;5.289355;45.306037
38440_0054_00620;620;;Route de la Combe du Bos;38870;38440;Saint-Pierre-de-Bressieux;;;5.289823;45.312093
38440_0310_00480;480;;Route du Piraud;38870;38440;Saint-Pierre-de-Bressieux;;;5.29786;45.312001
38440_0002_00220;220;;Route de l’Abbaye;38870;38440;Saint-Pierre-de-Bressieux;;;5.289666;45.304056
38440_0261_00125;125;;Impasse des Muriers;38870;38440;Saint-Pierre-de-Bressieux;;;5.2883;45.317295
38440_0308_00285;285;;Chemin du Pin;38870;38440;Saint-Pierre-de-Bressieux;;;5.285799;45.305408
38440_0138_00185;185;;Allée du Grand Champ;38870;38440;Saint-Pierre-de-Bressieux;;;5.286265;45.318109
38440_0068_00180;180;;Rue du Dijon;38870;38440;Saint-Pierre-de-Bressieux;;;5.284892;45.31528
38440_0122_00635;635;;Route de Garembourg;38870;38440;Saint-Pierre-de-Bressieux;;;5.276698;45.311758
38440_0042_00725;725;;Route de la Casaniere;38870;38440;Saint-Pierre-de-Bressieux;;;5.308879;45.318245
38440_0112_00230;230;;Chemin de Fourneyre;38870;38440;Saint-Pierre-de-Bressieux;;;5.275993;45.30278
38440_0242_01000;1000;;Route de Malivier;38870;38440;Saint-Pierre-de-Bressieux;;;5.313872;45.310941
38440_0135_00090;90;;Impasse des Gonnettes;38870;38440;Saint-Pierre-de-Bressieux;;;5.293976;45.319601
38440_0055_00020;20;;Chemin de la Combe de l'Eau;38870;38440;Saint-Pierre-de-Bressieux;;;5.312752;45.310846
38440_0356_01415;1415;;Route de Rossieres;38870;38440;Saint-Pierre-de-Bressieux;;;5.28985;45.306583
38440_0055_00200;200;;Chemin de la Combe de l'Eau;38870;38440;Saint-Pierre-de-Bressieux;;;5.31487;45.310388
38440_0042_00835;835;;Route de la Casaniere;38870;38440;Saint-Pierre-de-Bressieux;;;5.310161;45.318715
38440_0356_01335;1335;;Route de Rossieres;38870;38440;Saint-Pierre-de-Bressieux;;;5.290753;45.307195
38440_0432_00900;900;;Route du Village;38870;38440;Saint-Pierre-de-Bressieux;;;5.298827;45.314822
38440_0432_00230;230;;Route du Village;38870;38440;Saint-Pierre-de-Bressieux;;;5.290291;45.315519
38440_0261_00035;35;;Impasse des Muriers;38870;38440;Saint-Pierre-de-Bressieux;;;5.28722;45.317364
38440_0042_00145;145;;Route de la Casaniere;38870;38440;Saint-Pierre-de-Bressieux;;;5.303151;45.315254
38440_0142_02700;2700;;Allee du Hameau de Grignon;38870;38440;Saint-Pierre-de-Bressieux;;;5.268672;45.27649
38440_0002_00470;470;;Route de l’Abbaye;38870;38440;Saint-Pierre-de-Bressieux;;;5.289256;45.302502
38440_0310_00450;450;;Route du Piraud;38870;38440;Saint-Pierre-de-Bressieux;;;5.297639;45.311981
38440_0138_00135;135;;Allée du Grand Champ;38870;38440;Saint-Pierre-de-Bressieux;;;5.286157;45.318139
38440_0192_00097;97;;Chemin des Jonquilles;38870;38440;Saint-Pierre-de-Bressieux;;;5.30164;45.315222
38440_0430_00195;195;;Chemin des Vignes;38870;38440;Saint-Pierre-de-Bressieux;;;5.302389;45.318113
38440_0068_00045;45;;Rue du Dijon;38870;38440;Saint-Pierre-de-Bressieux;;;5.286853;45.315351
38440_0068_00405;405;;Rue du Dijon;38870;38440;Saint-Pierre-de-Bressieux;;;5.282217;45.315263
38440_0026_00035;35;;Passage des Belles Combes;38870;38440;Saint-Pierre-de-Bressieux;;;5.27946;45.317099
38440_0350_00100;100;;Montee de la Rivoire;38870;38440;Saint-Pierre-de-Bressieux;;;5.287657;45.318727
38440_0138_00080;80;;Allée du Grand Champ;38870;38440;Saint-Pierre-de-Bressieux;;;5.285555;45.318247
38440_0134_00085;85;;Chemin des Gonnettes;38870;38440;Saint-Pierre-de-Bressieux;;;5.295155;45.319611
38440_0068_00330;330;;Rue du Dijon;38870;38440;Saint-Pierre-de-Bressieux;;;5.283174;45.315269
38440_0356_01510;1510;;Route de Rossieres;38870;38440;Saint-Pierre-de-Bressieux;;;5.289123;45.306054
38440_0135_00060;60;;Impasse des Gonnettes;38870;38440;Saint-Pierre-de-Bressieux;;;5.294429;45.319546
38440_0426_01585;1585;;Route du Vert;38870;38440;Saint-Pierre-de-Bressieux;;;5.301898;45.327037
38440_0426_01400;1400;;Route du Vert;38870;38440;Saint-Pierre-de-Bressieux;;;5.303862;45.326201
38440_0068_00290;290;;Rue du Dijon;38870;38440;Saint-Pierre-de-Bressieux;;;5.283725;45.315288
38440_0254_01075;1075;;Chemin de Moulin Ruel;38870;38440;Saint-Pierre-de-Bressieux;;;5.2717;45.308576
38440_0142_02305;2305;;Allee du Hameau de Grignon;38870;38440;Saint-Pierre-de-Bressieux;;;5.27328;45.277753
38440_0308_00360;360;;Chemin du Pin;38870;38440;Saint-Pierre-de-Bressieux;;;5.285289;45.306132
38440_0310_00530;530;;Route du Piraud;38870;38440;Saint-Pierre-de-Bressieux;;;5.298215;45.311977
38440_0012_00005;5;;Rue des Anges;38870;38440;Saint-Pierre-de-Bressieux;;;5.282705;45.315359
38440_0430_00005;5;;Chemin des Vignes;38870;38440;Saint-Pierre-de-Bressieux;;;5.300018;45.318176
38440_0012_00095;95;;Rue des Anges;38870;38440;Saint-Pierre-de-Bressieux;;;5.283067;45.316029
38440_0430_00165;165;;Chemin des Vignes;38870;38440;Saint-Pierre-de-Bressieux;;;5.302152;45.318157
38440_0374_00400;400;;Chemin des Sources;38870;38440;Saint-Pierre-de-Bressieux;;;5.305924;45.310744
38440_0054_00390;390;;Route de la Combe du Bos;38870;38440;Saint-Pierre-de-Bressieux;;;5.287246;45.312971
38440_0135_00075;75;;Impasse des Gonnettes;38870;38440;Saint-Pierre-de-Bressieux;;;5.29439;45.319467
38440_0058_00120;120;;Chemin de la Croix Trouva;38870;38440;Saint-Pierre-de-Bressieux;;;5.285277;45.319418
38440_0374_00885;885;;Chemin des Sources;38870;38440;Saint-Pierre-de-Bressieux;;;5.310953;45.31115
38440_0054_00885;885;;Route de la Combe du Bos;38870;38440;Saint-Pierre-de-Bressieux;;;5.292828;45.311105
38440_0138_00155;155;;Allée du Grand Champ;38870;38440;Saint-Pierre-de-Bressieux;;;5.286196;45.318107
38440_0432_00315;315;;Route du Village;38870;38440;Saint-Pierre-de-Bressieux;;;5.291353;45.315933
38440_0426_01485;1485;;Route du Vert;38870;38440;Saint-Pierre-de-Bressieux;;;5.303016;45.326629
38440_0261_00075;75;;Impasse des Muriers;38870;38440;Saint-Pierre-de-Bressieux;;;5.287653;45.317263
38440_0060_00100;100;;Route du Cuzin;38870;38440;Saint-Pierre-de-Bressieux;;;5.300291;45.315216
38440_0060_00415;415;;Route du Cuzin;38870;38440;Saint-Pierre-de-Bressieux;;;5.300072;45.317961
38440_0060_00405;405;;Route du Cuzin;38870;38440;Saint-Pierre-de-Bressieux;;;5.300497;45.317701
38440_0138_00100;100;;Allée du Grand Champ;38870;38440;Saint-Pierre-de-Bressieux;;;5.28579;45.318174
38440_0242_00580;580;;Route de Malivier;38870;38440;Saint-Pierre-de-Bressieux;;;5.308748;45.311893
38440_0261_00095;95;;Impasse des Muriers;38870;38440;Saint-Pierre-de-Bressieux;;;5.28787;45.317215
38440_0030_00080;80;;Allee des Bleuets;38870;38440;Saint-Pierre-de-Bressieux;;;5.285214;45.317278
38440_0312_00875;875;;Route des Platieres;38870;38440;Saint-Pierre-de-Bressieux;;;5.29697;45.318676
38440_0068_00380;380;;Rue du Dijon;38870;38440;Saint-Pierre-de-Bressieux;;;5.282471;45.315324
38440_0424_00690;690;;Chemin de Verdin;38870;38440;Saint-Pierre-de-Bressieux;;;5.305727;45.322338
38440_0430_00110;110;;Chemin des Vignes;38870;38440;Saint-Pierre-de-Bressieux;;;5.301305;45.318143
38440_0068_00310;310;;Rue du Dijon;38870;38440;Saint-Pierre-de-Bressieux;;;5.283469;45.31528
38440_0068_00230;230;;Rue du Dijon;38870;38440;Saint-Pierre-de-Bressieux;;;5.284375;45.315302
38440_0134_00050;50;;Chemin des Gonnettes;38870;38440;Saint-Pierre-de-Bressieux;;;5.295294;45.319689
38440_0430_00255;255;;Chemin des Vignes;38870;38440;Saint-Pierre-de-Bressieux;;;5.303287;45.317949
38440_0432_00760;760;;Route du Village;38870;38440;Saint-Pierre-de-Bressieux;;;5.297048;45.315169
38440_0138_00075;75;;Allée du Grand Champ;38870;38440;Saint-Pierre-de-Bressieux;;;5.285515;45.318386
38440_0002_02720;2720;;Route de l’Abbaye;38870;38440;Saint-Pierre-de-Bressieux;;;5.275192;45.305041
38440_0432_00015;15;;Route du Village;38870;38440;Saint-Pierre-de-Bressieux;;;5.28778;45.316017
38440_0068_00476;476;;Rue du Dijon;38870;38440;Saint-Pierre-de-Bressieux;;;5.281529;45.315607
38440_0432_00840;840;;Route du Village;38870;38440;Saint-Pierre-de-Bressieux;;;5.298083;45.314952
38440_0042_00605;605;;Route de la Casaniere;38870;38440;Saint-Pierre-de-Bressieux;;;5.307623;45.317728
38440_0060_00095;95;;Route du Cuzin;38870;38440;Saint-Pierre-de-Bressieux;;;5.300199;45.31524
38440_0312_00980;980;;Route des Platieres;38870;38440;Saint-Pierre-de-Bressieux;;;5.298129;45.318345
38440_0026_00085;85;;Passage des Belles Combes;38870;38440;Saint-Pierre-de-Bressieux;;;5.279232;45.317395
38440_0022_00550;550;;Chemin de la Batie;38870;38440;Saint-Pierre-de-Bressieux;;;5.293692;45.283403
38440_0424_00315;315;;Chemin de Verdin;38870;38440;Saint-Pierre-de-Bressieux;;;5.302213;45.323123
38440_0012_00185;185;;Rue des Anges;38870;38440;Saint-Pierre-de-Bressieux;;;5.283508;45.316804
38440_0432_00920;920;;Route du Village;38870;38440;Saint-Pierre-de-Bressieux;;;5.299109;45.314726
38440_0312_00780;780;;Route des Platieres;38870;38440;Saint-Pierre-de-Bressieux;;;5.295637;45.31885
38440_0350_00085;85;;Montee de la Rivoire;38870;38440;Saint-Pierre-de-Bressieux;;;5.287661;45.318553
38440_0060_00815;815;;Route du Cuzin;38870;38440;Saint-Pierre-de-Bressieux;;;5.302007;45.320059
38440_0122_00885;885;;Route de Garembourg;38870;38440;Saint-Pierre-de-Bressieux;;;5.273652;45.310803
38440_0356_01445;1445;;Route de Rossieres;38870;38440;Saint-Pierre-de-Bressieux;;;5.289628;45.306345
38440_0052_00170;170;;Allee du Colombier;38870;38440;Saint-Pierre-de-Bressieux;;;5.284562;45.318273
38440_0261_00020;20;;Impasse des Muriers;38870;38440;Saint-Pierre-de-Bressieux;;;5.287153;45.317294
38440_0002_02630;2630;;Route de l’Abbaye;38870;38440;Saint-Pierre-de-Bressieux;;;5.2762;45.304581
38440_0030_00075;75;;Allee des Bleuets;38870;38440;Saint-Pierre-de-Bressieux;;;5.285085;45.317272
38440_0068_00295;295;;Rue du Dijon;38870;38440;Saint-Pierre-de-Bressieux;;;5.283366;45.315125
38440_0060_00670;670;;Route du Cuzin;38870;38440;Saint-Pierre-de-Bressieux;;;5.300528;45.319542
38440_0054_00625;625;;Route de la Combe du Bos;38870;38440;Saint-Pierre-de-Bressieux;;;5.289947;45.312176
38440_0060_00180;180;;Route du Cuzin;38870;38440;Saint-Pierre-de-Bressieux;;;5.300543;45.316075
38440_0054_00915;915;;Route de la Combe du Bos;38870;38440;Saint-Pierre-de-Bressieux;;;5.293269;45.311008
38440_0242_01020;1020;;Route de Malivier;38870;38440;Saint-Pierre-de-Bressieux;;;5.31411;45.310931
38440_0138_00215;215;;Allée du Grand Champ;38870;38440;Saint-Pierre-de-Bressieux;;;5.287017;45.317957
38440_0068_00400;400;;Rue du Dijon;38870;38440;Saint-Pierre-de-Bressieux;;;5.282264;45.315375
38440_0002_00005;5;;Route de l’Abbaye;38870;38440;Saint-Pierre-de-Bressieux;;;5.289155;45.305758
38440_0055_00010;10;;Chemin de la Combe de l'Eau;38870;38440;Saint-Pierre-de-Bressieux;;;5.312501;45.310956
38440_0086_00065;65;;Place de l’Eglise;38870;38440;Saint-Pierre-de-Bressieux;;;5.287618;45.316028
38440_0010_00040;40;;Passage des Alisiers;38870;38440;Saint-Pierre-de-Bressieux;;;5.310147;45.311284
38440_0312_00860;860;;Route des Platieres;38870;38440;Saint-Pierre-de-Bressieux;;;5.296663;45.318628
38440_0042_00925;925;;Route de la Casaniere;38870;38440;Saint-Pierre-de-Bressieux;;;5.311216;45.31908
38440_0432_00120;120;;Route du Village;38870;38440;Saint-Pierre-de-Bressieux;;;5.289034;45.315617
38440_0355_00040;40;;Chemin de Rossieres;38870;38440;Saint-Pierre-de-Bressieux;;;5.287234;45.31257
38440_0068_00265;265;;Rue du Dijon;38870;38440;Saint-Pierre-de-Bressieux;;;5.284075;45.31519
38440_0142_01665;1665;;Allee du Hameau de Grignon;38870;38440;Saint-Pierre-de-Bressieux;;;5.279277;45.280451
38440_0002_00175;175;;Route de l’Abbaye;38870;38440;Saint-Pierre-de-Bressieux;;;5.289534;45.304453
38440_0432_00825;825;;Route du Village;38870;38440;Saint-Pierre-de-Bressieux;;;5.297889;45.315068
38440_5000_00130;130;;Route des Ancolies;38870;38440;Saint-Pierre-de-Bressieux;;;5.281366;45.316957
38440_0060_00060;60;;Route du Cuzin;38870;38440;Saint-Pierre-de-Bressieux;;;5.300292;45.315154
38440_0060_00040;40;;Route du Cuzin;38870;38440;Saint-Pierre-de-Bressieux;;;5.300294;45.315129
38440_0310_00325;325;;Route du Piraud;38870;38440;Saint-Pierre-de-Bressieux;;;5.294935;45.312343
38440_0242_00435;435;;Route de Malivier;38870;38440;Saint-Pierre-de-Bressieux;;;5.307352;45.312603
38440_0426_01255;1255;;Route du Vert;38870;38440;Saint-Pierre-de-Bressieux;;;5.305042;45.325195
38440_robk2i_00035;35;;allée du Rocher;38870;38440;Saint-Pierre-de-Bressieux;;;5.288538;45.316594
38440_0060_00915;915;;Route du Cuzin;38870;38440;Saint-Pierre-de-Bressieux;;;5.303041;45.320394
38440_0244_00030;30;;Route des Martelieres;38870;38440;Saint-Pierre-de-Bressieux;;;5.306489;45.313327
38440_0068_00155;155;;Rue du Dijon;38870;38440;Saint-Pierre-de-Bressieux;;;5.285325;45.315214
38440_0261_00100;100;;Impasse des Muriers;38870;38440;Saint-Pierre-de-Bressieux;;;5.288021;45.317101
38440_0318_00050;50;;Chemin de Puy Muret;38870;38440;Saint-Pierre-de-Bressieux;;;5.310542;45.31191
38440_0054_00675;675;;Route de la Combe du Bos;38870;38440;Saint-Pierre-de-Bressieux;;;5.290387;45.312082
38440_0052_00210;210;;Allee du Colombier;38870;38440;Saint-Pierre-de-Bressieux;;;5.284757;45.318539
38440_0122_01205;1205;;Route de Garembourg;38870;38440;Saint-Pierre-de-Bressieux;;;5.270031;45.311919
38440_0060_00650;650;;Route du Cuzin;38870;38440;Saint-Pierre-de-Bressieux;;;5.300446;45.319398
38440_0430_00225;225;;Chemin des Vignes;38870;38440;Saint-Pierre-de-Bressieux;;;5.302739;45.318036
38440_0052_00230;230;;Allee du Colombier;38870;38440;Saint-Pierre-de-Bressieux;;;5.284862;45.318718
38440_0432_00085;85;;Route du Village;38870;38440;Saint-Pierre-de-Bressieux;;;5.288782;45.315913
38440_0430_00115;115;;Chemin des Vignes;38870;38440;Saint-Pierre-de-Bressieux;;;5.301749;45.318203
38440_0259_00030;30;;Allee des Muriers;38870;38440;Saint-Pierre-de-Bressieux;;;5.286396;45.316461
38440_0261_00050;50;;Impasse des Muriers;38870;38440;Saint-Pierre-de-Bressieux;;;5.287655;45.317181
38440_0432_00820;820;;Route du Village;38870;38440;Saint-Pierre-de-Bressieux;;;5.297674;45.315024
38440_0068_00245;245;;Rue du Dijon;38870;38440;Saint-Pierre-de-Bressieux;;;5.284331;45.315205
38440_0192_00085;85;;Chemin des Jonquilles;38870;38440;Saint-Pierre-de-Bressieux;;;5.301689;45.315031
38440_0138_00175;175;;Allée du Grand Champ;38870;38440;Saint-Pierre-de-Bressieux;;;5.286277;45.318091
38440_0374_00870;870;;Chemin des Sources;38870;38440;Saint-Pierre-de-Bressieux;;;5.311308;45.310954
38440_0310_00460;460;;Route du Piraud;38870;38440;Saint-Pierre-de-Bressieux;;;5.296857;45.312043
38440_0312_00795;795;;Route des Platieres;38870;38440;Saint-Pierre-de-Bressieux;;;5.296119;45.318916
38440_0134_00030;30;;Chemin des Gonnettes;38870;38440;Saint-Pierre-de-Bressieux;;;5.295473;45.319332
38440_0374_00235;235;;Chemin des Sources;38870;38440;Saint-Pierre-de-Bressieux;;;5.305129;45.311942
38440_0060_00105;105;;Route du Cuzin;38870;38440;Saint-Pierre-de-Bressieux;;;5.300235;45.31535
38440_20t8ei_00860;860;;Montée des platres;38870;38440;Saint-Pierre-de-Bressieux;;;5.330177;45.294315
38440_0432_00325;325;;Route du Village;38870;38440;Saint-Pierre-de-Bressieux;;;5.291574;45.315931
38440_0432_00100_bis;100;bis;Route du Village;38870;38440;Saint-Pierre-de-Bressieux;;;5.288722;45.315509
38440_0068_00472;472;;Rue du Dijon;38870;38440;Saint-Pierre-de-Bressieux;;;5.281574;45.31561
38440_0310_00220;220;;Route du Piraud;38870;38440;Saint-Pierre-de-Bressieux;;;5.293598;45.312143
38440_0312_00790;790;;Route des Platieres;38870;38440;Saint-Pierre-de-Bressieux;;;5.296055;45.318797
38440_0192_00010;10;;Chemin des Jonquilles;38870;38440;Saint-Pierre-de-Bressieux;;;5.301585;45.314435
38440_0356_00520;520;;Route de Rossieres;38870;38440;Saint-Pierre-de-Bressieux;;;5.2981;45.311331
38440_0310_00425;425;;Route du Piraud;38870;38440;Saint-Pierre-de-Bressieux;;;5.296169;45.312245
38440_0068_00080;80;;Rue du Dijon;38870;38440;Saint-Pierre-de-Bressieux;;;5.286313;45.31535
38440_0432_00835;835;;Route du Village;38870;38440;Saint-Pierre-de-Bressieux;;;5.298079;45.315038
38440_0374_00425;425;;Chemin des Sources;38870;38440;Saint-Pierre-de-Bressieux;;;5.306217;45.310657
38440_0060_00335;335;;Route du Cuzin;38870;38440;Saint-Pierre-de-Bressieux;;;5.30054;45.31739
38440_0310_00600;600;;Route du Piraud;38870;38440;Saint-Pierre-de-Bressieux;;;5.298593;45.311983
38440_0138_00145;145;;Allée du Grand Champ;38870;38440;Saint-Pierre-de-Bressieux;;;5.286168;45.318111
38440_0432_00915;915;;Route du Village;38870;38440;Saint-Pierre-de-Bressieux;;;5.299182;45.314833
38440_0012_00100;100;;Rue des Anges;38870;38440;Saint-Pierre-de-Bressieux;;;5.283325;45.316159
38440_0242_00540;540;;Route de Malivier;38870;38440;Saint-Pierre-de-Bressieux;;;5.308291;45.312007
38440_0374_00105;105;;Chemin des Sources;38870;38440;Saint-Pierre-de-Bressieux;;;5.304555;45.313026
38440_0068_00475;475;;Rue du Dijon;38870;38440;Saint-Pierre-de-Bressieux;;;5.281474;45.315531
38440_0244_00445;445;;Route des Martelieres;38870;38440;Saint-Pierre-de-Bressieux;;;5.307488;45.317151
38440_0312_00975;975;;Route des Platieres;38870;38440;Saint-Pierre-de-Bressieux;;;5.297978;45.318483
38440_0054_00825;825;;Route de la Combe du Bos;38870;38440;Saint-Pierre-de-Bressieux;;;5.292199;45.311266
38440_0432_00860;860;;Route du Village;38870;38440;Saint-Pierre-de-Bressieux;;;5.298332;45.31491
38440_0012_00170;170;;Rue des Anges;38870;38440;Saint-Pierre-de-Bressieux;;;5.283545;45.316678
38440_0068_00015;15;;Rue du Dijon;38870;38440;Saint-Pierre-de-Bressieux;;;5.287096;45.315519
38440_0312_00995;995;;Route des Platieres;38870;38440;Saint-Pierre-de-Bressieux;;;5.298468;45.318501
38440_0012_00025;25;;Rue des Anges;38870;38440;Saint-Pierre-de-Bressieux;;;5.28286;45.315516
38440_0432_01055;1055;;Route du Village;38870;38440;Saint-Pierre-de-Bressieux;;;5.300842;45.31448
38440_0055_00258;258;;Chemin de la Combe de l'Eau;38870;38440;Saint-Pierre-de-Bressieux;;;5.315593;45.310465
38440_5000_00120;120;;Route des Ancolies;38870;38440;Saint-Pierre-de-Bressieux;;;5.281318;45.316633
38440_0010_00035;35;;Passage des Alisiers;38870;38440;Saint-Pierre-de-Bressieux;;;5.310238;45.31134
38440_0060_00160;160;;Route du Cuzin;38870;38440;Saint-Pierre-de-Bressieux;;;5.300473;45.315909
38440_0355_00010;10;;Chemin de Rossieres;38870;38440;Saint-Pierre-de-Bressieux;;;5.286992;45.312759
38440_0310_00360;360;;Route du Piraud;38870;38440;Saint-Pierre-de-Bressieux;;;5.295272;45.312302
38440_0055_00275;275;;Chemin de la Combe de l'Eau;38870;38440;Saint-Pierre-de-Bressieux;;;5.316465;45.310701
38440_0060_00245;245;;Route du Cuzin;38870;38440;Saint-Pierre-de-Bressieux;;;5.300574;45.316642
38440_0314_00100;100;;Route Pre du Piraud;38870;38440;Saint-Pierre-de-Bressieux;;;5.293548;45.315049
38440_0426_01405;1405;;Route du Vert;38870;38440;Saint-Pierre-de-Bressieux;;;5.303551;45.326355
38440_0310_00375;375;;Route du Piraud;38870;38440;Saint-Pierre-de-Bressieux;;;5.295545;45.312333
38440_0142_02255;2255;;Allee du Hameau de Grignon;38870;38440;Saint-Pierre-de-Bressieux;;;5.272819;45.277928
38440_0308_00275;275;;Chemin du Pin;38870;38440;Saint-Pierre-de-Bressieux;;;5.285923;45.305342
38440_0350_00075;75;;Montee de la Rivoire;38870;38440;Saint-Pierre-de-Bressieux;;;5.288336;45.318407
38440_0068_00450;450;;Rue du Dijon;38870;38440;Saint-Pierre-de-Bressieux;;;5.281988;45.315461
38440_0312_00740;740;;Route des Platieres;38870;38440;Saint-Pierre-de-Bressieux;;;5.2952;45.318853
38440_0432_00110;110;;Route du Village;38870;38440;Saint-Pierre-de-Bressieux;;;5.288956;45.315699
38440_0374_00600;600;;Chemin des Sources;38870;38440;Saint-Pierre-de-Bressieux;;;5.308383;45.309968
38440_0432_00100;100;;Route du Village;38870;38440;Saint-Pierre-de-Bressieux;;;5.288791;45.315803
38440_0432_00040;40;;Route du Village;38870;38440;Saint-Pierre-de-Bressieux;;;5.288128;45.315955
38440_0060_00130;130;;Route du Cuzin;38870;38440;Saint-Pierre-de-Bressieux;;;5.300383;45.315546
38440_0068_00185;185;;Rue du Dijon;38870;38440;Saint-Pierre-de-Bressieux;;;5.284899;45.315212
38440_0432_00770;770;;Route du Village;38870;38440;Saint-Pierre-de-Bressieux;;;5.297333;45.315089
38440_0068_00095;95;;Rue du Dijon;38870;38440;Saint-Pierre-de-Bressieux;;;5.286079;45.315251
38440_0344_00075;75;;Impasse du Reservoir;38870;38440;Saint-Pierre-de-Bressieux;;;5.29067;45.306658
38440_0318_00030;30;;Chemin de Puy Muret;38870;38440;Saint-Pierre-de-Bressieux;;;5.310754;45.31173
38440_0142_02105;2105;;Allee du Hameau de Grignon;38870;38440;Saint-Pierre-de-Bressieux;;;5.274115;45.279466
38440_0356_01200;1200;;Route de Rossieres;38870;38440;Saint-Pierre-de-Bressieux;;;5.290975;45.307568
38440_0054_00055;55;;Route de la Combe du Bos;38870;38440;Saint-Pierre-de-Bressieux;;;5.288404;45.315596
38440_0044_00100;100;;Montee des Cavaliers;38870;38440;Saint-Pierre-de-Bressieux;;;5.306224;45.312118
38440_0012_00065;65;;Rue des Anges;38870;38440;Saint-Pierre-de-Bressieux;;;5.283106;45.315793
38440_0242_00500;500;;Route de Malivier;38870;38440;Saint-Pierre-de-Bressieux;;;5.307861;45.312183
38440_0432_00030;30;;Route du Village;38870;38440;Saint-Pierre-de-Bressieux;;;5.287913;45.315948
38440_0312_00265;265;;Route des Platieres;38870;38440;Saint-Pierre-de-Bressieux;;;5.289454;45.317752
38440_0374_00155;155;;Chemin des Sources;38870;38440;Saint-Pierre-de-Bressieux;;;5.304816;45.312742
38440_0042_01425;1425;;Route de la Casaniere;38870;38440;Saint-Pierre-de-Bressieux;;;5.316289;45.321669
38440_0055_00040;40;;Chemin de la Combe de l'Eau;38870;38440;Saint-Pierre-de-Bressieux;;;5.313088;45.310829
38440_0068_00300;300;;Rue du Dijon;38870;38440;Saint-Pierre-de-Bressieux;;;5.28351;45.315298
38440_0060_00290;290;;Route du Cuzin;38870;38440;Saint-Pierre-de-Bressieux;;;5.300739;45.317016
38440_0022_00500;500;;Chemin de la Batie;38870;38440;Saint-Pierre-de-Bressieux;;;5.292854;45.283312
38440_0242_00430;430;;Route de Malivier;38870;38440;Saint-Pierre-de-Bressieux;;;5.307151;45.312578
38440_0312_00290;290;;Route des Platieres;38870;38440;Saint-Pierre-de-Bressieux;;;5.289928;45.317722
38440_0312_00005;5;;Route des Platieres;38870;38440;Saint-Pierre-de-Bressieux;;;5.287193;45.316243
38440_0012_00130;130;;Rue des Anges;38870;38440;Saint-Pierre-de-Bressieux;;;5.283422;45.316297
38440_0054_00330;330;;Route de la Combe du Bos;38870;38440;Saint-Pierre-de-Bressieux;;;5.287301;45.313491
38440_0244_00175;175;;Route des Martelieres;38870;38440;Saint-Pierre-de-Bressieux;;;5.306667;45.314589
38440_0242_00925;925;;Route de Malivier;38870;38440;Saint-Pierre-de-Bressieux;;;5.312967;45.311028
38440_0356_01315;1315;;Route de Rossieres;38870;38440;Saint-Pierre-de-Bressieux;;;5.290851;45.307309
38440_0135_00005;5;;Impasse des Gonnettes;38870;38440;Saint-Pierre-de-Bressieux;;;5.295183;45.319327
38440_0060_00135;135;;Route du Cuzin;38870;38440;Saint-Pierre-de-Bressieux;;;5.300348;45.315698
38440_0068_00065;65;;Rue du Dijon;38870;38440;Saint-Pierre-de-Bressieux;;;5.286496;45.315274
38440_0255_00095;95;;Montee de Moulin Ruel;38870;38440;Saint-Pierre-de-Bressieux;;;5.273868;45.304827
38440_0356_01285;1285;;Route de Rossieres;38870;38440;Saint-Pierre-de-Bressieux;;;5.29104;45.307463
38440_0259_00090;90;;Allee des Muriers;38870;38440;Saint-Pierre-de-Bressieux;;;5.286691;45.31716
38440_0432_00130;130;;Route du Village;38870;38440;Saint-Pierre-de-Bressieux;;;5.289077;45.315554
38440_0068_00115;115;;Rue du Dijon;38870;38440;Saint-Pierre-de-Bressieux;;;5.285848;45.315238
38440_0060_00560;560;;Route du Cuzin;38870;38440;Saint-Pierre-de-Bressieux;;;5.299725;45.318807
38440_0310_00675;675;;Route du Piraud;38870;38440;Saint-Pierre-de-Bressieux;;;5.299399;45.31208
38440_0244_00245;245;;Route des Martelieres;38870;38440;Saint-Pierre-de-Bressieux;;;5.306495;45.315286
38440_0042_00400;400;;Route de la Casaniere;38870;38440;Saint-Pierre-de-Bressieux;;;5.306089;45.316493
38440_0426_01110;1110;;Route du Vert;38870;38440;Saint-Pierre-de-Bressieux;;;5.305261;45.324068
38440_0346_03500;3500;;Route de Revel;38870;38440;Saint-Pierre-de-Bressieux;;;5.312739;45.2905
38440_0044_00035;35;;Montee des Cavaliers;38870;38440;Saint-Pierre-de-Bressieux;;;5.306321;45.312667
38440_0012_00120;120;;Rue des Anges;38870;38440;Saint-Pierre-de-Bressieux;;;5.283609;45.316258
38440_0374_00730;730;;Chemin des Sources;38870;38440;Saint-Pierre-de-Bressieux;;;5.309794;45.310706
38440_0060_00675;675;;Route du Cuzin;38870;38440;Saint-Pierre-de-Bressieux;;;5.30061;45.319641
38440_0356_00915;915;;Route de Rossieres;38870;38440;Saint-Pierre-de-Bressieux;;;5.291864;45.307918
38440_0142_02465;2465;;Allee du Hameau de Grignon;38870;38440;Saint-Pierre-de-Bressieux;;;5.270705;45.277711
38440_0044_00010;10;;Montee des Cavaliers;38870;38440;Saint-Pierre-de-Bressieux;;;5.306338;45.312913
38440_0052_00035;35;;Allee du Colombier;38870;38440;Saint-Pierre-de-Bressieux;;;5.283596;45.317207
38440_0060_00525;525;;Route du Cuzin;38870;38440;Saint-Pierre-de-Bressieux;;;5.299462;45.318564
38440_0346_03200_bis;3200;bis;Route de Revel;38870;38440;Saint-Pierre-de-Bressieux;;;5.312401;45.290173
38440_0312_00930;930;;Route des Platieres;38870;38440;Saint-Pierre-de-Bressieux;;;5.297539;45.318436
38440_0135_00085;85;;Impasse des Gonnettes;38870;38440;Saint-Pierre-de-Bressieux;;;5.2942;45.319495
38440_0060_00370;370;;Route du Cuzin;38870;38440;Saint-Pierre-de-Bressieux;;;5.300672;45.317851
38440_0038_00285;285;;Route de Bressieux;38870;38440;Saint-Pierre-de-Bressieux;;;5.284055;45.316687
