id;numero;rep;nom_voie;code_postal;code_insee;nom_commune;nom_ancienne_commune;nom_ld;lon;lat
05029_0145_00590;590;;Route du Villard;05260;05029;Chabottes;;Grande Piece;6.155928;44.638752
05029_0105_00380;380;;Chemin des Sagnes;05260;05029;Chabottes;;Les Sagnes;6.177772;44.655704
05029_0061_00071;71;;Chemin des Eyrauds;05260;05029;Chabottes;;Les Eyrauds;6.15888;44.639575
05029_0040_00380;380;;Route de Chabottes;05260;05029;Chabottes;;Les Oliviers;6.174077;44.648374
05029_0092_00145;145;;Chemin des Ramas;05260;05029;Chabottes;;Cousty;6.176969;44.643895
05029_0040_00245;245;;Route de Chabottes;05260;05029;Chabottes;;Les Choulieres;6.17384;44.64769
05029_0130_00235;235;;Chemin du Thomas;05260;05029;Chabottes;;Le Tomas;6.176056;44.643137
05029_0060_00621;621;;Route des Ecrins;05260;05029;Chabottes;;Maisons Vieilles;6.176576;44.645287
05029_0130_00002;2;;Chemin du Thomas;05260;05029;Chabottes;;Cousty;6.17355;44.644363
05029_orb7ud_00030;30;;Impasse de l’Église;05260;05029;Chabottes;;Village Le;6.176508;44.65526
05029_0100_00605;605;;Chemin des Roberts;05260;05029;Chabottes;;Choulieres Les;6.158228;44.653195
05029_0135_00050;50;;Chemin Vieux;05260;05029;Chabottes;;Village Le;6.177007;44.654238
05029_0088_00190;190;;Chemin du Parquet;05260;05029;Chabottes;;Les Choulieres;6.170113;44.646952
05029_ewh7b3_00110;110;;Chemin des Oliviers;05260;05029;Chabottes;;Les Oliviers;6.178049;44.646942
05029_0071_01025;1025;;Route des Gouges;05260;05029;Chabottes;;Les Choulieres;6.17138;44.646803
05029_teewrt_00005;5;;Lotissement Champ Quartier;05260;05029;Chabottes;;Champ Quartier;6.152185;44.638323
05029_0150_00130;130;;Chemin des Villettes;05260;05029;Chabottes;;Champ Du Serre;6.171677;44.655634
05029_0145_00720;720;;Route du Villard;05260;05029;Chabottes;;Le Villard;6.15771;44.63969
05029_0075_00200;200;;Chemin des Jacons;05260;05029;Chabottes;;Les Vernets;6.149372;44.643909
05029_0140_00030_bis;30;BIS;Chemin du Village;05260;05029;Chabottes;;Le Village;6.177275;44.655184
05029_a020_00001;1;;Lotissement Pra Nesteve;05260;05029;Chabottes;;Ribieres Les;6.175892;44.653423
05029_teewrt_00001;1;;Lotissement Champ Quartier;05260;05029;Chabottes;;Champ Quartier;6.152552;44.639122
05029_0085_02085;2085;;Route d’Orcières;05260;05029;Chabottes;;Les Beyguieres;6.167712;44.643476
05029_teewrt_00002;2;;Lotissement Champ Quartier;05260;05029;Chabottes;;Champ Quartier;6.152772;44.638869
05029_0071_01150;1150;;Route des Gouges;05260;05029;Chabottes;;Les Choulieres;6.171362;44.646581
05029_0085_01450;1450;;Route d’Orcières;05260;05029;Chabottes;;Le Clos;6.160597;44.641906
05029_0145_00550;550;;Route du Villard;05260;05029;Chabottes;;Grande Piece;6.155935;44.639298
05029_0052_00110;110;;Chemin des Choulieres;05260;05029;Chabottes;;Les Choulieres;6.172333;44.647621
05029_0145_00425;425;;Route du Villard;05260;05029;Chabottes;;Le Clos;6.154285;44.639871
05029_0085_02585;2585;;Route d’Orcières;05260;05029;Chabottes;;Cousty;6.175728;44.644576
05029_0145_00730;730;;Route du Villard;05260;05029;Chabottes;;Le Villard;6.157464;44.639509
05029_0085_01300;1300;;Route d’Orcières;05260;05029;Chabottes;;Le Clos;6.15782;44.641997
05029_0080_00055;55;;Chemin des Maisons Vieilles;05260;05029;Chabottes;;Cousty;6.174269;44.645415
05029_a020_00003;3;;Lotissement Pra Nesteve;05260;05029;Chabottes;;Ribieres Les;6.174916;44.654417
05029_0035_00650;650;;Chemin des Catons;05260;05029;Chabottes;;Les Vernets;6.152351;44.643813
05029_a030_00019;19;;Lotissement des Prés Vieux;05260;05029;Chabottes;;Pre Vieux;6.179614;44.654571
05029_0035_00560;560;;Chemin des Catons;05260;05029;Chabottes;;Les Vernets;6.153519;44.643886
05029_a030_00023;23;;Lotissement des Prés Vieux;05260;05029;Chabottes;;Pre Vieux;6.180075;44.654339
05029_0060_00375;375;;Route des Ecrins;05260;05029;Chabottes;;Cousty;6.173611;44.645171
05029_0085_01020;1020;;Route d’Orcières;05260;05029;Chabottes;;Le Clos;6.154892;44.641717
05029_0025_00085;85;;Chemin Baumel;05260;05029;Chabottes;;Les Choulieres;6.172772;44.647712
05029_0060_00345;345;;Route des Ecrins;05260;05029;Chabottes;;La Plaine;6.173109;44.645083
05029_a030_00013;13;;Lotissement des Prés Vieux;05260;05029;Chabottes;;Pre Vieux;6.179063;44.654599
05029_0098_00165;165;;Chemin des Ribières;05260;05029;Chabottes;;Ribieres Les;6.17508;44.653394
05029_0060_00245;245;;Route des Ecrins;05260;05029;Chabottes;;Les Beyguieres;6.171864;44.644678
05029_0061_00110;110;;Chemin des Eyrauds;05260;05029;Chabottes;;Les Eyrauds;6.159236;44.639411
05029_0061_00305;305;;Chemin des Eyrauds;05260;05029;Chabottes;;Les Eyrauds;6.161428;44.639643
05029_0090_00105;105;;Chemin du Percy;05260;05029;Chabottes;;Le Tenement;6.181396;44.645583
05029_ewh7b3_00046;46;;Chemin des Oliviers;05260;05029;Chabottes;;Les Oliviers;6.178397;44.646072
05029_0050_00355;355;;Route de Chaillol;05260;05029;Chabottes;;Ribieres Les;6.176744;44.652922
05029_0060_00535;535;;Route des Ecrins;05260;05029;Chabottes;;Vieilles Maisons;6.175667;44.645046
05029_0145_00603;603;;Route du Villard;05260;05029;Chabottes;;Le Villard;6.156315;44.63968
05029_a010_00003;3;;Lotissement Bellevue;05260;05029;Chabottes;;Louvert Et Le Fangeas;6.173178;44.658298
05029_0080_00205;205;;Chemin des Maisons Vieilles;05260;05029;Chabottes;;Les Oliviers;6.175387;44.646287
05029_0080_00310;310;;Chemin des Maisons Vieilles;05260;05029;Chabottes;;Les Oliviers;6.176687;44.646706
05029_0071_00805;805;;Route des Gouges;05260;05029;Chabottes;;Les Imberts;6.169407;44.646257
05029_0105_00295;295;;Chemin des Sagnes;05260;05029;Chabottes;;Les Sagnes;6.177046;44.655753
05029_0130_00210;210;;Chemin du Thomas;05260;05029;Chabottes;;Les Meyrances;6.175524;44.64315
05029_0071_00825;825;;Route des Gouges;05260;05029;Chabottes;;Les Imberts;6.169758;44.646246
05029_0015_00530;530;;Chemin des Auberts;05260;05029;Chabottes;;Les Vernets;6.150495;44.644954
05029_gqigw9_00001;1;;Place de l’Église;05260;05029;Chabottes;;Les Sagnes;6.177076;44.65542
05029_ulmq0n_00020;20;;Route de Saint-Bonnet;05260;05029;Chabottes;;Ribieres Les;6.172925;44.651547
05029_16m0lg_00004;4;;Lotissement Hugues;05260;05029;Chabottes;;Cousty;6.172881;44.643781
05029_0085_02120;2120;;Route d’Orcières;05260;05029;Chabottes;;Le Tomas;6.169932;44.642657
05029_0075_00093;93;;Chemin des Jacons;05260;05029;Chabottes;;L'Aguillon;6.14991;44.643094
05029_0088_00110;110;;Chemin du Parquet;05260;05029;Chabottes;;Les Choulieres;6.170499;44.646965
05029_s7rcht_00006;6;;Lotissement Le Moulin;05260;05029;Chabottes;;Les Ribières;6.174935;44.652971
05029_0092_00240;240;;Chemin des Ramas;05260;05029;Chabottes;;Cousty;6.17562;44.643864
05029_0060_00515;515;;Route des Ecrins;05260;05029;Chabottes;;Vieilles Maisons;6.17545;44.645027
05029_0085_00800;800;;Route d’Orcières;05260;05029;Chabottes;;Le Clos;6.151822;44.641563
05029_0050_00105;105;;Route de Chaillol;05260;05029;Chabottes;;Ribieres Les;6.174237;44.651742
05029_a030_00003;3;;Lotissement des Prés Vieux;05260;05029;Chabottes;;Pre Vieux;6.178691;44.653893
05029_0071_00935;935;;Route des Gouges;05260;05029;Chabottes;;Les Choulieres;6.170459;44.646597
05029_0035_00016;16;;Chemin des Catons;05260;05029;Chabottes;;Esteves;6.159259;44.642395
05029_0092_00205;205;;Chemin des Ramas;05260;05029;Chabottes;;Cousty;6.176237;44.643741
05029_0130_00014;14;;Chemin du Thomas;05260;05029;Chabottes;;Le Tomas;6.173345;44.643439
05029_0061_00536;536;;Chemin des Eyrauds;05260;05029;Chabottes;;Les Eyrauds;6.162782;44.639148
05029_0105_00366;366;;Chemin des Sagnes;05260;05029;Chabottes;;Les Sagnes;6.177375;44.655662
05029_0035_00535;535;;Chemin des Catons;05260;05029;Chabottes;;Les Loubieres;6.153639;44.643562
05029_0060_00430;430;;Route des Ecrins;05260;05029;Chabottes;;Cousty;6.174515;44.644693
05029_0085_01000;1000;;Route d’Orcières;05260;05029;Chabottes;;Le Clos;6.154215;44.641695
05029_0092_00045;45;;Chemin des Ramas;05260;05029;Chabottes;;Cousty;6.177298;44.644044
05029_0105_00060;60;;Chemin des Sagnes;05260;05029;Chabottes;;Les Sagnes;6.178734;44.656488
05029_0061_00505_bis;505;bis;Chemin des Eyrauds;05260;05029;Chabottes;;Les Eyrauds;6.162427;44.639649
05029_a020_00018;18;;Lotissement Pra Nesteve;05260;05029;Chabottes;;Ribieres Les;6.175738;44.654099
05029_0060_00181;181;;Route des Ecrins;05260;05029;Chabottes;;La Plaine;6.171283;44.644373
05029_34tf9h_00145_bis;145;bis;Les Fangeas;05260;05029;Chabottes;;Le Fangeas;6.167636;44.659428
05029_0015_00281;281;;Chemin des Auberts;05260;05029;Chabottes;;Les Auberts;6.15084;44.644104
05029_0085_02095;2095;;Route d’Orcières;05260;05029;Chabottes;;Les Beyguieres;6.167461;44.643432
05029_0056_00008;8;;Chemin du Drac;05260;05029;Chabottes;;Les Vernets;6.147633;44.645134
05029_a030_00007;7;;Lotissement des Prés Vieux;05260;05029;Chabottes;;Pre Vieux;6.178806;44.654203
05029_0085_00955;955;;Route d’Orcières;05260;05029;Chabottes;;Les Loubieres;6.153913;44.642142
05029_a020_00006;6;;Lotissement Pra Nesteve;05260;05029;Chabottes;;Ribieres Les;6.175604;44.653887
05029_0035_00063;63;;Chemin des Catons;05260;05029;Chabottes;;Esteves;6.15901;44.642768
05029_0145_00480;480;;Route du Villard;05260;05029;Chabottes;;Grande Piece;6.154976;44.639204
05029_0092_00060;60;;Chemin des Ramas;05260;05029;Chabottes;;Cousty;6.176821;44.644252
05029_0145_00387;387;;Route du Villard;05260;05029;Chabottes;;Le Clos;6.153368;44.639668
05029_0060_00340;340;;Route des Ecrins;05260;05029;Chabottes;;Cousty;6.173281;44.644642
05029_0085_01405;1405;;Route d’Orcières;05260;05029;Chabottes;;Esteves;6.159596;44.642165
05029_0120_00030;30;;Chemin de Tante Anna;05260;05029;Chabottes;;Le Tomas;6.182167;44.643922
05029_0045_00700;700;;Route de Chabottones;05260;05029;Chabottes;;Les Croses;6.182542;44.657068
05029_a010_00001;1;;Lotissement Bellevue;05260;05029;Chabottes;;Louvert Et Le Fangeas;6.171941;44.658653
05029_0140_00080;80;;Chemin du Village;05260;05029;Chabottes;;Le Village;6.176576;44.655045
05029_0080_00070;70;;Chemin des Maisons Vieilles;05260;05029;Chabottes;;Cousty;6.174496;44.645356
05029_0088_00030;30;;Chemin du Parquet;05260;05029;Chabottes;;Les Choulieres;6.170055;44.646331
05029_0080_00065;65;;Chemin des Maisons Vieilles;05260;05029;Chabottes;;Cousty;6.174027;44.645557
05029_0130_00001;1;;Chemin du Thomas;05260;05029;Chabottes;;Cousty;6.173896;44.644679
05029_0071_00795;795;;Route des Gouges;05260;05029;Chabottes;;Les Imberts;6.16905;44.64616
05029_0045_00640;640;;Route de Chabottones;05260;05029;Chabottes;;Les Croses;6.181956;44.656847
05029_0060_00365;365;;Route des Ecrins;05260;05029;Chabottes;;La Plaine;6.173531;44.644908
05029_0145_00685;685;;Route du Villard;05260;05029;Chabottes;;Le Villard;6.157042;44.639982
05029_0060_00250;250;;Route des Ecrins;05260;05029;Chabottes;;Le Tenement;6.178551;44.645666
05029_a020_00002;2;;Lotissement Pra Nesteve;05260;05029;Chabottes;;Ribieres Les;6.175848;44.653795
05029_0050_02000;2000;;Route de Chaillol;05260;05029;Chabottes;;Le Fangeas;6.167775;44.660287
05029_xo0h9t_00007;7;;Domaine des Olliviers;05260;05029;Chabottes;;Les Oliviers;6.176259;44.645501
05029_0060_00130;130;;Route des Ecrins;05260;05029;Chabottes;;Cousty;6.170894;44.643825
05029_a030_00004;4;;Lotissement des Prés Vieux;05260;05029;Chabottes;;Pre Vieux;6.178534;44.65361
05029_gqigw9_00003;3;;Place de l’Église;05260;05029;Chabottes;;Village Le;6.177062;44.655199
05029_0145_00454;454;;Route du Villard;05260;05029;Chabottes;;Grande Piece;6.154521;44.639177
05029_0045_00125;125;;Route de Chabottones;05260;05029;Chabottes;;Village Le;6.176769;44.654564
05029_0120_00194;194;;Chemin de Tante Anna;05260;05029;Chabottes;;Le Tomas;6.182167;44.643922
05029_0061_00335_bis;335;bis;Chemin des Eyrauds;05260;05029;Chabottes;;Les Eyrauds;6.163025;44.639075
05029_0035_00695;695;;Chemin des Catons;05260;05029;Chabottes;;Les Vernets;6.151587;44.643982
05029_0145_00161;161;;Route du Villard;05260;05029;Chabottes;;Le Clos;6.151811;44.640267
05029_0085_00700;700;;Route d’Orcières;05260;05029;Chabottes;;Champ Quartier;6.150277;44.64117
05029_0085_02270;2270;;Route d’Orcières;05260;05029;Chabottes;;Le Tomas;6.170812;44.642897
05029_0045_00025;25;;Route de Chabottones;05260;05029;Chabottes;;Village Le;6.175935;44.654784
05029_0015_00316;316;;Chemin des Auberts;05260;05029;Chabottes;;Les Auberts;6.151397;44.64378
05029_0145_00021;21;;Route du Villard;05260;05029;Chabottes;;Le Clos;6.151624;44.641416
05029_xo0h9t_00004;4;;Domaine des Olliviers;05260;05029;Chabottes;;Les Oliviers;6.175752;44.645672
05029_0078_01165;1165;;Chemin des Michauds;05260;05029;Chabottes;;Boutiquaire Le;6.155864;44.659429
05029_0035_00595;595;;Chemin des Catons;05260;05029;Chabottes;;Les Loubieres;6.152872;44.643377
05029_0140_00145;145;;Chemin du Village;05260;05029;Chabottes;;Le Village;6.175872;44.65539
05029_0035_00265;265;;Chemin des Catons;05260;05029;Chabottes;;Esteves;6.157118;44.643055
05029_0145_00540;540;;Route du Villard;05260;05029;Chabottes;;Grande Piece;6.155672;44.639271
05029_xo0h9t_00005;5;;Domaine des Olliviers;05260;05029;Chabottes;;Les Oliviers;6.175924;44.645789
05029_0045_00430;430;;Route de Chabottones;05260;05029;Chabottes;;Buissons Les;6.180281;44.656147
05029_34tf9h_00120;120;;Les Fangeas;05260;05029;Chabottes;;Le Fangeas;6.167694;44.65963
05029_0060_00455;455;;Route des Ecrins;05260;05029;Chabottes;;Cousty;6.174439;44.645075
05029_0010_00009;9;;Chemin de l’Aiguillon;05260;05029;Chabottes;;Les Pellas;6.144081;44.639692
05029_a020_00009;9;;Lotissement Pra Nesteve;05260;05029;Chabottes;;Ribieres Les;6.175469;44.654447
05029_0061_00270;270;;Chemin des Eyrauds;05260;05029;Chabottes;;Les Eyrauds;6.161302;44.639255
05029_0145_00743;743;;Route du Villard;05260;05029;Chabottes;;Le Villard;6.157705;44.639994
05029_0135_00165;165;;Chemin Vieux;05260;05029;Chabottes;;Village Le;6.175977;44.655028
05029_0061_00215;215;;Chemin des Eyrauds;05260;05029;Chabottes;;Les Eyrauds;6.160879;44.639659
05029_ulmq0n_00035;35;;Route de Saint-Bonnet;05260;05029;Chabottes;;Ribieres Les;6.172717;44.651012
05029_xo0h9t_00006;6;;Domaine des Olliviers;05260;05029;Chabottes;;Les Oliviers;6.176201;44.645713
05029_5mpfr0_00002;2;;Domaine des Rosiers;05260;05029;Chabottes;;Le Tomas;6.172841;44.643418
05029_0080_00045;45;;Chemin des Maisons Vieilles;05260;05029;Chabottes;;Cousty;6.173718;44.645407
05029_0060_00205;205;;Route des Ecrins;05260;05029;Chabottes;;La Plaine;6.171725;44.644381
05029_0061_00345;345;;Chemin des Eyrauds;05260;05029;Chabottes;;Les Eyrauds;6.162143;44.639672
05029_0040_00035;35;;Route de Chabottes;05260;05029;Chabottes;;Les Ebrards;6.175012;44.645436
05029_0050_00950;950;;Route de Chaillol;05260;05029;Chabottes;;Les Sagnes;6.175807;44.656141
05029_0140_00135;135;;Chemin du Village;05260;05029;Chabottes;;Le Village;6.175926;44.655207
05029_0085_02065;2065;;Route d’Orcières;05260;05029;Chabottes;;Les Beyguieres;6.168316;44.643398
05029_0015_00335;335;;Chemin des Auberts;05260;05029;Chabottes;;Les Auberts;6.151424;44.644026
05029_16m0lg_00005;5;;Lotissement Hugues;05260;05029;Chabottes;;Cousty;6.173211;44.644164
05029_0061_00400;400;;Chemin des Eyrauds;05260;05029;Chabottes;;Les Eyrauds;6.162231;44.638775
05029_0120_00380;380;;Chemin de Tante Anna;05260;05029;Chabottes;;Le Tomas;6.181119;44.643433
05029_0010_00530;530;;Chemin de l’Aiguillon;05260;05029;Chabottes;;L'Aguillon;6.146292;44.643948
05029_0045_00245;245;;Route de Chabottones;05260;05029;Chabottes;;Village Le;6.177676;44.655406
05029_0060_00004;4;;Route des Ecrins;05260;05029;Chabottes;;Cousty;6.176136;44.644825
05029_0071_00785;785;;Route des Gouges;05260;05029;Chabottes;;Les Imberts;6.168688;44.646152
05029_0040_00150;150;;Route de Chabottes;05260;05029;Chabottes;;Les Oliviers;6.174921;44.646443
05029_0085_02110;2110;;Route d’Orcières;05260;05029;Chabottes;;Le Tomas;6.169537;44.642598
05029_teewrt_00387;387;;Lotissement Champ Quartier;05260;05029;Chabottes;;Champ Quartier;6.152315;44.63874
05029_0100_00485;485;;Chemin des Roberts;05260;05029;Chabottes;;Choulieres Les;6.159229;44.653643
05029_0080_00025;25;;Chemin des Maisons Vieilles;05260;05029;Chabottes;;Cousty;6.173689;44.64516
05029_0075_00286;286;;Chemin des Jacons;05260;05029;Chabottes;;Les Vernets;6.148594;44.644646
05029_0061_00320_bis;320;bis;Chemin des Eyrauds;05260;05029;Chabottes;;Les Eyrauds;6.161869;44.639352
05029_sdtv6c_00490;490;;Chemin de la Coulée;05260;05029;Chabottes;;La Chaup;6.19051;44.648278
05029_0071_00045;45;;Route des Gouges;05260;05029;Chabottes;;Esteves;6.161495;44.642614
05029_0145_01093;1093;;Route du Villard;05260;05029;Chabottes;;Le Clos;6.160875;44.641592
05029_0085_03125;3125;;Route d’Orcières;05260;05029;Chabottes;;Le Tenement;6.180174;44.646247
05029_0071_00995;995;;Route des Gouges;05260;05029;Chabottes;;Les Choulieres;6.171024;44.646589
05029_0130_00003;3;;Chemin du Thomas;05260;05029;Chabottes;;Cousty;6.174074;44.644718
05029_0085_02075;2075;;Route d’Orcières;05260;05029;Chabottes;;Les Beyguieres;6.167942;44.643539
05029_0085_00105;105;;Route d’Orcières;05260;05029;Chabottes;;Les Pellas;6.143669;44.639198
05029_teewrt_00009;9;;Lotissement Champ Quartier;05260;05029;Chabottes;;Champ Quartier;6.151472;44.638763
05029_0060_00197;197;;Route des Ecrins;05260;05029;Chabottes;;La Plaine;6.171566;44.644588
05029_0085_03305;3305;;Route d’Orcières;05260;05029;Chabottes;;Le Manuel;6.181983;44.647104
05029_0080_00090;90;;Chemin des Maisons Vieilles;05260;05029;Chabottes;;Les Ebrards;6.174784;44.645292
05029_0130_00005;5;;Chemin du Thomas;05260;05029;Chabottes;;Cousty;6.173945;44.644305
05029_0150_00075;75;;Chemin des Villettes;05260;05029;Chabottes;;Champ Du Serre;6.172992;44.655096
05029_0145_00667;667;;Route du Villard;05260;05029;Chabottes;;Le Villard;6.156773;44.639698
05029_0085_02805;2805;;Route d’Orcières;05260;05029;Chabottes;;Cousty;6.176194;44.644627
05029_0035_00400;400;;Chemin des Catons;05260;05029;Chabottes;;Les Vernets;6.15538;44.643733
05029_0061_00097;97;;Chemin des Eyrauds;05260;05029;Chabottes;;Les Eyrauds;6.160545;44.639858
05029_0085_00001;1;;Route d’Orcières;05260;05029;Chabottes;;Les Pellas;6.143178;44.638644
05029_0105_00265;265;;Chemin des Sagnes;05260;05029;Chabottes;;Les Sagnes;6.177344;44.655874
05029_0060_00325;325;;Route des Ecrins;05260;05029;Chabottes;;La Plaine;6.1729;44.644751
05029_0145_00671;671;;Route du Villard;05260;05029;Chabottes;;Le Villard;6.157036;44.639748
05029_0145_00605;605;;Route du Villard;05260;05029;Chabottes;;Le Villard;6.156397;44.639778
05029_0061_00505;505;;Chemin des Eyrauds;05260;05029;Chabottes;;Les Eyrauds;6.162401;44.639645
05029_0060_00540;540;;Route des Ecrins;05260;05029;Chabottes;;Cousty;6.175763;44.644598
05029_0050_01355;1355;;Route de Chaillol;05260;05029;Chabottes;;Champ Du Serre;6.171426;44.656997
05029_0130_00065;65;;Chemin du Thomas;05260;05029;Chabottes;;Cousty;6.174794;44.643893
05029_0015_00261;261;;Chemin des Auberts;05260;05029;Chabottes;;Les Auberts;6.15112;44.644075
05029_0060_00385;385;;Route des Ecrins;05260;05029;Chabottes;;Cousty;6.173849;44.64496
05029_0071_01230;1230;;Route des Gouges;05260;05029;Chabottes;;Les Ebrards;6.174129;44.647135
05029_0050_00020;20;;Route de Chaillol;05260;05029;Chabottes;;Peyre La Viste;6.176015;44.663904
05029_0085_00855;855;;Route d’Orcières;05260;05029;Chabottes;;Les Loubieres;6.152121;44.642009
05029_0145_00600;600;;Route du Villard;05260;05029;Chabottes;;Grande Piece;6.156351;44.63937
05029_0135_00160;160;;Chemin Vieux;05260;05029;Chabottes;;Village Le;6.176166;44.654889
05029_0145_00434;434;;Route du Villard;05260;05029;Chabottes;;Grande Piece;6.154186;44.63913
05029_a020_00014;14;;Lotissement Pra Nesteve;05260;05029;Chabottes;;Ribieres Les;6.17485;44.65393
05029_0078_01114;1114;;Chemin des Michauds;05260;05029;Chabottes;;Penderits;6.156936;44.659766
05029_0025_00055;55;;Chemin Baumel;05260;05029;Chabottes;;Les Choulieres;6.173098;44.647484
05029_0085_02005;2005;;Route d’Orcières;05260;05029;Chabottes;;Les Beyguieres;6.166446;44.642914
05029_0140_00070;70;;Chemin du Village;05260;05029;Chabottes;;Le Village;6.17673;44.655019
05029_0056_00025;25;;Chemin du Drac;05260;05029;Chabottes;;Le Jacon;6.147671;44.645458
05029_0071_00832;832;;Route des Gouges;05260;05029;Chabottes;;Les Beyguieres;6.169955;44.645618
05029_ewh7b3_00045;45;;Chemin des Oliviers;05260;05029;Chabottes;;Les Oliviers;6.17795;44.645961
05029_16m0lg_00001;1;;Lotissement Hugues;05260;05029;Chabottes;;Cousty;6.172797;44.644166
05029_0145_01075;1075;;Route du Villard;05260;05029;Chabottes;;Le Clos;6.160267;44.641405
05029_0090_00120;120;;Chemin du Percy;05260;05029;Chabottes;;Le Tenement;6.181596;44.645448
05029_16m0lg_00006;6;;Lotissement Hugues;05260;05029;Chabottes;;Cousty;6.173181;44.643918
05029_0085_01390;1390;;Route d’Orcières;05260;05029;Chabottes;;Le Clos;6.159262;44.641994
05029_0035_00520;520;;Chemin des Catons;05260;05029;Chabottes;;Les Vernets;6.1539;44.64394
05029_34tf9h_00145;145;;Les Fangeas;05260;05029;Chabottes;;Le Fangeas;6.167703;44.659451
05029_0071_01114;1114;;Route des Gouges;05260;05029;Chabottes;;Les Ebrards;6.172969;44.646776
05029_0092_00115;115;;Chemin des Ramas;05260;05029;Chabottes;;Cousty;6.177465;44.64389
05029_teewrt_00012;12;;Lotissement Champ Quartier;05260;05029;Chabottes;;Champ Quartier;6.15043;44.638646
05029_0071_01215;1215;;Route des Gouges;05260;05029;Chabottes;;Les Choulieres;6.173937;44.647476
05029_a030_00033;33;;Lotissement des Prés Vieux;05260;05029;Chabottes;;Pre Vieux;6.179741;44.653657
05029_0145_00565;565;;Route du Villard;05260;05029;Chabottes;;Le Villard;6.15565;44.639688
05029_0040_00020;20;;Route de Chabottes;05260;05029;Chabottes;;Vieilles Maisons;6.175458;44.645292
05029_0035_00395;395;;Chemin des Catons;05260;05029;Chabottes;;Les Loubieres;6.15538;44.643529
05029_5w2qhd_00066;66;;Chemin du Four;05260;05029;Chabottes;;La Plaine;6.172812;44.645095
05029_teewrt_00004;4;;Lotissement Champ Quartier;05260;05029;Chabottes;;Champ Quartier;6.152645;44.638424
05029_0145_00785;785;;Route du Villard;05260;05029;Chabottes;;Le Clos;6.158313;44.640164
05029_0058_00100;100;;Chemin des Ebrards;05260;05029;Chabottes;;Les Ebrards;6.172399;44.646528
05029_0061_00325;325;;Chemin des Eyrauds;05260;05029;Chabottes;;Les Eyrauds;6.161727;44.639938
05029_a030_00031;31;;Lotissement des Prés Vieux;05260;05029;Chabottes;;Pre Vieux;6.179856;44.653725
05029_0105_00150;150;;Chemin des Sagnes;05260;05029;Chabottes;;Les Sagnes;6.178027;44.656366
05029_0092_00270;270;;Chemin des Ramas;05260;05029;Chabottes;;Cousty;6.175343;44.643792
05029_0085_01010;1010;;Route d’Orcières;05260;05029;Chabottes;;Le Clos;6.154697;44.641693
05029_0056_00201;201;;Chemin du Drac;05260;05029;Chabottes;;Le Jacon;6.148881;44.645544
05029_0061_00545;545;;Chemin des Eyrauds;05260;05029;Chabottes;;Les Eyrauds;6.162875;44.639347
05029_s7rcht_00005;5;;Lotissement Le Moulin;05260;05029;Chabottes;;Les Ribières;6.175112;44.652861
05029_0025_00017;17;;Chemin Baumel;05260;05029;Chabottes;;Les Choulieres;6.17377;44.647896
05029_0060_00305;305;;Route des Ecrins;05260;05029;Chabottes;;La Plaine;6.172704;44.644714
05029_0050_00035;35;;Route de Chaillol;05260;05029;Chabottes;;Peyre La Viste;6.176002;44.663918
05029_0073_00160;160;;Chemin des Imberts;05260;05029;Chabottes;;Les Ebrards;6.171633;44.646371
05029_0035_00454;454;;Chemin des Catons;05260;05029;Chabottes;;Les Vernets;6.154815;44.643905
05029_0061_00335;335;;Chemin des Eyrauds;05260;05029;Chabottes;;Les Eyrauds;6.161776;44.639598
05029_0050_00775;775;;Route de Chaillol;05260;05029;Chabottes;;Champ Du Serre;6.173273;44.656135
05029_0060_00080;80;;Route des Ecrins;05260;05029;Chabottes;;Le Tomas;6.170751;44.643483
05029_ewh7b3_00085;85;;Chemin des Oliviers;05260;05029;Chabottes;;Les Oliviers;6.177772;44.646396
05029_0040_00010;10;;Route de Chabottes;05260;05029;Chabottes;;Les Oliviers;6.173578;44.648958
05029_0050_01220;1220;;Route de Chaillol;05260;05029;Chabottes;;Louvert Et Le Fangeas;6.173103;44.657317
05029_0130_00004;4;;Chemin du Thomas;05260;05029;Chabottes;;Cousty;6.173553;44.644088
05029_0085_00115;115;;Route d’Orcières;05260;05029;Chabottes;;Les Pellas;6.143847;44.639438
05029_0071_01045;1045;;Route des Gouges;05260;05029;Chabottes;;Les Choulieres;6.171841;44.646889
05029_a020_00016;16;;Lotissement Pra Nesteve;05260;05029;Chabottes;;Ribieres Les;6.175176;44.654164
05029_ewh7b3_00092;92;;Chemin des Oliviers;05260;05029;Chabottes;;Les Oliviers;6.177942;44.646478
05029_a030_00010;10;;Lotissement des Prés Vieux;05260;05029;Chabottes;;Pre Vieux;6.179274;44.653622
05029_a020_00010;10;;Lotissement Pra Nesteve;05260;05029;Chabottes;;Ribieres Les;6.175212;44.653922
05029_a030_00015;15;;Lotissement des Prés Vieux;05260;05029;Chabottes;;Pre Vieux;6.179217;44.654571
05029_0060_00470;470;;Route des Ecrins;05260;05029;Chabottes;;Cousty;6.174863;44.64489
05029_0130_00075;75;;Chemin du Thomas;05260;05029;Chabottes;;Cousty;6.175051;44.643957
05029_0050_00385;385;;Route de Chaillol;05260;05029;Chabottes;;Ribieres Les;6.176785;44.65329
05029_a030_00001;1;;Lotissement des Prés Vieux;05260;05029;Chabottes;;Pre Vieux;6.178504;44.653912
05029_0080_00255;255;;Chemin des Maisons Vieilles;05260;05029;Chabottes;;Les Oliviers;6.175327;44.647324
05029_a030_00017;17;;Lotissement des Prés Vieux;05260;05029;Chabottes;;Pre Vieux;6.179494;44.654628
05029_0061_00081;81;;Chemin des Eyrauds;05260;05029;Chabottes;;Les Eyrauds;6.159605;44.639877
05029_0080_00005;5;;Chemin des Maisons Vieilles;05260;05029;Chabottes;;Cousty;6.173967;44.645015
05029_0080_00105;105;;Chemin des Maisons Vieilles;05260;05029;Chabottes;;Les Ebrards;6.174754;44.6459
05029_0040_00016;16;;Route de Chabottes;05260;05029;Chabottes;;Les Oliviers;6.173578;44.648958
05029_a030_00009;9;;Lotissement des Prés Vieux;05260;05029;Chabottes;;Pre Vieux;6.178712;44.654345
05029_0061_00150;150;;Chemin des Eyrauds;05260;05029;Chabottes;;Les Eyrauds;6.159729;44.639466
05029_0140_00150;150;;Chemin du Village;05260;05029;Chabottes;;Le Village;6.17619;44.655295
05029_a030_00020;20;;Lotissement des Prés Vieux;05260;05029;Chabottes;;Pre Vieux;6.17962;44.653914
05029_0061_00032;32;;Chemin des Eyrauds;05260;05029;Chabottes;;Les Eyrauds;6.159975;44.640402
05029_0045_00335;335;;Route de Chabottones;05260;05029;Chabottes;;Village Le;6.178353;44.655894
05029_0085_00895;895;;Route d’Orcières;05260;05029;Chabottes;;Les Loubieres;6.152326;44.642017
05029_0050_00560;560;;Route de Chaillol;05260;05029;Chabottes;;Village Le;6.176327;44.654351
05029_0060_00555;555;;Route des Ecrins;05260;05029;Chabottes;;Le Tenement;6.178527;44.645625
05029_0061_00320;320;;Chemin des Eyrauds;05260;05029;Chabottes;;Les Eyrauds;6.161846;44.639396
05029_0060_00015;15;;Route des Ecrins;05260;05029;Chabottes;;Le Tenement;6.17853;44.645647
05029_a030_00018;18;;Lotissement des Prés Vieux;05260;05029;Chabottes;;Pre Vieux;6.179702;44.653996
05029_0050_00615;615;;Route de Chaillol;05260;05029;Chabottes;;Ribieres Les;6.174315;44.654667
05029_0035_00360;360;;Chemin des Catons;05260;05029;Chabottes;;Chastellanes;6.155959;44.64357
05029_0061_00300;300;;Chemin des Eyrauds;05260;05029;Chabottes;;Les Eyrauds;6.161757;44.639344
05029_0100_00525;525;;Chemin des Roberts;05260;05029;Chabottes;;Choulieres Les;6.158626;44.653569
05029_0140_00030;30;;Chemin du Village;05260;05029;Chabottes;;Le Village;6.177237;44.65508
05029_0061_00575;575;;Chemin des Eyrauds;05260;05029;Chabottes;;Les Eyrauds;6.163122;44.639347
05029_0135_00150;150;;Chemin Vieux;05260;05029;Chabottes;;Village Le;6.176104;44.655176
05029_0060_00550;550;;Route des Ecrins;05260;05029;Chabottes;;Cousty;6.175881;44.644859
05029_0085_02650;2650;;Route d’Orcières;05260;05029;Chabottes;;Cousty;6.176048;44.644217
05029_0035_00645;645;;Chemin des Catons;05260;05029;Chabottes;;Les Loubieres;6.152255;44.643562
05029_0071_01155;1155;;Route des Gouges;05260;05029;Chabottes;;Les Choulieres;6.173172;44.647266
05029_0045_00360;360;;Route de Chabottones;05260;05029;Chabottes;;Buissons Les;6.179469;44.655511
05029_0073_00135;135;;Chemin des Imberts;05260;05029;Chabottes;;Les Beyguieres;6.17149;44.646136
05029_0075_00073;73;;Chemin des Jacons;05260;05029;Chabottes;;L'Aguillon;6.150095;44.642938
05029_teewrt_00003;3;;Lotissement Champ Quartier;05260;05029;Chabottes;;Champ Quartier;6.152695;44.638623
05029_0060_00020;20;;Route des Ecrins;05260;05029;Chabottes;;Le Tenement;6.178561;44.645643
05029_0092_00295;295;;Chemin des Ramas;05260;05029;Chabottes;;Cousty;6.175209;44.643447
05029_0035_00635;635;;Chemin des Catons;05260;05029;Chabottes;;Les Loubieres;6.15237;44.643316
05029_0145_00285;285;;Route du Villard;05260;05029;Chabottes;;Le Clos;6.152781;44.639735
05029_teewrt_00011;11;;Lotissement Champ Quartier;05260;05029;Chabottes;;Champ Quartier;6.150853;44.638701
05029_0088_00096;96;;Chemin du Parquet;05260;05029;Chabottes;;Les Choulieres;6.170104;44.646761
05029_0075_00021;21;;Chemin des Jacons;05260;05029;Chabottes;;L'Aguillon;6.150788;44.642639
05029_0105_00012;12;;Chemin des Sagnes;05260;05029;Chabottes;;Les Sagnes;6.179776;44.656761
05029_0040_00086;86;;Route de Chabottes;05260;05029;Chabottes;;Vieilles Maisons;6.17522;44.645844
05029_0060_00605;605;;Route des Ecrins;05260;05029;Chabottes;;Maisons Vieilles;6.176418;44.64522
05029_0060_00625;625;;Route des Ecrins;05260;05029;Chabottes;;Maisons Vieilles;6.176728;44.645383
05029_s7rcht_00004;4;;Lotissement Le Moulin;05260;05029;Chabottes;;Les Ribières;6.175293;44.652884
05029_0061_00132;132;;Chemin des Eyrauds;05260;05029;Chabottes;;Les Eyrauds;6.160904;44.639965
05029_teewrt_00010;10;;Lotissement Champ Quartier;05260;05029;Chabottes;;Champ Quartier;6.151176;44.638728
05029_0075_00054;54;;Chemin des Jacons;05260;05029;Chabottes;;Les Vernets;6.150473;44.643059
05029_34tf9h_00140;140;;Les Fangeas;05260;05029;Chabottes;;Le Fangeas;6.1675;44.659528
05029_0092_00315;315;;Chemin des Ramas;05260;05029;Chabottes;;Cousty;6.174896;44.643408
05029_0050_01210;1210;;Route de Chaillol;05260;05029;Chabottes;;Louvert Et Le Fangeas;6.173657;44.656993
05029_0080_00245;245;;Chemin des Maisons Vieilles;05260;05029;Chabottes;;Les Oliviers;6.175549;44.646642
05029_0061_00255;255;;Chemin des Eyrauds;05260;05029;Chabottes;;Les Eyrauds;6.16109;44.63947
05029_0145_00601;601;;Route du Villard;05260;05029;Chabottes;;Le Villard;6.156046;44.639747
05029_0135_00485;485;;Chemin Vieux;05260;05029;Chabottes;;Village Le;6.176104;44.655176
05029_0085_01500;1500;;Route d’Orcières;05260;05029;Chabottes;;Le Clos;6.160968;44.641979
05029_0085_01950;1950;;Route d’Orcières;05260;05029;Chabottes;;Le Tomas;6.16672;44.641822
05029_0071_01207;1207;;Route des Gouges;05260;05029;Chabottes;;Les Choulieres;6.173814;44.647418
05029_0092_00216;216;;Chemin des Ramas;05260;05029;Chabottes;;Cousty;6.17593;44.643907
05029_0050_01080;1080;;Route de Chaillol;05260;05029;Chabottes;;Les Sagnes;6.175275;44.656586
05029_0050_00530;530;;Route de Chaillol;05260;05029;Chabottes;;Village Le;6.176475;44.654138
05029_0063_00506;506;;Chemin des Fangeassons;05260;05029;Chabottes;;Faisse La;6.166715;44.658255
05029_gqigw9_00005;5;;Place de l’Église;05260;05029;Chabottes;;Village Le;6.176895;44.655069
05029_a010_00006;6;;Lotissement Bellevue;05260;05029;Chabottes;;Louvert Et Le Fangeas;6.173942;44.658189
05029_0145_00830;830;;Route du Villard;05260;05029;Chabottes;;Les Eyrauds;6.158884;44.640156
05029_16m0lg_00003;3;;Lotissement Hugues;05260;05029;Chabottes;;Cousty;6.17303;44.644293
05029_0145_00580;580;;Route du Villard;05260;05029;Chabottes;;Grande Piece;6.156105;44.638927
05029_ewh7b3_00250;250;;Chemin des Oliviers;05260;05029;Chabottes;;Les Oliviers;6.17695;44.647426
05029_0110_00055;55;;Chemin de Sante;05260;05029;Chabottes;;Le Jacon;6.147075;44.645325
05029_ewh7b3_00210;210;;Chemin des Oliviers;05260;05029;Chabottes;;Les Oliviers;6.17715;44.646919
05029_0035_00565;565;;Chemin des Catons;05260;05029;Chabottes;;Les Loubieres;6.15402;44.64361
05029_0071_01052;1052;;Route des Gouges;05260;05029;Chabottes;;Les Ebrards;6.172126;44.646616
05029_0080_00035;35;;Chemin des Maisons Vieilles;05260;05029;Chabottes;;Cousty;6.174208;44.645218
05029_0130_00270;270;;Chemin du Thomas;05260;05029;Chabottes;;Les Meyrances;6.175209;44.642756
05029_0085_01435;1435;;Route d’Orcières;05260;05029;Chabottes;;Esteves;6.160117;44.642711
05029_0060_00660;660;;Route des Ecrins;05260;05029;Chabottes;;Cousty;6.177115;44.645213
05029_a030_00021;21;;Lotissement des Prés Vieux;05260;05029;Chabottes;;Pre Vieux;6.179856;44.654454
05029_a020_00004;4;;Lotissement Pra Nesteve;05260;05029;Chabottes;;Ribieres Les;6.175949;44.654051
05029_0061_00176;176;;Chemin des Eyrauds;05260;05029;Chabottes;;Les Eyrauds;6.16013;44.639489
05029_a030_00011;11;;Lotissement des Prés Vieux;05260;05029;Chabottes;;Pre Vieux;6.178674;44.654552
05029_0050_01035;1035;;Route de Chaillol;05260;05029;Chabottes;;Champ Du Serre;6.175072;44.656159
05029_0010_00645;645;;Chemin de l’Aiguillon;05260;05029;Chabottes;;Le Jacon;6.1472;44.644863
05029_a030_00027;27;;Lotissement des Prés Vieux;05260;05029;Chabottes;;Pre Vieux;6.180179;44.653981
05029_5mpfr0_00004;4;;Domaine des Rosiers;05260;05029;Chabottes;;Le Tomas;6.173035;44.643228
05029_0035_00077;77;;Chemin des Catons;05260;05029;Chabottes;;Esteves;6.158881;44.643027
05029_0085_02100;2100;;Route d’Orcières;05260;05029;Chabottes;;Le Tomas;6.168956;44.642551
05029_0071_00744;744;;Route des Gouges;05260;05029;Chabottes;;Les Beyguieres;6.168886;44.645598
05029_0045_00210;210;;Route de Chabottones;05260;05029;Chabottes;;Buissons Les;6.177917;44.654993
05029_0040_00040;40;;Route de Chabottes;05260;05029;Chabottes;;Les Ebrards;6.17526;44.645022
05029_0145_00715;715;;Route du Villard;05260;05029;Chabottes;;Le Villard;6.157505;44.639801
05029_0085_00905;905;;Route d’Orcières;05260;05029;Chabottes;;Les Loubieres;6.152998;44.642263
05029_0085_02255;2255;;Route d’Orcières;05260;05029;Chabottes;;Le Tomas;6.169939;44.643196
05029_teewrt_00006;6;;Lotissement Champ Quartier;05260;05029;Chabottes;;Champ Quartier;6.152179;44.638584
05029_0025_00075;75;;Chemin Baumel;05260;05029;Chabottes;;Les Choulieres;6.173076;44.647677
05029_0120_00375;375;;Chemin de Tante Anna;05260;05029;Chabottes;;Le Tomas;6.182389;44.643977
05029_0071_01135;1135;;Route des Gouges;05260;05029;Chabottes;;Les Choulieres;6.172977;44.647162
05029_a020_00011;11;;Lotissement Pra Nesteve;05260;05029;Chabottes;;Ribieres Les;6.175631;44.654353
05029_0145_00860;860;;Route du Villard;05260;05029;Chabottes;;Les Eyrauds;6.159662;44.640152
05029_0060_00120;120;;Route des Ecrins;05260;05029;Chabottes;;Cousty;6.170806;44.643728
05029_0052_00030;30;;Chemin des Choulieres;05260;05029;Chabottes;;Les Choulieres;6.172177;44.646956
05029_0085_01320;1320;;Route d’Orcières;05260;05029;Chabottes;;Le Clos;6.158941;44.642031
05029_0058_00070;70;;Chemin des Ebrards;05260;05029;Chabottes;;Les Ebrards;6.172816;44.646653
05029_a030_00029;29;;Lotissement des Prés Vieux;05260;05029;Chabottes;;Pre Vieux;6.180045;44.653817
05029_0050_01225;1225;;Route de Chaillol;05260;05029;Chabottes;;Champ Du Serre;6.173268;44.65674
05029_0130_00050;50;;Chemin du Thomas;05260;05029;Chabottes;;Le Tomas;6.174131;44.643406
05029_0015_00375;375;;Chemin des Auberts;05260;05029;Chabottes;;Les Auberts;6.151427;44.644225
05029_0085_03015;3015;;Route d’Orcières;05260;05029;Chabottes;;Les Oliviers;6.179919;44.646505
05029_0045_00300;300;;Route de Chabottones;05260;05029;Chabottes;;Buissons Les;6.178532;44.655439
05029_a030_00008;8;;Lotissement des Prés Vieux;05260;05029;Chabottes;;Pre Vieux;6.179014;44.653653
05029_0092_00015;15;;Chemin des Ramas;05260;05029;Chabottes;;Cousty;6.177652;44.644213
05029_0145_00336;336;;Route du Villard;05260;05029;Chabottes;;Grande Piece;6.153181;44.638986
05029_0050_01350;1350;;Route de Chaillol;05260;05029;Chabottes;;Louvert Et Le Fangeas;6.171914;44.657126
05029_0071_00095;95;;Route des Gouges;05260;05029;Chabottes;;Esteves;6.161862;44.642875
05029_0100_00595;595;;Chemin des Roberts;05260;05029;Chabottes;;Choulieres Les;6.15833;44.653475
05029_0050_00175;175;;Route de Chaillol;05260;05029;Chabottes;;Ribieres Les;6.174977;44.652155
05029_0100_00675;675;;Chemin des Roberts;05260;05029;Chabottes;;Les Preyts;6.157348;44.65353
05029_a020_00012;12;;Lotissement Pra Nesteve;05260;05029;Chabottes;;Ribieres Les;6.17502;44.653922
05029_a010_00005;5;;Lotissement Bellevue;05260;05029;Chabottes;;Louvert Et Le Fangeas;6.17377;44.658407
05029_0035_00170;170;;Chemin des Catons;05260;05029;Chabottes;;;6.158319;44.642996
05029_0105_00105;105;;Chemin des Sagnes;05260;05029;Chabottes;;Village Le;6.178926;44.656005
05029_0060_00570;570;;Route des Ecrins;05260;05029;Chabottes;;Cousty;6.176125;44.644876
05029_5w2qhd_00137;137;;Chemin du Four;05260;05029;Chabottes;;La Plaine;6.17257;44.645961
05029_0085_03315;3315;;Route d’Orcières;05260;05029;Chabottes;;Le Manuel;6.182194;44.647238
05029_0085_00125;125;;Route d’Orcières;05260;05029;Chabottes;;Les Pellas;6.144083;44.639421
05029_5w2qhd_00170;170;;Chemin du Four;05260;05029;Chabottes;;Les Ebrards;6.173628;44.645973
05029_0015_00405;405;;Chemin des Auberts;05260;05029;Chabottes;;Les Vernets;6.151474;44.644467
05029_0090_00030;30;;Chemin du Percy;05260;05029;Chabottes;;Le Tenement;6.181355;44.64625
05029_0010_00630;630;;Chemin de l’Aiguillon;05260;05029;Chabottes;;Le Jacon;6.147172;44.644601
05029_0080_00180;180;;Chemin des Maisons Vieilles;05260;05029;Chabottes;;Vieilles Maisons;6.175612;44.64608
05029_0015_00515;515;;Chemin des Auberts;05260;05029;Chabottes;;Les Vernets;6.150961;44.644857
05029_0035_00690;690;;Chemin des Catons;05260;05029;Chabottes;;Les Vernets;6.152066;44.643917
05029_a030_00011_bis;11;bis;Lotissement des Prés Vieux;05260;05029;Chabottes;;Pre Vieux;6.178835;44.654559
05029_0060_00590;590;;Route des Ecrins;05260;05029;Chabottes;;Cousty;6.176386;44.644944
05029_0035_00145;145;;Chemin des Catons;05260;05029;Chabottes;;Esteves;6.158604;44.643113
05029_0092_00165;165;;Chemin des Ramas;05260;05029;Chabottes;;Cousty;6.176571;44.643829
05029_0061_00340;340;;Chemin des Eyrauds;05260;05029;Chabottes;;Les Eyrauds;6.162247;44.639362
05029_0071_00925;925;;Route des Gouges;05260;05029;Chabottes;;Les Choulieres;6.170251;44.646534
05029_5w2qhd_00265;265;;Chemin du Four;05260;05029;Chabottes;;Les Ebrards;6.173316;44.646811
05029_0092_00225;225;;Chemin des Ramas;05260;05029;Chabottes;;Cousty;6.175987;44.643655
05029_0061_00370;370;;Chemin des Eyrauds;05260;05029;Chabottes;;Les Eyrauds;6.162258;44.639165
05029_a030_00012;12;;Lotissement des Prés Vieux;05260;05029;Chabottes;;Pre Vieux;6.179264;44.654316
05029_0100_00620;620;;Chemin des Roberts;05260;05029;Chabottes;;Choulieres Les;6.158017;44.654841
05029_0060_00155;155;;Route des Ecrins;05260;05029;Chabottes;;Les Beyguieres;6.170984;44.644145
05029_5w2qhd_00230;230;;Chemin du Four;05260;05029;Chabottes;;Les Ebrards;6.173502;44.646569
05029_0092_00300;300;;Chemin des Ramas;05260;05029;Chabottes;;Cousty;6.175102;44.643739
05029_5w2qhd_00106;106;;Chemin du Four;05260;05029;Chabottes;;Les Ebrards;6.173097;44.645493
05029_teewrt_00008;8;;Lotissement Champ Quartier;05260;05029;Chabottes;;Champ Quartier;6.151955;44.638951
05029_0085_02069;2069;;Route d’Orcières;05260;05029;Chabottes;;Les Beyguieres;6.168257;44.643621
05029_0050_00280;280;;Route de Chaillol;05260;05029;Chabottes;;Pre Vieux;6.176474;44.652202
05029_0060_00615;615;;Route des Ecrins;05260;05029;Chabottes;;Maisons Vieilles;6.176494;44.645279
05029_0098_00017;17;;Chemin des Ribières;05260;05029;Chabottes;;Ribieres Les;6.17624;44.653809
05029_0080_00220;220;;Chemin des Maisons Vieilles;05260;05029;Chabottes;;Les Oliviers;6.175927;44.646246
05029_34tf9h_00160;160;;Les Fangeas;05260;05029;Chabottes;;Le Fangeas;6.167377;44.65946
05029_0050_00215;215;;Route de Chaillol;05260;05029;Chabottes;;;6.175567;44.652321
05029_0085_02055;2055;;Route d’Orcières;05260;05029;Chabottes;;Les Beyguieres;6.168005;44.643265
05029_0145_00423;423;;Route du Villard;05260;05029;Chabottes;;Le Clos;6.154279;44.639649
05029_0085_02600;2600;;Route d’Orcières;05260;05029;Chabottes;;Cousty;6.17531;44.644061
05029_0092_00160;160;;Chemin des Ramas;05260;05029;Chabottes;;Cousty;6.17644;44.644176
05029_5w2qhd_00250;250;;Chemin du Four;05260;05029;Chabottes;;Les Ebrards;6.173623;44.646882
05029_0085_01415;1415;;Route d’Orcières;05260;05029;Chabottes;;Esteves;6.159588;44.642442
05029_0010_00080;80;;Chemin de l’Aiguillon;05260;05029;Chabottes;;L'Aguillon;6.144492;44.640211
05029_0025_00045;45;;Chemin Baumel;05260;05029;Chabottes;;Les Choulieres;6.173304;44.647498
05029_0050_00396;396;;Route de Chaillol;05260;05029;Chabottes;;Pre Vieux;6.17718;44.653119
05029_0056_00038;38;;Chemin du Drac;05260;05029;Chabottes;;Les Vernets;6.147984;44.645161
05029_0140_00060;60;;Chemin du Village;05260;05029;Chabottes;;Le Village;6.175991;44.655305
05029_0045_00135;135;;Route de Chabottones;05260;05029;Chabottes;;Village Le;6.176645;44.654714
05029_0058_00090;90;;Chemin des Ebrards;05260;05029;Chabottes;;Les Ebrards;6.172541;44.646583
05029_ulmq0n_00040;40;;Route de Saint-Bonnet;05260;05029;Chabottes;;Ribieres Les;6.17258;44.651319
05029_0098_00135;135;;Chemin des Ribières;05260;05029;Chabottes;;Ribieres Les;6.175393;44.653405
05029_0085_01325;1325;;Route d’Orcières;05260;05029;Chabottes;;Esteves;6.158529;44.642218
05029_0085_00003;3;;Route d’Orcières;05260;05029;Chabottes;;Les Pellas;6.143202;44.638658
05029_0071_00784;784;;Route des Gouges;05260;05029;Chabottes;;Les Beyguieres;6.169143;44.645664
05029_0071_01015;1015;;Route des Gouges;05260;05029;Chabottes;;Les Choulieres;6.171194;44.646764
05029_0073_00036;36;;Chemin des Imberts;05260;05029;Chabottes;;La Plaine;6.172576;44.645458
05029_0071_00015;15;;Route des Gouges;05260;05029;Chabottes;;Esteves;6.160524;44.642606
05029_a030_00002;2;;Lotissement des Prés Vieux;05260;05029;Chabottes;;Pre Vieux;6.178282;44.653616
05029_0071_00155;155;;Route des Gouges;05260;05029;Chabottes;;Esteves;6.1624;44.643168
05029_0135_00030;30;;Chemin Vieux;05260;05029;Chabottes;;Village Le;6.176104;44.655176
05029_0061_00230;230;;Chemin des Eyrauds;05260;05029;Chabottes;;Les Eyrauds;6.160907;44.639278
05029_0085_02045;2045;;Route d’Orcières;05260;05029;Chabottes;;Les Beyguieres;6.167742;44.643137
05029_0105_00485;485;;Chemin des Sagnes;05260;05029;Chabottes;;Les Sagnes;6.179986;44.65628
05029_0060_00136;136;;Route des Ecrins;05260;05029;Chabottes;;Cousty;6.171149;44.64395
05029_teewrt_00007;7;;Lotissement Champ Quartier;05260;05029;Chabottes;;Champ Quartier;6.152125;44.638795
05029_a030_00016;16;;Lotissement des Prés Vieux;05260;05029;Chabottes;;Pre Vieux;6.179672;44.654205
05029_0061_00315;315;;Chemin des Eyrauds;05260;05029;Chabottes;;Les Eyrauds;6.161409;44.639903
05029_0145_00683;683;;Route du Villard;05260;05029;Chabottes;;Le Villard;6.157055;44.639899
05029_a030_00025;25;;Lotissement des Prés Vieux;05260;05029;Chabottes;;Pre Vieux;6.180163;44.65423
05029_0090_00090;90;;Chemin du Percy;05260;05029;Chabottes;;Le Tenement;6.181813;44.64561
05029_0150_01690;1690;;Chemin des Villettes;05260;05029;Chabottes;;Choulieres Les;6.168048;44.652091
05029_0040_00205;205;;Route de Chabottes;05260;05029;Chabottes;;Les Ebrards;6.174304;44.646761
05029_0130_00260;260;;Chemin du Thomas;05260;05029;Chabottes;;Les Meyrances;6.175162;44.642867
05029_0045_00340;340;;Route de Chabottones;05260;05029;Chabottes;;Buissons Les;6.179017;44.655486
05029_0035_00685;685;;Chemin des Catons;05260;05029;Chabottes;;Les Auberts;6.15192;44.643718
05029_0045_00175;175;;Route de Chabottones;05260;05029;Chabottes;;Village Le;6.177366;44.654893
05029_xo0h9t_00002;2;;Domaine des Olliviers;05260;05029;Chabottes;;Les Oliviers;6.175861;44.645173
05029_0098_00175;175;;Chemin des Ribières;05260;05029;Chabottes;;Ribieres Les;6.174746;44.65331
05029_0085_02205;2205;;Route d’Orcières;05260;05029;Chabottes;;Les Beyguieres;6.168578;44.643075
05029_0060_00670;670;;Route des Ecrins;05260;05029;Chabottes;;Le Tenement;6.177448;44.6453
05029_0073_00068;68;;Chemin des Imberts;05260;05029;Chabottes;;La Plaine;6.172274;44.645684
05029_0071_01035;1035;;Route des Gouges;05260;05029;Chabottes;;Les Choulieres;6.171627;44.646839
05029_0015_00177;177;;Chemin des Auberts;05260;05029;Chabottes;;Les Vernets;6.150958;44.643338
05029_0090_03295;3295;;Chemin du Percy;05260;05029;Chabottes;;Le Tenement;6.181463;44.645551
05029_0145_01125;1125;;Route du Villard;05260;05029;Chabottes;;Le Clos;6.161133;44.641962
05029_0135_00135;135;;Chemin Vieux;05260;05029;Chabottes;;Village Le;6.176104;44.655176
05029_5w2qhd_00139;139;;Chemin du Four;05260;05029;Chabottes;;Les Ebrards;6.172921;44.645957
05029_0050_01270;1270;;Route de Chaillol;05260;05029;Chabottes;;Louvert Et Le Fangeas;6.172764;44.6572
05029_0035_00090;90;;Chemin des Catons;05260;05029;Chabottes;;Les Vernets;6.151587;44.643982
05029_0145_00765;765;;Route du Villard;05260;05029;Chabottes;;Le Villard;6.158061;44.639906
05029_0045_00155;155;;Route de Chabottones;05260;05029;Chabottes;;Village Le;6.177122;44.654741
05029_0015_00180;180;;Chemin des Auberts;05260;05029;Chabottes;;Les Auberts;6.151553;44.643367
05029_0061_00030;30;;Chemin des Eyrauds;05260;05029;Chabottes;;Le Villard;6.1582;44.639454
05029_a030_00005;5;;Lotissement des Prés Vieux;05260;05029;Chabottes;;Pre Vieux;6.178784;44.654107
05029_0035_00465;465;;Chemin des Catons;05260;05029;Chabottes;;Les Loubieres;6.154459;44.643505
05029_0060_00460;460;;Route des Ecrins;05260;05029;Chabottes;;Cousty;6.174831;44.64464
05029_0098_00015;15;;Chemin des Ribières;05260;05029;Chabottes;;Ribieres Les;6.176404;44.653688
05029_0071_00905;905;;Route des Gouges;05260;05029;Chabottes;;Les Choulieres;6.170328;44.646234
05029_0015_00100;100;;Chemin des Auberts;05260;05029;Chabottes;;Les Loubieres;6.15129;44.642663
05029_16m0lg_00002;2;;Lotissement Hugues;05260;05029;Chabottes;;Cousty;6.172907;44.643967
05029_0050_00004;4;;Route de Chaillol;05260;05029;Chabottes;;Peyre La Viste;6.176031;44.663918
05029_0035_00575;575;;Chemin des Catons;05260;05029;Chabottes;;Les Loubieres;6.153297;44.643533
05029_0098_00095;95;;Chemin des Ribières;05260;05029;Chabottes;;Ribieres Les;6.1757;44.653356
05029_0075_00327;327;;Chemin des Jacons;05260;05029;Chabottes;;Le Jacon;6.147815;44.644701
05029_0060_00095;95;;Route des Ecrins;05260;05029;Chabottes;;Les Beyguieres;6.1704;44.644046
05029_0085_01305;1305;;Route d’Orcières;05260;05029;Chabottes;;Esteves;6.158467;44.64236
05029_0145_00775;775;;Route du Villard;05260;05029;Chabottes;;Le Villard;6.158026;44.640043
05029_0085_03295;3295;;Route d’Orcières;05260;05029;Chabottes;;Le Manuel;6.181355;44.647012
05029_0050_00890;890;;Route de Chaillol;05260;05029;Chabottes;;Village Le;6.175332;44.655687
05029_0145_00575;575;;Route du Villard;05260;05029;Chabottes;;Le Villard;6.15589;44.639468
05029_xo0h9t_00003;3;;Domaine des Olliviers;05260;05029;Chabottes;;Les Oliviers;6.175774;44.645436
05029_0060_00465;465;;Route des Ecrins;05260;05029;Chabottes;;Cousty;6.174562;44.645136
05029_0050_01130;1130;;Route de Chaillol;05260;05029;Chabottes;;Les Sagnes;6.17491;44.656898
05029_0040_00140;140;;Route de Chabottes;05260;05029;Chabottes;;;6.174406;44.646162
05029_0110_00693;693;;Chemin de Sante;05260;05029;Chabottes;;Sante;6.142069;44.648859
05029_0071_01165;1165;;Route des Gouges;05260;05029;Chabottes;;Les Choulieres;6.173545;44.647344
05029_0010_00580;580;;Chemin de l’Aiguillon;05260;05029;Chabottes;;L'Aguillon;6.146555;44.644309
05029_34tf9h_00100;100;;Les Fangeas;05260;05029;Chabottes;;Le Fangeas;6.168139;44.65979
05029_0035_00585;585;;Chemin des Catons;05260;05029;Chabottes;;Les Loubieres;6.15331;44.643316
05029_a010_00004;4;;Lotissement Bellevue;05260;05029;Chabottes;;Louvert Et Le Fangeas;6.173622;44.657859
05029_0050_00960;960;;Route de Chaillol;05260;05029;Chabottes;;Village Le;6.17644;44.655948
05029_0130_00015;15;;Chemin du Thomas;05260;05029;Chabottes;;Cousty;6.174166;44.643781
05029_0060_00125;125;;Route des Ecrins;05260;05029;Chabottes;;Les Beyguieres;6.170288;44.644397
05029_a010_00002;2;;Lotissement Bellevue;05260;05029;Chabottes;;Louvert Et Le Fangeas;6.173101;44.657883
05029_0035_00430;430;;Chemin des Catons;05260;05029;Chabottes;;Les Vernets;6.155144;44.643794
05029_a030_00006;6;;Lotissement des Prés Vieux;05260;05029;Chabottes;;Pre Vieux;6.178712;44.653633
05029_0145_00041;41;;Route du Villard;05260;05029;Chabottes;;Le Clos;6.151534;44.641178
05029_a020_00008;8;;Lotissement Pra Nesteve;05260;05029;Chabottes;;Ribieres Les;6.175415;44.653897
05029_0058_00080;80;;Chemin des Ebrards;05260;05029;Chabottes;;Les Ebrards;6.172679;44.64662
05029_0071_00955;955;;Route des Gouges;05260;05029;Chabottes;;Les Choulieres;6.170739;44.646632
05029_0150_00975;975;;Chemin des Villettes;05260;05029;Chabottes;;Choulieres Les;6.161865;44.65446
05029_0085_01310;1310;;Route d’Orcières;05260;05029;Chabottes;;Le Clos;6.158604;44.64206
05029_0125_00030;30;;Chemin de Tante Yvonne;05260;05029;Chabottes;;Cousty;6.17722;44.644568
05029_0145_00533;533;;Route du Villard;05260;05029;Chabottes;;Le Clos;6.15485;44.639516
05029_a020_00007;7;;Lotissement Pra Nesteve;05260;05029;Chabottes;;Ribieres Les;6.175313;44.654575
05029_0092_00265;265;;Chemin des Ramas;05260;05029;Chabottes;;Cousty;6.175456;44.643525
05029_0060_00510;510;;Route des Ecrins;05260;05029;Chabottes;;Cousty;6.17531;44.644867
05029_0060_00275;275;;Route des Ecrins;05260;05029;Chabottes;;La Plaine;6.172388;44.644672
05029_a020_00005;5;;Lotissement Pra Nesteve;05260;05029;Chabottes;;Ribieres Les;6.175165;44.654624
05029_xo0h9t_00001;1;;Domaine des Olliviers;05260;05029;Chabottes;;Les Oliviers;6.17602;44.645187
05029_a030_00014;14;;Lotissement des Prés Vieux;05260;05029;Chabottes;;Pre Vieux;6.179447;44.654275
05029_0125_00194;194;;Chemin de Tante Yvonne;05260;05029;Chabottes;;Le Tomas;6.179171;44.643851
05029_gqigw9_00007;7;;Place de l’Église;05260;05029;Chabottes;;Village Le;6.176703;44.655096
05029_0085_01425;1425;;Route d’Orcières;05260;05029;Chabottes;;Esteves;6.159843;44.642587
05029_0035_00031;31;;Chemin des Catons;05260;05029;Chabottes;;Esteves;6.158993;44.642538
05029_0085_01205;1205;;Route d’Orcières;05260;05029;Chabottes;;Esteves;6.157609;44.642481
05029_teewrt_00286;286;;Lotissement Champ Quartier;05260;05029;Chabottes;;Champ Quartier;6.152315;44.63874
05029_5w2qhd_00115;115;;Chemin du Four;05260;05029;Chabottes;;La Plaine;6.172762;44.645711
05029_0060_00270;270;;Route des Ecrins;05260;05029;Chabottes;;Cousty;6.172552;44.644399
05029_0105_00235;235;;Chemin des Sagnes;05260;05029;Chabottes;;Les Sagnes;6.177695;44.655886
05029_0010_00640;640;;Chemin de l’Aiguillon;05260;05029;Chabottes;;Le Jacon;6.147378;44.644765
05029_0060_00700;700;;Route des Ecrins;05260;05029;Chabottes;;Le Tenement;6.177693;44.64537
05029_0071_01225;1225;;Route des Gouges;05260;05029;Chabottes;;Les Choulieres;6.174036;44.647525
