id;numero;rep;nom_voie;code_postal;code_insee;nom_commune;nom_ancienne_commune;nom_ld;lon;lat
34179_0079_00180;180;;Rue Agnès Varda;34570;34179;Murviel-lès-Montpellier;;;3.744582;43.605802
34179_aynv2d_00078;78;;Impasse de la Rompude;34570;34179;Murviel-lès-Montpellier;;;3.739386;43.609374
34179_a010_00005;5;;Lotissement Bellevue;34570;34179;Murviel-lès-Montpellier;;;3.740701;43.607478
34179_0144_00115;115;;Rue Angela Davis;34570;34179;Murviel-lès-Montpellier;;;3.74597;43.604714
34179_mfitxi_00505;505;;Route de Saint Paul;34570;34179;Murviel-lès-Montpellier;;;3.724029;43.607029
34179_0136_00031;31;;Rue de l’Astrolabe;34570;34179;Murviel-lès-Montpellier;;;3.731918;43.603787
34179_0011_00507;507;;Avenue du Champ des Moulins;34570;34179;Murviel-lès-Montpellier;;;3.743953;43.606779
34179_0011_00356;356;;Avenue du Champ des Moulins;34570;34179;Murviel-lès-Montpellier;;;3.74218;43.607055
34179_0008_00001;1;;Chemin de Carnette;34570;34179;Murviel-lès-Montpellier;;;3.737034;43.603501
34179_aynv2d_00108;108;;Impasse de la Rompude;34570;34179;Murviel-lès-Montpellier;;;3.739696;43.60927
34179_0137_00001;1;;Clos des Cystes;34570;34179;Murviel-lès-Montpellier;;;3.731941;43.601321
34179_0065_00007;7;;Rue des Porches;34570;34179;Murviel-lès-Montpellier;;;3.737142;43.60407
34179_0033_00251;251;;Avenue des Jardins;34570;34179;Murviel-lès-Montpellier;;;3.74042;43.604929
34179_0065_00006;6;;Rue des Porches;34570;34179;Murviel-lès-Montpellier;;;3.737095;43.604234
34179_a080_00011;11;;Lotissement le Panama;34570;34179;Murviel-lès-Montpellier;;;3.739878;43.603508
34179_a085_00005;5;;Lotissement les Clapissous;34570;34179;Murviel-lès-Montpellier;;;3.733803;43.604397
34179_0027_00120;120;;Clos du Figuier;34570;34179;Murviel-lès-Montpellier;;;3.730484;43.603473
34179_0026_00011_bis;11;bis;Rue de l’Eglise;34570;34179;Murviel-lès-Montpellier;;;3.737055;43.604099
34179_0101_00198;198;;Rue Joseph de la Martiniere;34570;34179;Murviel-lès-Montpellier;;;3.733256;43.602418
34179_0141_00014;14;;Clos Philibert Commerson;34570;34179;Murviel-lès-Montpellier;;;3.732585;43.603395
34179_0028_00121;121;;Rue des Horts;34570;34179;Murviel-lès-Montpellier;;;3.74088;43.606047
34179_0140_00012;12;;Rue Pierre Richer de Belleval;34570;34179;Murviel-lès-Montpellier;;;3.735398;43.603705
34179_a082_00006;6;;Lotissement Lou Perdigal;34570;34179;Murviel-lès-Montpellier;;;3.743604;43.605559
34179_0029_00003;3;;Rue Suzanne Ivanes Chupin;34570;34179;Murviel-lès-Montpellier;;;3.735655;43.607034
34179_0150_00002;2;;Rue de la Source;34570;34179;Murviel-lès-Montpellier;;;3.732752;43.606302
34179_a082_00001;1;;Lotissement Lou Perdigal;34570;34179;Murviel-lès-Montpellier;;;3.743972;43.60607
34179_zlfy5w_00005;5;;Les Angles;34570;34179;Murviel-lès-Montpellier;;;3.766331;43.609574
34179_uhtxu1_00007;7;;Clos des Mimosas;34570;34179;Murviel-lès-Montpellier;;;3.735647;43.602567
34179_0011_00147;147;;Avenue du Champ des Moulins;34570;34179;Murviel-lès-Montpellier;;;3.740476;43.608697
34179_0065_00012;12;;Rue des Porches;34570;34179;Murviel-lès-Montpellier;;;3.737;43.604434
34179_0151_00094;94;;Rue Louise Michel;34570;34179;Murviel-lès-Montpellier;;;3.743673;43.603795
34179_0029_00768;768;;Rue Suzanne Ivanes Chupin;34570;34179;Murviel-lès-Montpellier;;;3.727734;43.60815
34179_0048_00006;6;;Rue du Merle;34570;34179;Murviel-lès-Montpellier;;;3.736124;43.603707
34179_a081_00018;18;;Lotissement le Clos des Pins;34570;34179;Murviel-lès-Montpellier;;;3.738221;43.60276
34179_0010_00003;3;;Route de Montpellier;34570;34179;Murviel-lès-Montpellier;;;3.737395;43.60501
34179_a005_00003;3;;Lotissement l'Adret;34570;34179;Murviel-lès-Montpellier;;;3.73879;43.607257
34179_0013_00145;145;;Avenue du Clapas;34570;34179;Murviel-lès-Montpellier;;;3.739934;43.607572
34179_a019_00004;4;;Lotissement les Clauzes;34570;34179;Murviel-lès-Montpellier;;;3.742536;43.606285
34179_0151_00054;54;;Rue Louise Michel;34570;34179;Murviel-lès-Montpellier;;;3.743138;43.603817
34179_0153_00118;118;;Chemin des Ifs;34570;34179;Murviel-lès-Montpellier;;;3.741709;43.603323
34179_0011_00558;558;;Avenue du Champ des Moulins;34570;34179;Murviel-lès-Montpellier;;;3.744418;43.606549
34179_a012_00001;1;;Lotissement des Écoles;34570;34179;Murviel-lès-Montpellier;;;3.734741;43.603932
34179_0046_00006;6;;Place du Mas de Garenc;34570;34179;Murviel-lès-Montpellier;;;3.738592;43.608592
34179_0079_00069;69;;Rue Agnès Varda;34570;34179;Murviel-lès-Montpellier;;;3.743978;43.604835
34179_0150_00011;11;;Rue de la Source;34570;34179;Murviel-lès-Montpellier;;;3.730732;43.60702
34179_0150_00004;4;;Rue de la Source;34570;34179;Murviel-lès-Montpellier;;;3.732257;43.606617
34179_0141_00009;9;;Clos Philibert Commerson;34570;34179;Murviel-lès-Montpellier;;;3.732488;43.602656
34179_0022_00002;2;;Place Gilbert Senes;34570;34179;Murviel-lès-Montpellier;;;3.735922;43.605747
34179_0028_00156;156;;Rue des Horts;34570;34179;Murviel-lès-Montpellier;;;3.74107;43.60581
34179_0011_00228;228;;Avenue du Champ des Moulins;34570;34179;Murviel-lès-Montpellier;;;3.740975;43.607976
34179_0144_00095;95;;Rue Angela Davis;34570;34179;Murviel-lès-Montpellier;;;3.745709;43.604763
34179_0017_00065;65;;Rue des Clauzes;34570;34179;Murviel-lès-Montpellier;;;3.742726;43.604923
34179_0063_00012_e;12;e;Route des Platanes;34570;34179;Murviel-lès-Montpellier;;;3.73474;43.606182
34179_0022_00012;12;;Place Gilbert Senes;34570;34179;Murviel-lès-Montpellier;;;3.735483;43.605755
34179_0134_00002;2;;Clos des Euphorbes;34570;34179;Murviel-lès-Montpellier;;;3.73314;43.602464
34179_0008_00010;10;;Chemin de Carnette;34570;34179;Murviel-lès-Montpellier;;;3.737732;43.602933
34179_0063_00005;5;;Route des Platanes;34570;34179;Murviel-lès-Montpellier;;;3.736333;43.604824
34179_uhtxu1_00003;3;;Clos des Mimosas;34570;34179;Murviel-lès-Montpellier;;;3.734857;43.602704
34179_0140_00018;18;;Rue Pierre Richer de Belleval;34570;34179;Murviel-lès-Montpellier;;;3.735532;43.602118
34179_0013_00252;252;;Avenue du Clapas;34570;34179;Murviel-lès-Montpellier;;;3.740068;43.606339
34179_0063_00012_f;12;f;Route des Platanes;34570;34179;Murviel-lès-Montpellier;;;3.734765;43.606302
34179_0022_00008;8;;Place Gilbert Senes;34570;34179;Murviel-lès-Montpellier;;;3.735671;43.605612
34179_0063_00006;6;;Route des Platanes;34570;34179;Murviel-lès-Montpellier;;;3.735638;43.605107
34179_0100_00071;71;;Avenue de la Rouvière Longue;34570;34179;Murviel-lès-Montpellier;;;3.733267;43.601138
34179_0144_00082;82;;Rue Angela Davis;34570;34179;Murviel-lès-Montpellier;;;3.745578;43.604687
34179_0002_00012;12;;Rue de l’Ancien Four;34570;34179;Murviel-lès-Montpellier;;;3.73415;43.603602
34179_0006_00190;190;;Rue Louise Bourgeois;34570;34179;Murviel-lès-Montpellier;;;3.746662;43.604931
34179_0149_00019;19;;Clos des Myrtes;34570;34179;Murviel-lès-Montpellier;;;3.74675;43.605706
34179_0136_00186;186;;Rue de l’Astrolabe;34570;34179;Murviel-lès-Montpellier;;;3.731263;43.60337
34179_2g1ee7_01471;1471;;Route de Saint Georges;34570;34179;Murviel-lès-Montpellier;;;3.762822;43.60842
34179_0004_00191;191;;Rue Florence Arthaud;34570;34179;Murviel-lès-Montpellier;;;3.746469;43.60593
34179_0008_00008;8;;Chemin de Carnette;34570;34179;Murviel-lès-Montpellier;;;3.737479;43.603111
34179_0063_00025;25;;Route des Platanes;34570;34179;Murviel-lès-Montpellier;;;3.733499;43.60651
34179_0008_00004;4;;Chemin de Carnette;34570;34179;Murviel-lès-Montpellier;;;3.736829;43.603506
34179_0029_00001;1;;Rue Suzanne Ivanes Chupin;34570;34179;Murviel-lès-Montpellier;;;3.736204;43.606748
34179_0130_00004;4;;Clos des Genevriers;34570;34179;Murviel-lès-Montpellier;;;3.731114;43.601696
34179_0079_00027;27;;Rue Agnès Varda;34570;34179;Murviel-lès-Montpellier;;;3.743948;43.604474
34179_0020_00005;5;;Rue de la Terrasse;34570;34179;Murviel-lès-Montpellier;;;3.73748;43.603923
34179_0011_00182;182;;Avenue du Champ des Moulins;34570;34179;Murviel-lès-Montpellier;;;3.740712;43.608307
34179_a081_00005;5;;Lotissement le Clos des Pins;34570;34179;Murviel-lès-Montpellier;;;3.738538;43.603339
34179_0100_00078;78;;Avenue de la Rouvière Longue;34570;34179;Murviel-lès-Montpellier;;;3.733253;43.601377
34179_0017_00020;20;;Rue des Clauzes;34570;34179;Murviel-lès-Montpellier;;;3.742825;43.604408
34179_0005_00005;5;;Route de Bel Air;34570;34179;Murviel-lès-Montpellier;;;3.736146;43.606117
34179_0045_00001;1;;Rue de l’Ancienne Mairie;34570;34179;Murviel-lès-Montpellier;;;3.737083;43.604622
34179_0140_00097;97;;Rue Pierre Richer de Belleval;34570;34179;Murviel-lès-Montpellier;;;3.735708;43.60197
34179_0002_01033;1033;;Rue de l’Ancien Four;34570;34179;Murviel-lès-Montpellier;;;3.733258;43.604074
34179_0005_00014;14;;Route de Bel Air;34570;34179;Murviel-lès-Montpellier;;;3.737391;43.607698
34179_0017_00258;258;;Rue des Clauzes;34570;34179;Murviel-lès-Montpellier;;;3.743577;43.606475
34179_0150_00007;7;;Rue de la Source;34570;34179;Murviel-lès-Montpellier;;;3.731548;43.606896
34179_0079_00185;185;;Rue Agnès Varda;34570;34179;Murviel-lès-Montpellier;;;3.744383;43.605859
34179_0061_01001;1001;;Route de Pignan;34570;34179;Murviel-lès-Montpellier;;;3.745177;43.597123
34179_0011_00723;723;;Avenue du Champ des Moulins;34570;34179;Murviel-lès-Montpellier;;;3.745693;43.606233
34179_0028_00135;135;;Rue des Horts;34570;34179;Murviel-lès-Montpellier;;;3.740995;43.605987
34179_aynv2d_00177;177;;Impasse de la Rompude;34570;34179;Murviel-lès-Montpellier;;;3.740324;43.609775
34179_0151_00117;117;;Rue Louise Michel;34570;34179;Murviel-lès-Montpellier;;;3.743916;43.603916
34179_0022_00015;15;;Place Gilbert Senes;34570;34179;Murviel-lès-Montpellier;;;3.735614;43.605953
34179_a033_00004;4;;Lotissement Hauts de Murviel;34570;34179;Murviel-lès-Montpellier;;;3.739715;43.605963
34179_0013_00144;144;;Avenue du Clapas;34570;34179;Murviel-lès-Montpellier;;;3.739206;43.607507
34179_0011_00192;192;;Avenue du Champ des Moulins;34570;34179;Murviel-lès-Montpellier;;;3.740769;43.608224
34179_0141_00002;2;;Clos Philibert Commerson;34570;34179;Murviel-lès-Montpellier;;;3.732297;43.60325
34179_0150_00012;12;;Rue de la Source;34570;34179;Murviel-lès-Montpellier;;;3.730469;43.606914
34179_0017_00024;24;;Rue des Clauzes;34570;34179;Murviel-lès-Montpellier;;;3.742908;43.604665
34179_0013_00316;316;;Avenue du Clapas;34570;34179;Murviel-lès-Montpellier;;;3.741027;43.606747
34179_9rgfh2_00003;3;;Rue Lucie et Raymond Aubrac;34570;34179;Murviel-lès-Montpellier;;;3.735432;43.604506
34179_0046_00001;1;;Place du Mas de Garenc;34570;34179;Murviel-lès-Montpellier;;;3.738311;43.608818
34179_0028_00115;115;;Rue des Horts;34570;34179;Murviel-lès-Montpellier;;;3.740699;43.60613
34179_rfkmc4_00007;7;;Residence des Chenes;34570;34179;Murviel-lès-Montpellier;;;3.735643;43.601441
34179_0151_00097;97;;Rue Louise Michel;34570;34179;Murviel-lès-Montpellier;;;3.743716;43.603881
34179_0148_00010;10;;Clos des Proserpine;34570;34179;Murviel-lès-Montpellier;;;3.744661;43.605241
34179_0136_00148;148;;Rue de l’Astrolabe;34570;34179;Murviel-lès-Montpellier;;;3.731054;43.603521
34179_0101_00091;91;;Rue Joseph de la Martiniere;34570;34179;Murviel-lès-Montpellier;;;3.734012;43.601629
34179_0151_00061;61;;Rue Louise Michel;34570;34179;Murviel-lès-Montpellier;;;3.743336;43.60389
34179_0002_00007_a;7;a;Rue de l’Ancien Four;34570;34179;Murviel-lès-Montpellier;;;3.732321;43.602541
34179_0005_00001;1;;Route de Bel Air;34570;34179;Murviel-lès-Montpellier;;;3.736344;43.605465
34179_0022_00016;16;;Place Gilbert Senes;34570;34179;Murviel-lès-Montpellier;;;3.735642;43.605991
34179_0033_00271;271;;Avenue des Jardins;34570;34179;Murviel-lès-Montpellier;;;3.74063;43.604836
34179_0010_00004;4;;Route de Montpellier;34570;34179;Murviel-lès-Montpellier;;;3.737846;43.604838
34179_0144_00050;50;;Rue Angela Davis;34570;34179;Murviel-lès-Montpellier;;;3.745037;43.604795
34179_0026_00004;4;;Rue de l’Eglise;34570;34179;Murviel-lès-Montpellier;;;3.736841;43.604123
34179_0005_00015;15;;Route de Bel Air;34570;34179;Murviel-lès-Montpellier;;;3.737462;43.608048
34179_a4rpbo_00094;94;;Rue des Oliviers;34570;34179;Murviel-lès-Montpellier;;;3.734217;43.606788
34179_0017_00009;9;;Rue des Clauzes;34570;34179;Murviel-lès-Montpellier;;;3.742635;43.604386
34179_19b53c_00001;1;;Lotissement Les terrasses du Panama;34570;34179;Murviel-lès-Montpellier;;;3.73938;43.602585
34179_0005_00012_bis;12;bis;Route de Bel Air;34570;34179;Murviel-lès-Montpellier;;;3.738182;43.607695
34179_0010_00006;6;;Route de Montpellier;34570;34179;Murviel-lès-Montpellier;;;3.738604;43.604738
34179_19b53c_00002;2;;Lotissement Les terrasses du Panama;34570;34179;Murviel-lès-Montpellier;;;3.739618;43.602784
34179_0020_00008;8;;Rue de la Terrasse;34570;34179;Murviel-lès-Montpellier;;;3.737031;43.603868
34179_1i93i3_00004;4;;Lotissement le Village;34570;34179;Murviel-lès-Montpellier;;;3.737544;43.606482
34179_0059_00002;2;;Rue Pavée;34570;34179;Murviel-lès-Montpellier;;;3.736;43.604155
34179_0011_00518;518;;Avenue du Champ des Moulins;34570;34179;Murviel-lès-Montpellier;;;3.743949;43.606668
34179_0148_00040;40;;Clos des Proserpine;34570;34179;Murviel-lès-Montpellier;;;3.744563;43.604974
34179_fija11_00006;6;;Zone Artisanale les Ifs;34570;34179;Murviel-lès-Montpellier;;;3.744223;43.598851
34179_0011_00220;220;;Avenue du Champ des Moulins;34570;34179;Murviel-lès-Montpellier;;;3.741275;43.608256
34179_0028_00155;155;;Rue des Horts;34570;34179;Murviel-lès-Montpellier;;;3.741375;43.605834
34179_rfkmc4_00005;5;;Residence des Chenes;34570;34179;Murviel-lès-Montpellier;;;3.735436;43.601435
34179_0020_00015;15;;Rue de la Terrasse;34570;34179;Murviel-lès-Montpellier;;;3.736815;43.603774
34179_0005_00012_ter;12;ter;Route de Bel Air;34570;34179;Murviel-lès-Montpellier;;;3.738043;43.607873
34179_0011_00352;352;;Avenue du Champ des Moulins;34570;34179;Murviel-lès-Montpellier;;;3.741699;43.606788
34179_a033_00007;7;;Lotissement Hauts de Murviel;34570;34179;Murviel-lès-Montpellier;;;3.739332;43.60557
34179_0013_00453;453;;Avenue du Clapas;34570;34179;Murviel-lès-Montpellier;;;3.741842;43.606661
34179_0147_00025;25;;Clos Magicienne Dentelée;34570;34179;Murviel-lès-Montpellier;;;3.744975;43.605616
34179_0033_00296;296;;Avenue des Jardins;34570;34179;Murviel-lès-Montpellier;;;3.741009;43.604669
34179_0005_00016;16;;Route de Bel Air;34570;34179;Murviel-lès-Montpellier;;;3.737644;43.607941
34179_0141_00001;1;;Clos Philibert Commerson;34570;34179;Murviel-lès-Montpellier;;;3.732276;43.603446
34179_0063_00012_a;12;a;Route des Platanes;34570;34179;Murviel-lès-Montpellier;;;3.734886;43.605661
34179_0129_00041;41;;Enclos des Mimosas;34570;34179;Murviel-lès-Montpellier;;;3.734961;43.60264
34179_a010_00006;6;;Lotissement Bellevue;34570;34179;Murviel-lès-Montpellier;;;3.741164;43.607568
34179_0002_00005;5;;Rue de l’Ancien Four;34570;34179;Murviel-lès-Montpellier;;;3.734651;43.603634
34179_a018_00001;1;;Lotissement les Capitelles;34570;34179;Murviel-lès-Montpellier;;;3.741293;43.604968
34179_0138_00035;35;;Rue Louis Antoine Bougainville;34570;34179;Murviel-lès-Montpellier;;;3.731143;43.60213
34179_0101_00029;29;;Rue Joseph de la Martiniere;34570;34179;Murviel-lès-Montpellier;;;3.734766;43.601437
34179_0003_00001;1;;Rue de l’Ancienne Forge;34570;34179;Murviel-lès-Montpellier;;;3.736465;43.603794
34179_0065_00003;3;;Rue des Porches;34570;34179;Murviel-lès-Montpellier;;;3.737183;43.604026
34179_mfitxi_00575;575;;Route de Saint Paul;34570;34179;Murviel-lès-Montpellier;;;3.723169;43.60709
34179_0082_00008_bis;8;bis;Rue de la Vierge;34570;34179;Murviel-lès-Montpellier;;;3.735984;43.604284
34179_0033_00081;81;;Avenue des Jardins;34570;34179;Murviel-lès-Montpellier;;;3.738577;43.605705
34179_0147_00005;5;;Clos Magicienne Dentelée;34570;34179;Murviel-lès-Montpellier;;;3.744858;43.605501
34179_0013_00135;135;;Avenue du Clapas;34570;34179;Murviel-lès-Montpellier;;;3.739881;43.60769
34179_0006_00085;85;;Rue Louise Bourgeois;34570;34179;Murviel-lès-Montpellier;;;3.745381;43.605317
34179_0150_00008;8;;Rue de la Source;34570;34179;Murviel-lès-Montpellier;;;3.731374;43.60693
34179_0083_00025;25;;chemin du réservoir;34570;34179;Murviel-lès-Montpellier;;;3.732476;43.604067
34179_a012_00005;5;;Lotissement des Écoles;34570;34179;Murviel-lès-Montpellier;;;3.735017;43.603985
34179_0011_00357;357;;Avenue du Champ des Moulins;34570;34179;Murviel-lès-Montpellier;;;3.742154;43.607206
34179_0065_00001;1;;Rue des Porches;34570;34179;Murviel-lès-Montpellier;;;3.737133;43.603916
34179_0045_00002;2;;Rue de l’Ancienne Mairie;34570;34179;Murviel-lès-Montpellier;;;3.737524;43.604516
34179_0063_00012_c;12;c;Route des Platanes;34570;34179;Murviel-lès-Montpellier;;;3.734975;43.606119
34179_0136_00192;192;;Rue de l’Astrolabe;34570;34179;Murviel-lès-Montpellier;;;3.731353;43.603298
34179_0002_00069;69;;Rue de l’Ancien Four;34570;34179;Murviel-lès-Montpellier;;;3.733253;43.604653
34179_a080_00010;10;;Lotissement le Panama;34570;34179;Murviel-lès-Montpellier;;;3.740049;43.603957
34179_0018_00002;2;;Place Clement Becat;34570;34179;Murviel-lès-Montpellier;;;3.736386;43.60392
34179_0151_00041;41;;Rue Louise Michel;34570;34179;Murviel-lès-Montpellier;;;3.743089;43.603907
34179_0005_00006_ter;6;ter;Route de Bel Air;34570;34179;Murviel-lès-Montpellier;;;3.73654;43.606137
34179_0011_00736;736;;Avenue du Champ des Moulins;34570;34179;Murviel-lès-Montpellier;;;3.746106;43.606037
34179_0101_00221;221;;Rue Joseph de la Martiniere;34570;34179;Murviel-lès-Montpellier;;;3.732933;43.602383
34179_0002_00001;1;;Rue de l’Ancien Four;34570;34179;Murviel-lès-Montpellier;;;3.734803;43.603737
34179_a4rpbo_00145;145;;Rue des Oliviers;34570;34179;Murviel-lès-Montpellier;;;3.733589;43.606867
34179_0136_00141;141;;Rue de l’Astrolabe;34570;34179;Murviel-lès-Montpellier;;;3.731077;43.603753
34179_cgf9eq_00285;285;;Chemin de Terre Mégère;34570;34179;Murviel-lès-Montpellier;;;3.761512;43.616172
34179_0022_00009;9;;Place Gilbert Senes;34570;34179;Murviel-lès-Montpellier;;;3.735625;43.605643
34179_0022_00011;11;;Place Gilbert Senes;34570;34179;Murviel-lès-Montpellier;;;3.735538;43.60572
34179_0022_00006;6;;Place Gilbert Senes;34570;34179;Murviel-lès-Montpellier;;;3.735766;43.605602
34179_a018_00007;7;;Lotissement les Capitelles;34570;34179;Murviel-lès-Montpellier;;;3.741439;43.605271
34179_0020_00007;7;;Rue de la Terrasse;34570;34179;Murviel-lès-Montpellier;;;3.73746;43.603899
34179_0006_00100;100;;Rue Louise Bourgeois;34570;34179;Murviel-lès-Montpellier;;;3.745525;43.605182
34179_0136_00023;23;;Rue de l’Astrolabe;34570;34179;Murviel-lès-Montpellier;;;3.73202;43.60374
34179_0002_00184;184;;Rue de l’Ancien Four;34570;34179;Murviel-lès-Montpellier;;;3.733705;43.604034
34179_0101_00156;156;;Rue Joseph de la Martiniere;34570;34179;Murviel-lès-Montpellier;;;3.733534;43.60206
34179_0002_00003;3;;Rue de l’Ancien Four;34570;34179;Murviel-lès-Montpellier;;;3.734997;43.603847
34179_a009_00001;1;;Lotissement les Amandiers;34570;34179;Murviel-lès-Montpellier;;;3.741659;43.609164
34179_0003_00003;3;;Rue de l’Ancienne Forge;34570;34179;Murviel-lès-Montpellier;;;3.736396;43.6038
34179_0071_00004;4;;Rue des Remparts;34570;34179;Murviel-lès-Montpellier;;;3.737186;43.604429
34179_0087_00007;7;;Clos des Arbousiers;34570;34179;Murviel-lès-Montpellier;;;3.733354;43.600742
34179_1i93i3_00001;1;;Lotissement le Village;34570;34179;Murviel-lès-Montpellier;;;3.736732;43.606588
34179_0144_00067;67;;Rue Angela Davis;34570;34179;Murviel-lès-Montpellier;;;3.745378;43.604839
34179_0045_00005_bis;5;bis;Rue de l’Ancienne Mairie;34570;34179;Murviel-lès-Montpellier;;;3.737083;43.604622
34179_0151_00114;114;;Rue Louise Michel;34570;34179;Murviel-lès-Montpellier;;;3.743922;43.603815
34179_0063_00011;11;;Route des Platanes;34570;34179;Murviel-lès-Montpellier;;;3.734795;43.605118
34179_fija11_00004;4;;Zone Artisanale les Ifs;34570;34179;Murviel-lès-Montpellier;;;3.74462;43.598416
34179_0146_00025;25;;Clos de la Fauvette;34570;34179;Murviel-lès-Montpellier;;;3.745766;43.605432
34179_a081_00008;8;;Lotissement le Clos des Pins;34570;34179;Murviel-lès-Montpellier;;;3.738973;43.603245
34179_0140_00014;14;;Rue Pierre Richer de Belleval;34570;34179;Murviel-lès-Montpellier;;;3.735522;43.602706
34179_0011_00002;2;;Avenue du Champ des Moulins;34570;34179;Murviel-lès-Montpellier;;;3.738805;43.608678
34179_0005_00008_bis;8;bis;Route de Bel Air;34570;34179;Murviel-lès-Montpellier;;;3.737626;43.607046
34179_la1xgh_00003_bis;3;bis;Clos de l'Étoile;34570;34179;Murviel-lès-Montpellier;;;3.730467;43.602282
34179_a010_00003;3;;Lotissement Bellevue;34570;34179;Murviel-lès-Montpellier;;;3.740931;43.607268
34179_wi0fdk_00007;7;;Plan de la Boussole;34570;34179;Murviel-lès-Montpellier;;;3.731406;43.602538
34179_0063_00002;2;;Route des Platanes;34570;34179;Murviel-lès-Montpellier;;;3.736366;43.605069
34179_0005_00009;9;;Route de Bel Air;34570;34179;Murviel-lès-Montpellier;;;3.736905;43.60738
34179_wi0fdk_00001;1;;Plan de la Boussole;34570;34179;Murviel-lès-Montpellier;;;3.731406;43.602538
34179_0153_00055;55;;Chemin des Ifs;34570;34179;Murviel-lès-Montpellier;;;3.741284;43.603778
34179_0151_00044;44;;Rue Louise Michel;34570;34179;Murviel-lès-Montpellier;;;3.743009;43.603829
34179_0013_00323;323;;Avenue du Clapas;34570;34179;Murviel-lès-Montpellier;;;3.741222;43.606543
34179_0005_00003;3;;Route de Bel Air;34570;34179;Murviel-lès-Montpellier;;;3.73631;43.605734
34179_aynv2d_00124;124;;Impasse de la Rompude;34570;34179;Murviel-lès-Montpellier;;;3.740031;43.609267
34179_0005_00013;13;;Route de Bel Air;34570;34179;Murviel-lès-Montpellier;;;3.73726;43.608135
34179_0002_00226;226;;Rue de l’Ancien Four;34570;34179;Murviel-lès-Montpellier;;;3.733226;43.604105
34179_2g1ee7_01555;1555;;Route de Saint Georges;34570;34179;Murviel-lès-Montpellier;;;3.763911;43.608429
34179_aynv2d_00057;57;;Impasse de la Rompude;34570;34179;Murviel-lès-Montpellier;;;3.73908;43.60929
34179_0005_00022;22;;Route de Bel Air;34570;34179;Murviel-lès-Montpellier;;;3.738164;43.608535
34179_0026_00017;17;;Rue de l’Eglise;34570;34179;Murviel-lès-Montpellier;;;3.736896;43.604021
34179_0136_00112;112;;Rue de l’Astrolabe;34570;34179;Murviel-lès-Montpellier;;;3.731017;43.603953
34179_0135_00053;53;;Clos Michel Isambert;34570;34179;Murviel-lès-Montpellier;;;3.735779;43.602122
34179_0079_00021;21;;Rue Agnès Varda;34570;34179;Murviel-lès-Montpellier;;;3.743948;43.604416
34179_0079_00135;135;;Rue Agnès Varda;34570;34179;Murviel-lès-Montpellier;;;3.744148;43.605424
34179_0153_00124;124;;Chemin des Ifs;34570;34179;Murviel-lès-Montpellier;;;3.741766;43.602981
34179_0015_00140;140;;Rue de la Clairette;34570;34179;Murviel-lès-Montpellier;;;3.73926;43.606393
34179_0033_00177;177;;Avenue des Jardins;34570;34179;Murviel-lès-Montpellier;;;3.739615;43.60527
34179_a010_00002;2;;Lotissement Bellevue;34570;34179;Murviel-lès-Montpellier;;;3.741041;43.607347
34179_0011_00349;349;;Avenue du Champ des Moulins;34570;34179;Murviel-lès-Montpellier;;;3.742095;43.607237
34179_a013_00005;5;;Lotissement le Stade;34570;34179;Murviel-lès-Montpellier;;;3.744776;43.606045
34179_0071_00008;8;;Rue des Remparts;34570;34179;Murviel-lès-Montpellier;;;3.737005;43.604518
34179_0048_00002;2;;Rue du Merle;34570;34179;Murviel-lès-Montpellier;;;3.73598;43.603527
34179_0020_00004;4;;Rue de la Terrasse;34570;34179;Murviel-lès-Montpellier;;;3.737454;43.604044
34179_0083_00095;95;;chemin du réservoir;34570;34179;Murviel-lès-Montpellier;;;3.731784;43.604219
34179_0063_00007;7;;Route des Platanes;34570;34179;Murviel-lès-Montpellier;;;3.736274;43.604946
34179_0051_00007;7;;Rue des Muriers;34570;34179;Murviel-lès-Montpellier;;;3.736233;43.603768
34179_a018_00003;3;;Lotissement les Capitelles;34570;34179;Murviel-lès-Montpellier;;;3.741189;43.605183
34179_0150_00006;6;;Rue de la Source;34570;34179;Murviel-lès-Montpellier;;;3.731792;43.606827
34179_0144_00098;98;;Rue Angela Davis;34570;34179;Murviel-lès-Montpellier;;;3.745699;43.60467
34179_la1xgh_00002_bis;2;bis;Clos de l'Étoile;34570;34179;Murviel-lès-Montpellier;;;3.730345;43.602437
34179_qf7n2v_00020;20;;Chemin des Gardies;34570;34179;Murviel-lès-Montpellier;;;3.740162;43.600028
34179_0006_00185;185;;Rue Louise Bourgeois;34570;34179;Murviel-lès-Montpellier;;;3.746667;43.60505
34179_0153_00117;117;;Chemin des Ifs;34570;34179;Murviel-lès-Montpellier;;;3.741757;43.603417
34179_0003_00006;6;;Rue de l’Ancienne Forge;34570;34179;Murviel-lès-Montpellier;;;3.736208;43.603841
34179_a4rpbo_00124;124;;Rue des Oliviers;34570;34179;Murviel-lès-Montpellier;;;3.73386;43.606873
34179_a019_00009;9;;Lotissement les Clauzes;34570;34179;Murviel-lès-Montpellier;;;3.74253;43.606169
34179_a013_00002;2;;Lotissement le Stade;34570;34179;Murviel-lès-Montpellier;;;3.744739;43.606474
34179_0147_00010;10;;Clos Magicienne Dentelée;34570;34179;Murviel-lès-Montpellier;;;3.745055;43.605442
34179_0087_00003;3;;Clos des Arbousiers;34570;34179;Murviel-lès-Montpellier;;;3.732952;43.600779
34179_0005_00028;28;;Route de Bel Air;34570;34179;Murviel-lès-Montpellier;;;3.738409;43.609852
34179_0017_00234;234;;Rue des Clauzes;34570;34179;Murviel-lès-Montpellier;;;3.743451;43.606277
34179_0130_00007;7;;Clos des Genevriers;34570;34179;Murviel-lès-Montpellier;;;3.731359;43.601652
34179_0013_00402;402;;Avenue du Clapas;34570;34179;Murviel-lès-Montpellier;;;3.741977;43.606173
34179_0130_00002;2;;Clos des Genevriers;34570;34179;Murviel-lès-Montpellier;;;3.731191;43.601883
34179_0051_00002;2;;Rue des Muriers;34570;34179;Murviel-lès-Montpellier;;;3.7364;43.603667
34179_aynv2d_00179;179;;Impasse de la Rompude;34570;34179;Murviel-lès-Montpellier;;;3.740442;43.609741
34179_a019_00010;10;;Lotissement les Clauzes;34570;34179;Murviel-lès-Montpellier;;;3.742403;43.60621
34179_0017_00132;132;;Rue des Clauzes;34570;34179;Murviel-lès-Montpellier;;;3.742947;43.605416
34179_0004_00040;40;;Rue Florence Arthaud;34570;34179;Murviel-lès-Montpellier;;;3.746224;43.60462
34179_0005_00012;12;;Route de Bel Air;34570;34179;Murviel-lès-Montpellier;;;3.737119;43.607447
34179_0136_00044;44;;Rue de l’Astrolabe;34570;34179;Murviel-lès-Montpellier;;;3.73184;43.603921
34179_0082_00010_bis;10;bis;Rue de la Vierge;34570;34179;Murviel-lès-Montpellier;;;3.735886;43.604247
34179_0005_02700;2700;;Route de Bel Air;34570;34179;Murviel-lès-Montpellier;;;3.739006;43.625486
34179_la1xgh_00003;3;;Clos de l'Étoile;34570;34179;Murviel-lès-Montpellier;;;3.73032;43.60219
34179_intxm3_01511;1511;;Chemin de Cathala;34570;34179;Murviel-lès-Montpellier;;;3.759911;43.613794
34179_0018_00001;1;;Place Clement Becat;34570;34179;Murviel-lès-Montpellier;;;3.736434;43.603985
34179_0017_00109;109;;Rue des Clauzes;34570;34179;Murviel-lès-Montpellier;;;3.74234;43.605302
34179_0059_00006;6;;Rue Pavée;34570;34179;Murviel-lès-Montpellier;;;3.735975;43.604208
34179_0013_00450;450;;Avenue du Clapas;34570;34179;Murviel-lès-Montpellier;;;3.742331;43.605878
34179_intxm3_01301;1301;;Chemin de Cathala;34570;34179;Murviel-lès-Montpellier;;;3.757301;43.613666
34179_2g1ee7_01551;1551;;Route de Saint Georges;34570;34179;Murviel-lès-Montpellier;;;3.763832;43.608505
34179_0013_00095;95;;Avenue du Clapas;34570;34179;Murviel-lès-Montpellier;;;3.739503;43.60801
34179_0063_00022;22;;Route des Platanes;34570;34179;Murviel-lès-Montpellier;;;3.734164;43.605999
34179_0006_00130;130;;Rue Louise Bourgeois;34570;34179;Murviel-lès-Montpellier;;;3.745803;43.605129
34179_0011_00705;705;;Avenue du Champ des Moulins;34570;34179;Murviel-lès-Montpellier;;;3.745429;43.60595
34179_0101_00227;227;;Rue Joseph de la Martiniere;34570;34179;Murviel-lès-Montpellier;;;3.732822;43.602383
34179_a005_00001;1;;Lotissement l'Adret;34570;34179;Murviel-lès-Montpellier;;;3.738192;43.606856
34179_0020_00011_bis;11;bis;Rue de la Terrasse;34570;34179;Murviel-lès-Montpellier;;;3.737253;43.603747
34179_0139_00035;35;;Clos des Genets;34570;34179;Murviel-lès-Montpellier;;;3.734157;43.601978
34179_0022_00014;14;;Place Gilbert Senes;34570;34179;Murviel-lès-Montpellier;;;3.735601;43.605887
34179_0026_00005;5;;Rue de l’Eglise;34570;34179;Murviel-lès-Montpellier;;;3.737323;43.604267
34179_0011_00295;295;;Avenue du Champ des Moulins;34570;34179;Murviel-lès-Montpellier;;;3.741749;43.607383
34179_aynv2d_00077;77;;Impasse de la Rompude;34570;34179;Murviel-lès-Montpellier;;;3.739224;43.609393
34179_0010_00007;7;;Route de Montpellier;34570;34179;Murviel-lès-Montpellier;;;3.738069;43.604917
34179_0148_00030;30;;Clos des Proserpine;34570;34179;Murviel-lès-Montpellier;;;3.744621;43.605095
34179_0152_00030;30;;Rue Rosa Parks;34570;34179;Murviel-lès-Montpellier;;;3.744128;43.603879
34179_0017_00158;158;;Rue des Clauzes;34570;34179;Murviel-lès-Montpellier;;;3.742976;43.605543
34179_0029_00064;64;;Rue Suzanne Ivanes Chupin;34570;34179;Murviel-lès-Montpellier;;;3.735842;43.607153
34179_0005_00024;24;;Route de Bel Air;34570;34179;Murviel-lès-Montpellier;;;3.738697;43.609265
34179_0027_00110;110;;Clos du Figuier;34570;34179;Murviel-lès-Montpellier;;;3.730471;43.603372
34179_0022_00017;17;;Place Gilbert Senes;34570;34179;Murviel-lès-Montpellier;;;3.735672;43.60602
34179_0026_00001;1;;Rue de l’Eglise;34570;34179;Murviel-lès-Montpellier;;;3.737409;43.604198
34179_0022_00001;1;;Place Gilbert Senes;34570;34179;Murviel-lès-Montpellier;;;3.735966;43.605788
34179_0063_00023;23;;Route des Platanes;34570;34179;Murviel-lès-Montpellier;;;3.734162;43.606321
34179_fija11_00003;3;;Zone Artisanale les Ifs;34570;34179;Murviel-lès-Montpellier;;;3.744707;43.598233
34179_a019_00002;2;;Lotissement les Clauzes;34570;34179;Murviel-lès-Montpellier;;;3.74216;43.606455
34179_0013_00150_bis;150;bis;Avenue du Clapas;34570;34179;Murviel-lès-Montpellier;;;3.739728;43.607498
34179_0010_00015;15;;Route de Montpellier;34570;34179;Murviel-lès-Montpellier;;;3.74029;43.604318
34179_0011_00405;405;;Avenue du Champ des Moulins;34570;34179;Murviel-lès-Montpellier;;;3.743065;43.606954
34179_0079_00035;35;;Rue Agnès Varda;34570;34179;Murviel-lès-Montpellier;;;3.743956;43.604544
34179_0013_00101;101;;Avenue du Clapas;34570;34179;Murviel-lès-Montpellier;;;3.739593;43.607939
34179_0101_00230;230;;Rue Joseph de la Martiniere;34570;34179;Murviel-lès-Montpellier;;;3.732882;43.602518
34179_0101_00049;49;;Rue Joseph de la Martiniere;34570;34179;Murviel-lès-Montpellier;;;3.734511;43.601435
34179_a085_00003;3;;Lotissement les Clapissous;34570;34179;Murviel-lès-Montpellier;;;3.733501;43.60456
34179_1i93i3_00003;3;;Lotissement le Village;34570;34179;Murviel-lès-Montpellier;;;3.737419;43.606526
34179_0101_00224;224;;Rue Joseph de la Martiniere;34570;34179;Murviel-lès-Montpellier;;;3.732953;43.602506
34179_a4rpbo_00152;152;;Rue des Oliviers;34570;34179;Murviel-lès-Montpellier;;;3.733527;43.606947
34179_a010_00004;4;;Lotissement Bellevue;34570;34179;Murviel-lès-Montpellier;;;3.740799;43.607349
34179_0020_00010;10;;Rue de la Terrasse;34570;34179;Murviel-lès-Montpellier;;;3.736888;43.603838
34179_0051_00003;3;;Rue des Muriers;34570;34179;Murviel-lès-Montpellier;;;3.736357;43.603567
34179_0013_00345;345;;Avenue du Clapas;34570;34179;Murviel-lès-Montpellier;;;3.741412;43.606483
34179_0022_00003;3;;Place Gilbert Senes;34570;34179;Murviel-lès-Montpellier;;;3.735885;43.605713
34179_0151_00087;87;;Rue Louise Michel;34570;34179;Murviel-lès-Montpellier;;;3.743624;43.603881
34179_0013_00451;451;;Avenue du Clapas;34570;34179;Murviel-lès-Montpellier;;;3.741586;43.606545
34179_0136_00142;142;;Rue de l’Astrolabe;34570;34179;Murviel-lès-Montpellier;;;3.730876;43.60368
34179_0020_00009;9;;Rue de la Terrasse;34570;34179;Murviel-lès-Montpellier;;;3.737308;43.603856
34179_aynv2d_00171;171;;Impasse de la Rompude;34570;34179;Murviel-lès-Montpellier;;;3.740254;43.609707
34179_a081_00015;15;;Lotissement le Clos des Pins;34570;34179;Murviel-lès-Montpellier;;;3.73878;43.602501
34179_a082_00004;4;;Lotissement Lou Perdigal;34570;34179;Murviel-lès-Montpellier;;;3.743771;43.605624
34179_a033_00002;2;;Lotissement Hauts de Murviel;34570;34179;Murviel-lès-Montpellier;;;3.739685;43.605697
34179_0150_00009;9;;Rue de la Source;34570;34179;Murviel-lès-Montpellier;;;3.73111;43.60697
34179_0079_00115;115;;Rue Agnès Varda;34570;34179;Murviel-lès-Montpellier;;;3.744093;43.605279
34179_0100_00249;249;;Avenue de la Rouvière Longue;34570;34179;Murviel-lès-Montpellier;;;3.731581;43.602201
34179_0013_00129;129;;Avenue du Clapas;34570;34179;Murviel-lès-Montpellier;;;3.740421;43.607948
34179_0136_00014;14;;Rue de l’Astrolabe;34570;34179;Murviel-lès-Montpellier;;;3.732163;43.603791
34179_a013_00001;1;;Lotissement le Stade;34570;34179;Murviel-lès-Montpellier;;;3.74459;43.606506
34179_a4rpbo_00071;71;;Rue des Oliviers;34570;34179;Murviel-lès-Montpellier;;;3.734522;43.606672
34179_0101_00319;319;;Rue Joseph de la Martiniere;34570;34179;Murviel-lès-Montpellier;;;3.732792;43.60184
34179_0013_00140;140;;Avenue du Clapas;34570;34179;Murviel-lès-Montpellier;;;3.73883;43.607651
34179_0048_00004;4;;Rue du Merle;34570;34179;Murviel-lès-Montpellier;;;3.736072;43.603604
34179_0004_00155;155;;Rue Florence Arthaud;34570;34179;Murviel-lès-Montpellier;;;3.746337;43.605621
34179_0005_00019;19;;Route de Bel Air;34570;34179;Murviel-lès-Montpellier;;;3.737744;43.608389
34179_a080_00001;1;;Lotissement le Panama;34570;34179;Murviel-lès-Montpellier;;;3.739499;43.603054
34179_a4rpbo_00088;88;;Rue des Oliviers;34570;34179;Murviel-lès-Montpellier;;;3.734289;43.606773
34179_0010_00005;5;;Route de Montpellier;34570;34179;Murviel-lès-Montpellier;;;3.73776;43.604948
34179_0018_00003;3;;Place Clement Becat;34570;34179;Murviel-lès-Montpellier;;;3.736515;43.60398
34179_9rgfh2_00002;2;;Rue Lucie et Raymond Aubrac;34570;34179;Murviel-lès-Montpellier;;;3.735276;43.604863
34179_0101_00099;99;;Rue Joseph de la Martiniere;34570;34179;Murviel-lès-Montpellier;;;3.733933;43.601673
34179_a005_00002;2;;Lotissement l'Adret;34570;34179;Murviel-lès-Montpellier;;;3.738484;43.60703
34179_0017_00055;55;;Rue des Clauzes;34570;34179;Murviel-lès-Montpellier;;;3.742689;43.604641
34179_0017_00119;119;;Rue des Clauzes;34570;34179;Murviel-lès-Montpellier;;;3.742759;43.605343
34179_0153_00086;86;;Chemin des Ifs;34570;34179;Murviel-lès-Montpellier;;;3.741103;43.603163
34179_0004_00125;125;;Rue Florence Arthaud;34570;34179;Murviel-lès-Montpellier;;;3.746335;43.605392
34179_0029_00028;28;;Rue Suzanne Ivanes Chupin;34570;34179;Murviel-lès-Montpellier;;;3.736202;43.606883
34179_0022_00010;10;;Place Gilbert Senes;34570;34179;Murviel-lès-Montpellier;;;3.735581;43.605676
34179_0006_00075;75;;Rue Louise Bourgeois;34570;34179;Murviel-lès-Montpellier;;;3.745259;43.605342
34179_0002_00004;4;;Rue de l’Ancien Four;34570;34179;Murviel-lès-Montpellier;;;3.733968;43.603735
34179_0082_00010;10;;Rue de la Vierge;34570;34179;Murviel-lès-Montpellier;;;3.735937;43.604265
34179_0153_00091;91;;Chemin des Ifs;34570;34179;Murviel-lès-Montpellier;;;3.741498;43.603517
34179_0147_00020;20;;Clos Magicienne Dentelée;34570;34179;Murviel-lès-Montpellier;;;3.745093;43.605586
34179_0002_00006;6;;Rue de l’Ancien Four;34570;34179;Murviel-lès-Montpellier;;;3.733616;43.603835
34179_0082_00002;2;;Rue de la Vierge;34570;34179;Murviel-lès-Montpellier;;;3.736454;43.604471
34179_0029_00030;30;;Rue Suzanne Ivanes Chupin;34570;34179;Murviel-lès-Montpellier;;;3.736118;43.606939
34179_0015_00073;73;;Rue de la Clairette;34570;34179;Murviel-lès-Montpellier;;;3.738211;43.606249
34179_0017_00247;247;;Rue des Clauzes;34570;34179;Murviel-lès-Montpellier;;;3.743367;43.6064
34179_0087_00001;1;;Clos des Arbousiers;34570;34179;Murviel-lès-Montpellier;;;3.733004;43.600898
34179_0082_00004;4;;Rue de la Vierge;34570;34179;Murviel-lès-Montpellier;;;3.736336;43.604426
34179_0033_00363;363;;Avenue des Jardins;34570;34179;Murviel-lès-Montpellier;;;3.741606;43.60441
34179_0011_00400;400;;Avenue du Champ des Moulins;34570;34179;Murviel-lès-Montpellier;;;3.742554;43.606962
34179_0071_00001;1;;Rue des Remparts;34570;34179;Murviel-lès-Montpellier;;;3.737209;43.604281
34179_0026_00011;11;;Rue de l’Eglise;34570;34179;Murviel-lès-Montpellier;;;3.737119;43.604122
34179_a019_00003;3;;Lotissement les Clauzes;34570;34179;Murviel-lès-Montpellier;;;3.742435;43.60633
34179_0141_00012;12;;Clos Philibert Commerson;34570;34179;Murviel-lès-Montpellier;;;3.732491;43.603078
34179_0013_00320;320;;Avenue du Clapas;34570;34179;Murviel-lès-Montpellier;;;3.74127;43.606661
34179_mfitxi_00907;907;;Route de Saint Paul;34570;34179;Murviel-lès-Montpellier;;;3.722471;43.607265
34179_a013_00006;6;;Lotissement le Stade;34570;34179;Murviel-lès-Montpellier;;;3.744761;43.60599
34179_0045_00003;3;;Rue de l’Ancienne Mairie;34570;34179;Murviel-lès-Montpellier;;;3.73708;43.604638
34179_0011_00469;469;;Avenue du Champ des Moulins;34570;34179;Murviel-lès-Montpellier;;;3.743491;43.606891
34179_a010_00001;1;;Lotissement Bellevue;34570;34179;Murviel-lès-Montpellier;;;3.741142;43.607445
34179_a4rpbo_00079;79;;Rue des Oliviers;34570;34179;Murviel-lès-Montpellier;;;3.734359;43.606682
34179_a018_00005;5;;Lotissement les Capitelles;34570;34179;Murviel-lès-Montpellier;;;3.741437;43.605541
34179_0144_00090;90;;Rue Angela Davis;34570;34179;Murviel-lès-Montpellier;;;3.745649;43.604678
34179_0003_00008;8;;Rue de l’Ancienne Forge;34570;34179;Murviel-lès-Montpellier;;;3.736104;43.603875
34179_0151_00064;64;;Rue Louise Michel;34570;34179;Murviel-lès-Montpellier;;;3.743298;43.603805
34179_0028_00099;99;;Rue des Horts;34570;34179;Murviel-lès-Montpellier;;;3.740463;43.605831
34179_0150_00005;5;;Rue de la Source;34570;34179;Murviel-lès-Montpellier;;;3.732002;43.606758
34179_0013_00190;190;;Avenue du Clapas;34570;34179;Murviel-lès-Montpellier;;;3.739883;43.607144
34179_0017_00186_b;186;b;Rue des Clauzes;34570;34179;Murviel-lès-Montpellier;;;3.743363;43.605775
34179_0026_00013;13;;Rue de l’Eglise;34570;34179;Murviel-lès-Montpellier;;;3.736984;43.604073
34179_0017_00186_a;186;a;Rue des Clauzes;34570;34179;Murviel-lès-Montpellier;;;3.743467;43.605897
34179_fija11_00002;2;;Zone Artisanale les Ifs;34570;34179;Murviel-lès-Montpellier;;;3.744497;43.598117
34179_0100_00027;27;;Avenue de la Rouvière Longue;34570;34179;Murviel-lès-Montpellier;;;3.733525;43.601013
34179_0059_00001;1;;Rue Pavée;34570;34179;Murviel-lès-Montpellier;;;3.736074;43.604228
34179_0071_00001_bis;1;bis;Rue des Remparts;34570;34179;Murviel-lès-Montpellier;;;3.737217;43.604302
34179_0067_00010;10;;Rue du Portail Neuf;34570;34179;Murviel-lès-Montpellier;;;3.735817;43.604156
34179_0083_00147;147;;chemin du réservoir;34570;34179;Murviel-lès-Montpellier;;;3.731206;43.604451
34179_a080_00009;9;;Lotissement le Panama;34570;34179;Murviel-lès-Montpellier;;;3.740141;43.603907
34179_0002_00011;11;;Rue de l’Ancien Four;34570;34179;Murviel-lès-Montpellier;;;3.73415;43.603602
34179_0153_00150;150;;Chemin des Ifs;34570;34179;Murviel-lès-Montpellier;;;3.742097;43.603178
34179_mfitxi_00999;999;;Route de Saint Paul;34570;34179;Murviel-lès-Montpellier;;;3.721541;43.609757
34179_0141_00008;8;;Clos Philibert Commerson;34570;34179;Murviel-lès-Montpellier;;;3.732392;43.602411
34179_0071_00012;12;;Rue des Remparts;34570;34179;Murviel-lès-Montpellier;;;3.736856;43.604551
34179_0101_00174;174;;Rue Joseph de la Martiniere;34570;34179;Murviel-lès-Montpellier;;;3.733559;43.602287
34179_0065_00005;5;;Rue des Porches;34570;34179;Murviel-lès-Montpellier;;;3.737166;43.604061
34179_0065_00004;4;;Rue des Porches;34570;34179;Murviel-lès-Montpellier;;;3.737193;43.604133
34179_0146_00010;10;;Clos de la Fauvette;34570;34179;Murviel-lès-Montpellier;;;3.74588;43.605317
34179_0144_00020;20;;Rue Angela Davis;34570;34179;Murviel-lès-Montpellier;;;3.745228;43.60504
34179_0059_00005;5;;Rue Pavée;34570;34179;Murviel-lès-Montpellier;;;3.736103;43.604065
34179_0149_00031;31;;Clos des Myrtes;34570;34179;Murviel-lès-Montpellier;;;3.746877;43.605691
34179_9rgfh2_00006;6;;Rue Lucie et Raymond Aubrac;34570;34179;Murviel-lès-Montpellier;;;3.735554;43.604239
34179_0151_00084;84;;Rue Louise Michel;34570;34179;Murviel-lès-Montpellier;;;3.743549;43.603793
34179_0063_00017;17;;Route des Platanes;34570;34179;Murviel-lès-Montpellier;;;3.733194;43.606044
34179_0005_00004;4;;Route de Bel Air;34570;34179;Murviel-lès-Montpellier;;;3.736473;43.605886
34179_0002_00014;14;;Rue de l’Ancien Four;34570;34179;Murviel-lès-Montpellier;;;3.733722;43.603714
34179_0136_00008;8;;Rue de l’Astrolabe;34570;34179;Murviel-lès-Montpellier;;;3.732256;43.603736
34179_0002_01033_f;1033;f;Rue de l’Ancien Four;34570;34179;Murviel-lès-Montpellier;;;3.733255;43.603905
34179_0100_00019;19;;Avenue de la Rouvière Longue;34570;34179;Murviel-lès-Montpellier;;;3.733713;43.60092
34179_la1xgh_00004;4;;Clos de l'Étoile;34570;34179;Murviel-lès-Montpellier;;;3.730437;43.602069
34179_0013_00280;280;;Avenue du Clapas;34570;34179;Murviel-lès-Montpellier;;;3.74062;43.606696
34179_0079_00130;130;;Rue Agnès Varda;34570;34179;Murviel-lès-Montpellier;;;3.744274;43.605348
34179_0087_00006;6;;Clos des Arbousiers;34570;34179;Murviel-lès-Montpellier;;;3.733377;43.600614
34179_0150_00003;3;;Rue de la Source;34570;34179;Murviel-lès-Montpellier;;;3.732516;43.606283
34179_a011_00001;1;;Lotissement les Carignans;34570;34179;Murviel-lès-Montpellier;;;3.741008;43.603939
34179_0059_00003;3;;Rue Pavée;34570;34179;Murviel-lès-Montpellier;;;3.736074;43.604228
34179_a4rpbo_00083;83;;Rue des Oliviers;34570;34179;Murviel-lès-Montpellier;;;3.734319;43.606691
34179_a080_00008;8;;Lotissement le Panama;34570;34179;Murviel-lès-Montpellier;;;3.740067;43.603779
34179_0144_00010;10;;Rue Angela Davis;34570;34179;Murviel-lès-Montpellier;;;3.745259;43.605114
34179_a012_00003;3;;Lotissement des Écoles;34570;34179;Murviel-lès-Montpellier;;;3.73501;43.604496
34179_0101_00019;19;;Rue Joseph de la Martiniere;34570;34179;Murviel-lès-Montpellier;;;3.734967;43.60143
34179_0045_00006;6;;Rue de l’Ancienne Mairie;34570;34179;Murviel-lès-Montpellier;;;3.737012;43.604759
34179_0100_00181;181;;Avenue de la Rouvière Longue;34570;34179;Murviel-lès-Montpellier;;;3.732092;43.601661
34179_0063_00012_b;12;b;Route des Platanes;34570;34179;Murviel-lès-Montpellier;;;3.734892;43.6058
34179_0071_00002;2;;Rue des Remparts;34570;34179;Murviel-lès-Montpellier;;;3.737273;43.604337
34179_0139_00065;65;;Clos des Genets;34570;34179;Murviel-lès-Montpellier;;;3.734447;43.602278
34179_a013_00007;7;;Lotissement le Stade;34570;34179;Murviel-lès-Montpellier;;;3.744685;43.606161
34179_0153_00108;108;;Chemin des Ifs;34570;34179;Murviel-lès-Montpellier;;;3.741578;43.603371
34179_a085_00004;4;;Lotissement les Clapissous;34570;34179;Murviel-lès-Montpellier;;;3.733579;43.604595
34179_0136_00090;90;;Rue de l’Astrolabe;34570;34179;Murviel-lès-Montpellier;;;3.731256;43.604004
34179_fija11_00005;5;;Zone Artisanale les Ifs;34570;34179;Murviel-lès-Montpellier;;;3.743867;43.598819
34179_a011_00007;7;;Lotissement les Carignans;34570;34179;Murviel-lès-Montpellier;;;3.740734;43.603276
34179_0079_00090;90;;Rue Agnès Varda;34570;34179;Murviel-lès-Montpellier;;;3.744168;43.605034
34179_0008_00006;6;;Chemin de Carnette;34570;34179;Murviel-lès-Montpellier;;;3.737225;43.603282
34179_0015_00174;174;;Rue de la Clairette;34570;34179;Murviel-lès-Montpellier;;;3.739714;43.606566
34179_0010_00011;11;;Route de Montpellier;34570;34179;Murviel-lès-Montpellier;;;3.738811;43.604807
34179_0002_00017;17;;Rue de l’Ancien Four;34570;34179;Murviel-lès-Montpellier;;;3.73383;43.603689
34179_0078_00009;9;;Rue de la Triane;34570;34179;Murviel-lès-Montpellier;;;3.73657;43.604789
34179_0078_00002;2;;Rue de la Triane;34570;34179;Murviel-lès-Montpellier;;;3.736608;43.604348
34179_0078_00001;1;;Rue de la Triane;34570;34179;Murviel-lès-Montpellier;;;3.736512;43.60416
34179_0027_00087;87;;Clos du Figuier;34570;34179;Murviel-lès-Montpellier;;;3.730772;43.6032
34179_a009_00003;3;;Lotissement les Amandiers;34570;34179;Murviel-lès-Montpellier;;;3.741278;43.609287
34179_0081_00001;1;;Place de la Vierge;34570;34179;Murviel-lès-Montpellier;;;3.736806;43.604471
34179_0087_00004;4;;Clos des Arbousiers;34570;34179;Murviel-lès-Montpellier;;;3.733087;43.600735
34179_0079_00063;63;;Rue Agnès Varda;34570;34179;Murviel-lès-Montpellier;;;3.743981;43.604775
34179_0079_00165;165;;Rue Agnès Varda;34570;34179;Murviel-lès-Montpellier;;;3.744277;43.60566
34179_0067_00002;2;;Rue du Portail Neuf;34570;34179;Murviel-lès-Montpellier;;;3.736332;43.604006
34179_0002_00021_bis;21;bis;Rue de l’Ancien Four;34570;34179;Murviel-lès-Montpellier;;;3.733378;43.603801
34179_0020_00003;3;;Rue de la Terrasse;34570;34179;Murviel-lès-Montpellier;;;3.737614;43.604017
34179_0063_00027;27;;Route des Platanes;34570;34179;Murviel-lès-Montpellier;;;3.732906;43.606627
34179_0026_00009;9;;Rue de l’Eglise;34570;34179;Murviel-lès-Montpellier;;;3.737216;43.604218
34179_0002_00023;23;;Rue de l’Ancien Four;34570;34179;Murviel-lès-Montpellier;;;3.732907;43.603824
34179_a080_00007;7;;Lotissement le Panama;34570;34179;Murviel-lès-Montpellier;;;3.74003;43.60364
34179_0144_00076;76;;Rue Angela Davis;34570;34179;Murviel-lès-Montpellier;;;3.745506;43.60471
34179_0045_00008;8;;Rue de l’Ancienne Mairie;34570;34179;Murviel-lès-Montpellier;;;3.736854;43.60488
34179_0083_00107;107;;chemin du réservoir;34570;34179;Murviel-lès-Montpellier;;;3.731767;43.604285
34179_rfkmc4_00001;1;;Residence des Chenes;34570;34179;Murviel-lès-Montpellier;;;3.735436;43.601043
34179_0087_00005;5;;Clos des Arbousiers;34570;34179;Murviel-lès-Montpellier;;;3.733202;43.600689
34179_0137_00004;4;;Clos des Cystes;34570;34179;Murviel-lès-Montpellier;;;3.732237;43.601204
34179_intxm3_01600;1600;;Chemin de Cathala;34570;34179;Murviel-lès-Montpellier;;;3.761027;43.613791
34179_0011_00071;71;;Avenue du Champ des Moulins;34570;34179;Murviel-lès-Montpellier;;;3.739652;43.608769
34179_0136_00225;225;;Rue de l’Astrolabe;34570;34179;Murviel-lès-Montpellier;;;3.731545;43.603314
34179_0011_00730;730;;Avenue du Champ des Moulins;34570;34179;Murviel-lès-Montpellier;;;3.745946;43.60611
34179_o01d7j_00069;69;;Chemin du Mas de Grasset;34570;34179;Murviel-lès-Montpellier;;;3.754764;43.613648
34179_0079_00160;160;;Rue Agnès Varda;34570;34179;Murviel-lès-Montpellier;;;3.744405;43.605603
34179_aynv2d_00198;198;;Impasse de la Rompude;34570;34179;Murviel-lès-Montpellier;;;3.74057;43.609473
34179_a4rpbo_00057;57;;Rue des Oliviers;34570;34179;Murviel-lès-Montpellier;;;3.734611;43.606783
34179_0020_00019;19;;Rue de la Terrasse;34570;34179;Murviel-lès-Montpellier;;;3.73657;43.603739
34179_0071_00006;6;;Rue des Remparts;34570;34179;Murviel-lès-Montpellier;;;3.737087;43.604479
34179_a085_00006;6;;Lotissement les Clapissous;34570;34179;Murviel-lès-Montpellier;;;3.733827;43.604438
34179_0063_00005;5;;Route des Platanes;34570;34179;Murviel-lès-Montpellier;;;3.736491;43.604838
34179_0018_00005;5;;Place Clement Becat;34570;34179;Murviel-lès-Montpellier;;;3.736576;43.603987
34179_0151_00107;107;;Rue Louise Michel;34570;34179;Murviel-lès-Montpellier;;;3.7438;43.6039
34179_0003_00009;9;;Rue de l’Ancienne Forge;34570;34179;Murviel-lès-Montpellier;;;3.735891;43.603828
34179_0011_00294;294;;Avenue du Champ des Moulins;34570;34179;Murviel-lès-Montpellier;;;3.741753;43.607246
34179_0011_00494;494;;Avenue du Champ des Moulins;34570;34179;Murviel-lès-Montpellier;;;3.743807;43.60708
34179_a081_00011;11;;Lotissement le Clos des Pins;34570;34179;Murviel-lès-Montpellier;;;3.739022;43.603122
34179_0022_00013;13;;Place Gilbert Senes;34570;34179;Murviel-lès-Montpellier;;;3.735558;43.605851
34179_0003_00002;2;;Rue de l’Ancienne Forge;34570;34179;Murviel-lès-Montpellier;;;3.736372;43.603868
34179_a081_00009;9;;Lotissement le Clos des Pins;34570;34179;Murviel-lès-Montpellier;;;3.739149;43.603202
34179_0100_00113;113;;Avenue de la Rouvière Longue;34570;34179;Murviel-lès-Montpellier;;;3.732758;43.601302
34179_0153_00121;121;;Chemin des Ifs;34570;34179;Murviel-lès-Montpellier;;;3.741815;43.603392
34179_a013_00003;3;;Lotissement le Stade;34570;34179;Murviel-lès-Montpellier;;;3.744919;43.606339
34179_0136_00224;224;;Rue de l’Astrolabe;34570;34179;Murviel-lès-Montpellier;;;3.731578;43.603077
34179_0052_00006;6;;Rue des Lavoirs;34570;34179;Murviel-lès-Montpellier;;;3.737423;43.605625
34179_0017_00023_bis;23;bis;Rue des Clauzes;34570;34179;Murviel-lès-Montpellier;;;3.743447;43.604617
34179_0002_00095;95;;Rue de l’Ancien Four;34570;34179;Murviel-lès-Montpellier;;;3.73318;43.603833
34179_0130_00001;1;;Clos des Genevriers;34570;34179;Murviel-lès-Montpellier;;;3.731413;43.601841
34179_0144_00048;48;;Rue Angela Davis;34570;34179;Murviel-lès-Montpellier;;;3.744842;43.604836
34179_0063_00012;12;;Route des Platanes;34570;34179;Murviel-lès-Montpellier;;;3.734686;43.605767
34179_0033_00097;97;;Avenue des Jardins;34570;34179;Murviel-lès-Montpellier;;;3.738802;43.605618
34179_a081_00002;2;;Lotissement le Clos des Pins;34570;34179;Murviel-lès-Montpellier;;;3.738274;43.603037
34179_0011_00259;259;;Avenue du Champ des Moulins;34570;34179;Murviel-lès-Montpellier;;;3.741302;43.607784
34179_0134_00001;1;;Clos des Euphorbes;34570;34179;Murviel-lès-Montpellier;;;3.73312;43.602427
34179_0082_00008;8;;Rue de la Vierge;34570;34179;Murviel-lès-Montpellier;;;3.736153;43.604353
34179_0002_00240;240;;Rue de l’Ancien Four;34570;34179;Murviel-lès-Montpellier;;;3.732803;43.60436
34179_0100_00077;77;;Avenue de la Rouvière Longue;34570;34179;Murviel-lès-Montpellier;;;3.733079;43.601206
34179_9rgfh2_00005;5;;Rue Lucie et Raymond Aubrac;34570;34179;Murviel-lès-Montpellier;;;3.73573;43.604237
34179_0018_00006;6;;Place Clement Becat;34570;34179;Murviel-lès-Montpellier;;;3.736742;43.603905
34179_a080_00003;3;;Lotissement le Panama;34570;34179;Murviel-lès-Montpellier;;;3.739877;43.603115
34179_0079_00120;120;;Rue Agnès Varda;34570;34179;Murviel-lès-Montpellier;;;3.744249;43.605249
34179_a080_00002;2;;Lotissement le Panama;34570;34179;Murviel-lès-Montpellier;;;3.73973;43.603116
34179_0079_00105;105;;Rue Agnès Varda;34570;34179;Murviel-lès-Montpellier;;;3.74406;43.605165
34179_0136_00050;50;;Rue de l’Astrolabe;34570;34179;Murviel-lès-Montpellier;;;3.731758;43.603935
34179_2g1ee7_01557;1557;;Route de Saint Georges;34570;34179;Murviel-lès-Montpellier;;;3.763924;43.608425
34179_0101_00178;178;;Rue Joseph de la Martiniere;34570;34179;Murviel-lès-Montpellier;;;3.733574;43.602334
34179_0005_00017;17;;Route de Bel Air;34570;34179;Murviel-lès-Montpellier;;;3.737618;43.60826
34179_0048_00001_bis;1;bis;Rue du Merle;34570;34179;Murviel-lès-Montpellier;;;3.735916;43.603616
34179_la1xgh_00001;1;;Clos de l'Étoile;34570;34179;Murviel-lès-Montpellier;;;3.730074;43.602392
34179_0005_00008;8;;Route de Bel Air;34570;34179;Murviel-lès-Montpellier;;;3.737201;43.607069
34179_0013_00317;317;;Avenue du Clapas;34570;34179;Murviel-lès-Montpellier;;;3.74109;43.60658
34179_0144_00062;62;;Rue Angela Davis;34570;34179;Murviel-lès-Montpellier;;;3.74533;43.604743
34179_a011_00005;5;;Lotissement les Carignans;34570;34179;Murviel-lès-Montpellier;;;3.740533;43.60351
34179_0006_00175;175;;Rue Louise Bourgeois;34570;34179;Murviel-lès-Montpellier;;;3.746489;43.605089
34179_0079_00020;20;;Rue Agnès Varda;34570;34179;Murviel-lès-Montpellier;;;3.744338;43.604588
34179_0149_00020;20;;Clos des Myrtes;34570;34179;Murviel-lès-Montpellier;;;3.746715;43.605577
34179_0010_00013;13;;Route de Montpellier;34570;34179;Murviel-lès-Montpellier;;;3.739781;43.604453
34179_0139_00057;57;;Clos des Genets;34570;34179;Murviel-lès-Montpellier;;;3.734264;43.602168
34179_0101_00114;114;;Rue Joseph de la Martiniere;34570;34179;Murviel-lès-Montpellier;;;3.733875;43.601832
34179_0015_00107;107;;Rue de la Clairette;34570;34179;Murviel-lès-Montpellier;;;3.738684;43.606407
34179_0020_00002;2;;Rue de la Terrasse;34570;34179;Murviel-lès-Montpellier;;;3.737522;43.604096
34179_0140_00030;30;;Rue Pierre Richer de Belleval;34570;34179;Murviel-lès-Montpellier;;;3.735779;43.602362
34179_0141_00004;4;;Clos Philibert Commerson;34570;34179;Murviel-lès-Montpellier;;;3.732111;43.602946
34179_0033_00285;285;;Avenue des Jardins;34570;34179;Murviel-lès-Montpellier;;;3.740911;43.604726
34179_0068_00038;38;;Chemin des Reaux;34570;34179;Murviel-lès-Montpellier;;;3.741049;43.608692
34179_0063_00019;19;;Route des Platanes;34570;34179;Murviel-lès-Montpellier;;;3.734218;43.605948
34179_0139_00075;75;;Clos des Genets;34570;34179;Murviel-lès-Montpellier;;;3.73452;43.602447
34179_zlfy5w_00002;2;;Les Angles;34570;34179;Murviel-lès-Montpellier;;;3.765826;43.609388
34179_0033_00375;375;;Avenue des Jardins;34570;34179;Murviel-lès-Montpellier;;;3.741739;43.604352
34179_0141_00013;13;;Clos Philibert Commerson;34570;34179;Murviel-lès-Montpellier;;;3.732564;43.603201
34179_0033_00035;35;;Avenue des Jardins;34570;34179;Murviel-lès-Montpellier;;;3.738108;43.605872
34179_0071_00003;3;;Rue des Remparts;34570;34179;Murviel-lès-Montpellier;;;3.737154;43.604365
34179_0100_00106;106;;Avenue de la Rouvière Longue;34570;34179;Murviel-lès-Montpellier;;;3.732906;43.601541
34179_0018_00004;4;;Place Clement Becat;34570;34179;Murviel-lès-Montpellier;;;3.736671;43.603851
34179_a011_00006;6;;Lotissement les Carignans;34570;34179;Murviel-lès-Montpellier;;;3.740502;43.603259
34179_0153_00075;75;;Chemin des Ifs;34570;34179;Murviel-lès-Montpellier;;;3.74143;43.603575
34179_a081_00019;19;;Lotissement le Clos des Pins;34570;34179;Murviel-lès-Montpellier;;;3.738423;43.602931
34179_0144_00068;68;;Rue Angela Davis;34570;34179;Murviel-lès-Montpellier;;;3.74541;43.604733
34179_0151_00051;51;;Rue Louise Michel;34570;34179;Murviel-lès-Montpellier;;;3.74321;43.6039
34179_0026_00009_bis;9;bis;Rue de l’Eglise;34570;34179;Murviel-lès-Montpellier;;;3.737146;43.604192
34179_a081_00004;4;;Lotissement le Clos des Pins;34570;34179;Murviel-lès-Montpellier;;;3.738476;43.603286
34179_a080_00004;4;;Lotissement le Panama;34570;34179;Murviel-lès-Montpellier;;;3.739984;43.603174
34179_0013_00346;346;;Avenue du Clapas;34570;34179;Murviel-lès-Montpellier;;;3.741709;43.606339
34179_0051_00006;6;;Rue des Muriers;34570;34179;Murviel-lès-Montpellier;;;3.736277;43.603669
34179_0063_00017_bis;17;bis;Route des Platanes;34570;34179;Murviel-lès-Montpellier;;;3.733793;43.606205
34179_0141_00007;7;;Clos Philibert Commerson;34570;34179;Murviel-lès-Montpellier;;;3.732303;43.602522
34179_0006_00150;150;;Rue Louise Bourgeois;34570;34179;Murviel-lès-Montpellier;;;3.746096;43.605073
34179_0148_00005;5;;Clos des Proserpine;34570;34179;Murviel-lès-Montpellier;;;3.744774;43.605245
34179_0045_00004;4;;Rue de l’Ancienne Mairie;34570;34179;Murviel-lès-Montpellier;;;3.737365;43.604567
34179_wi0fdk_00002;2;;Plan de la Boussole;34570;34179;Murviel-lès-Montpellier;;;3.731406;43.602538
34179_0019_00001;1;;Rue Coppa-camba;34570;34179;Murviel-lès-Montpellier;;;3.737456;43.604147
34179_a082_00005;5;;Lotissement Lou Perdigal;34570;34179;Murviel-lès-Montpellier;;;3.743798;43.60552
34179_0140_00045;45;;Rue Pierre Richer de Belleval;34570;34179;Murviel-lès-Montpellier;;;3.735763;43.602182
34179_0017_00023;23;;Rue des Clauzes;34570;34179;Murviel-lès-Montpellier;;;3.74342;43.604466
34179_0022_00005;5;;Place Gilbert Senes;34570;34179;Murviel-lès-Montpellier;;;3.735788;43.605643
34179_0019_00003;3;;Rue Coppa-camba;34570;34179;Murviel-lès-Montpellier;;;3.737384;43.604111
34179_0150_00013;13;;Rue de la Source;34570;34179;Murviel-lès-Montpellier;;;3.73025;43.606938
34179_a019_00008;8;;Lotissement les Clauzes;34570;34179;Murviel-lès-Montpellier;;;3.742771;43.606051
34179_a005_00005;5;;Lotissement l'Adret;34570;34179;Murviel-lès-Montpellier;;;3.738063;43.607163
34179_0146_00035;35;;Clos de la Fauvette;34570;34179;Murviel-lès-Montpellier;;;3.745818;43.605528
34179_a081_00003;3;;Lotissement le Clos des Pins;34570;34179;Murviel-lès-Montpellier;;;3.738355;43.603222
34179_0141_00005;5;;Clos Philibert Commerson;34570;34179;Murviel-lès-Montpellier;;;3.732111;43.602809
34179_a081_00013;13;;Lotissement le Clos des Pins;34570;34179;Murviel-lès-Montpellier;;;3.738872;43.602741
34179_0141_00006;6;;Clos Philibert Commerson;34570;34179;Murviel-lès-Montpellier;;;3.73219;43.60267
34179_0022_00007;7;;Place Gilbert Senes;34570;34179;Murviel-lès-Montpellier;;;3.735725;43.605569
34179_a012_00002;2;;Lotissement des Écoles;34570;34179;Murviel-lès-Montpellier;;;3.734805;43.604427
34179_0151_00104;104;;Rue Louise Michel;34570;34179;Murviel-lès-Montpellier;;;3.743797;43.603801
34179_0153_00120;120;;Chemin des Ifs;34570;34179;Murviel-lès-Montpellier;;;3.741517;43.603082
34179_0022_00004;4;;Place Gilbert Senes;34570;34179;Murviel-lès-Montpellier;;;3.73584;43.605679
34179_0141_00010;10;;Clos Philibert Commerson;34570;34179;Murviel-lès-Montpellier;;;3.732334;43.602863
34179_a018_00008;8;;Lotissement les Capitelles;34570;34179;Murviel-lès-Montpellier;;;3.741473;43.605021
34179_0051_00001;1;;Rue des Muriers;34570;34179;Murviel-lès-Montpellier;;;3.736564;43.603606
34179_0130_00006;6;;Clos des Genevriers;34570;34179;Murviel-lès-Montpellier;;;3.731301;43.601577
34179_la1xgh_00002;2;;Clos de l'Étoile;34570;34179;Murviel-lès-Montpellier;;;3.730165;43.602332
34179_rfkmc4_00006;6;;Residence des Chenes;34570;34179;Murviel-lès-Montpellier;;;3.735589;43.601573
34179_0051_00005;5;;Rue des Muriers;34570;34179;Murviel-lès-Montpellier;;;3.736271;43.603648
34179_0021_01401;1401;;Route de Cournonterral;34570;34179;Murviel-lès-Montpellier;;;3.726139;43.598271
34179_aynv2d_00158;158;;Impasse de la Rompude;34570;34179;Murviel-lès-Montpellier;;;3.740166;43.609389
34179_0011_00492;492;;Avenue du Champ des Moulins;34570;34179;Murviel-lès-Montpellier;;;3.743764;43.606869
34179_0136_00140;140;;Rue de l’Astrolabe;34570;34179;Murviel-lès-Montpellier;;;3.730786;43.603816
34179_0151_00067;67;;Rue Louise Michel;34570;34179;Murviel-lès-Montpellier;;;3.743435;43.60388
34179_0079_00055;55;;Rue Agnès Varda;34570;34179;Murviel-lès-Montpellier;;;3.743984;43.604691
34179_rfkmc4_00002;2;;Residence des Chenes;34570;34179;Murviel-lès-Montpellier;;;3.735378;43.601115
34179_0008_00012;12;;Chemin de Carnette;34570;34179;Murviel-lès-Montpellier;;;3.737928;43.602805
34179_0147_00015;15;;Clos Magicienne Dentelée;34570;34179;Murviel-lès-Montpellier;;;3.744901;43.605565
34179_0101_00069;69;;Rue Joseph de la Martiniere;34570;34179;Murviel-lès-Montpellier;;;3.734237;43.601528
34179_19b53c_00003;3;;Lotissement Les terrasses du Panama;34570;34179;Murviel-lès-Montpellier;;;3.7399;43.602867
34179_0008_00004_bis;4;bis;Chemin de Carnette;34570;34179;Murviel-lès-Montpellier;;;3.737071;43.603384
34179_0004_00135;135;;Rue Florence Arthaud;34570;34179;Murviel-lès-Montpellier;;;3.746368;43.605454
34179_0101_00050;50;;Rue Joseph de la Martiniere;34570;34179;Murviel-lès-Montpellier;;;3.734591;43.601558
34179_a085_00002;2;;Lotissement les Clapissous;34570;34179;Murviel-lès-Montpellier;;;3.733474;43.604471
34179_b038_00530;530;;Mas d’Alaux;34570;34179;Murviel-lès-Montpellier;;;3.7258;43.607879
34179_wi0fdk_00003;3;;Plan de la Boussole;34570;34179;Murviel-lès-Montpellier;;;3.731406;43.602538
34179_hgczwz_00750;750;;Chemin de Valcroze;34570;34179;Murviel-lès-Montpellier;;;3.71868;43.603578
34179_0063_00013;13;;Route des Platanes;34570;34179;Murviel-lès-Montpellier;;;3.734653;43.605143
34179_0033_00223;223;;Avenue des Jardins;34570;34179;Murviel-lès-Montpellier;;;3.740083;43.605075
34179_0101_00218;218;;Rue Joseph de la Martiniere;34570;34179;Murviel-lès-Montpellier;;;3.732257;43.602112
34179_0078_00007;7;;Rue de la Triane;34570;34179;Murviel-lès-Montpellier;;;3.736499;43.604553
34179_0063_00004;4;;Route des Platanes;34570;34179;Murviel-lès-Montpellier;;;3.735777;43.605099
34179_0151_00077;77;;Rue Louise Michel;34570;34179;Murviel-lès-Montpellier;;;3.743521;43.603884
34179_0136_00218;218;;Rue de l’Astrolabe;34570;34179;Murviel-lès-Montpellier;;;3.731549;43.603132
34179_a011_00003;3;;Lotissement les Carignans;34570;34179;Murviel-lès-Montpellier;;;3.7406;43.60378
34179_0087_00002;2;;Clos des Arbousiers;34570;34179;Murviel-lès-Montpellier;;;3.73274;43.600869
34179_0027_00095;95;;Clos du Figuier;34570;34179;Murviel-lès-Montpellier;;;3.730702;43.603303
34179_a080_00006;6;;Lotissement le Panama;34570;34179;Murviel-lès-Montpellier;;;3.740047;43.603444
34179_0011_00003;3;;Avenue du Champ des Moulins;34570;34179;Murviel-lès-Montpellier;;;3.738927;43.608777
34179_0139_00079;79;;Clos des Genets;34570;34179;Murviel-lès-Montpellier;;;3.734329;43.602355
34179_0011_00699;699;;Avenue du Champ des Moulins;34570;34179;Murviel-lès-Montpellier;;;3.74532;43.606351
34179_0005_00007;7;;Route de Bel Air;34570;34179;Murviel-lès-Montpellier;;;3.73659;43.607045
34179_0153_00090;90;;Chemin des Ifs;34570;34179;Murviel-lès-Montpellier;;;3.741388;43.603387
34179_0013_00318;318;;Avenue du Clapas;34570;34179;Murviel-lès-Montpellier;;;3.741136;43.606702
34179_0063_00015;15;;Route des Platanes;34570;34179;Murviel-lès-Montpellier;;;3.734359;43.605458
34179_a019_00006;6;;Lotissement les Clauzes;34570;34179;Murviel-lès-Montpellier;;;3.742932;43.606082
34179_a019_00005;5;;Lotissement les Clauzes;34570;34179;Murviel-lès-Montpellier;;;3.742752;43.606179
34179_a081_00017;17;;Lotissement le Clos des Pins;34570;34179;Murviel-lès-Montpellier;;;3.738575;43.602735
34179_0026_00019;19;;Rue de l’Eglise;34570;34179;Murviel-lès-Montpellier;;;3.736777;43.603971
34179_0063_00012_d;12;d;Route des Platanes;34570;34179;Murviel-lès-Montpellier;;;3.734649;43.605842
34179_0140_00007;7;;Rue Pierre Richer de Belleval;34570;34179;Murviel-lès-Montpellier;;;3.735725;43.602973
34179_9rgfh2_00001;1;;Rue Lucie et Raymond Aubrac;34570;34179;Murviel-lès-Montpellier;;;3.735443;43.604678
34179_0026_00015;15;;Rue de l’Eglise;34570;34179;Murviel-lès-Montpellier;;;3.736941;43.604042
34179_0006_00110;110;;Rue Louise Bourgeois;34570;34179;Murviel-lès-Montpellier;;;3.745634;43.605162
34179_0006_00180;180;;Rue Louise Bourgeois;34570;34179;Murviel-lès-Montpellier;;;3.746484;43.604949
34179_aynv2d_00023;23;;Impasse de la Rompude;34570;34179;Murviel-lès-Montpellier;;;3.738812;43.609008
34179_0017_00186;186;;Rue des Clauzes;34570;34179;Murviel-lès-Montpellier;;;3.743125;43.605836
34179_0006_00140;140;;Rue Louise Bourgeois;34570;34179;Murviel-lès-Montpellier;;;3.745957;43.60508
34179_0005_00008_ter;8;ter;Route de Bel Air;34570;34179;Murviel-lès-Montpellier;;;3.737982;43.606909
34179_0101_00121;121;;Rue Joseph de la Martiniere;34570;34179;Murviel-lès-Montpellier;;;3.733693;43.601779
34179_0028_00090;90;;Rue des Horts;34570;34179;Murviel-lès-Montpellier;;;3.740586;43.605773
34179_0101_00129;129;;Rue Joseph de la Martiniere;34570;34179;Murviel-lès-Montpellier;;;3.733576;43.601824
34179_0078_00003;3;;Rue de la Triane;34570;34179;Murviel-lès-Montpellier;;;3.736476;43.604238
34179_0013_00322;322;;Avenue du Clapas;34570;34179;Murviel-lès-Montpellier;;;3.741333;43.606618
34179_a019_00007;7;;Lotissement les Clauzes;34570;34179;Murviel-lès-Montpellier;;;3.742874;43.606009
34179_0005_00020;20;;Route de Bel Air;34570;34179;Murviel-lès-Montpellier;;;3.737889;43.608243
34179_0005_00026;26;;Route de Bel Air;34570;34179;Murviel-lès-Montpellier;;;3.73884;43.60955
34179_0020_00006;6;;Rue de la Terrasse;34570;34179;Murviel-lès-Montpellier;;;3.737256;43.603946
34179_0026_00007;7;;Rue de l’Eglise;34570;34179;Murviel-lès-Montpellier;;;3.737268;43.604245
34179_0002_00002;2;;Rue de l’Ancien Four;34570;34179;Murviel-lès-Montpellier;;;3.733393;43.60446
34179_0052_00008;8;;Rue des Lavoirs;34570;34179;Murviel-lès-Montpellier;;;3.737531;43.605717
34179_0046_00008;8;;Place du Mas de Garenc;34570;34179;Murviel-lès-Montpellier;;;3.738399;43.608716
34179_0065_00010;10;;Rue des Porches;34570;34179;Murviel-lès-Montpellier;;;3.737037;43.604374
34179_rfkmc4_00003;3;;Residence des Chenes;34570;34179;Murviel-lès-Montpellier;;;3.735402;43.6012
34179_a011_00008;8;;Lotissement les Carignans;34570;34179;Murviel-lès-Montpellier;;;3.740685;43.603443
34179_0079_00170;170;;Rue Agnès Varda;34570;34179;Murviel-lès-Montpellier;;;3.744458;43.605707
34179_a080_00005;5;;Lotissement le Panama;34570;34179;Murviel-lès-Montpellier;;;3.740067;43.603353
34179_0139_00025;25;;Clos des Genets;34570;34179;Murviel-lès-Montpellier;;;3.734287;43.601954
34179_0144_00120;120;;Rue Angela Davis;34570;34179;Murviel-lès-Montpellier;;;3.746;43.604558
34179_0141_00011;11;;Clos Philibert Commerson;34570;34179;Murviel-lès-Montpellier;;;3.732401;43.602996
34179_0067_00004;4;;Rue du Portail Neuf;34570;34179;Murviel-lès-Montpellier;;;3.73622;43.604028
34179_0063_00009;9;;Route des Platanes;34570;34179;Murviel-lès-Montpellier;;;3.736019;43.604976
34179_0149_00009;9;;Clos des Myrtes;34570;34179;Murviel-lès-Montpellier;;;3.746621;43.605736
34179_0011_00500;500;;Avenue du Champ des Moulins;34570;34179;Murviel-lès-Montpellier;;;3.743833;43.606691
34179_0005_00011;11;;Route de Bel Air;34570;34179;Murviel-lès-Montpellier;;;3.737128;43.607996
34179_0002_00013;13;;Rue de l’Ancien Four;34570;34179;Murviel-lès-Montpellier;;;3.734034;43.603512
34179_0136_00118;118;;Rue de l’Astrolabe;34570;34179;Murviel-lès-Montpellier;;;3.730943;43.603902
34179_0005_02740;2740;;Route de Bel Air;34570;34179;Murviel-lès-Montpellier;;;3.738804;43.625854
34179_0130_00005;5;;Clos des Genevriers;34570;34179;Murviel-lès-Montpellier;;;3.731165;43.60162
34179_uz1dzo_00010;10;;Impasse de l’Ancienne Forge;34570;34179;Murviel-lès-Montpellier;;;3.736038;43.603817
34179_8ijv48_00070;70;;Chemin du trou de Martin;34570;34179;Murviel-lès-Montpellier;;;3.745491;43.603498
34179_rfkmc4_00004;4;;Residence des Chenes;34570;34179;Murviel-lès-Montpellier;;;3.735464;43.601326
34179_a011_00004;4;;Lotissement les Carignans;34570;34179;Murviel-lès-Montpellier;;;3.740549;43.603613
34179_0011_00367;367;;Avenue du Champ des Moulins;34570;34179;Murviel-lès-Montpellier;;;3.742236;43.607158
34179_a085_00001;1;;Lotissement les Clapissous;34570;34179;Murviel-lès-Montpellier;;;3.73349;43.604257
34179_0137_00002;2;;Clos des Cystes;34570;34179;Murviel-lès-Montpellier;;;3.731852;43.601284
34179_wi0fdk_00004;4;;Plan de la Boussole;34570;34179;Murviel-lès-Montpellier;;;3.731406;43.602538
34179_18oohf_00001;1;;Chemin de la Dourque;34570;34179;Murviel-lès-Montpellier;;;3.730346;43.601945
34179_0020_00001;1;;Rue de la Terrasse;34570;34179;Murviel-lès-Montpellier;;;3.737612;43.604091
34179_0140_00016;16;;Rue Pierre Richer de Belleval;34570;34179;Murviel-lès-Montpellier;;;3.735551;43.602222
34179_a019_00001;1;;Lotissement les Clauzes;34570;34179;Murviel-lès-Montpellier;;;3.742113;43.606383
34179_0150_00001;1;;Rue de la Source;34570;34179;Murviel-lès-Montpellier;;;3.732471;43.606669
34179_a011_00002;2;;Lotissement les Carignans;34570;34179;Murviel-lès-Montpellier;;;3.740949;43.604053
34179_0149_00030;30;;Clos des Myrtes;34570;34179;Murviel-lès-Montpellier;;;3.746813;43.605539
34179_a081_00012;12;;Lotissement le Clos des Pins;34570;34179;Murviel-lès-Montpellier;;;3.738938;43.602891
34179_0010_00019;19;;Route de Montpellier;34570;34179;Murviel-lès-Montpellier;;;3.747612;43.604347
34179_a081_00007;7;;Lotissement le Clos des Pins;34570;34179;Murviel-lès-Montpellier;;;3.738859;43.603262
34179_0153_00130;130;;Chemin des Ifs;34570;34179;Murviel-lès-Montpellier;;;3.741891;43.603259
34179_wi0fdk_00005;5;;Plan de la Boussole;34570;34179;Murviel-lès-Montpellier;;;3.731406;43.602538
34179_intxm3_00787;787;;Chemin de Cathala;34570;34179;Murviel-lès-Montpellier;;;3.751164;43.612529
34179_0137_00003;3;;Clos des Cystes;34570;34179;Murviel-lès-Montpellier;;;3.732316;43.601059
34179_0013_00284;284;;Avenue du Clapas;34570;34179;Murviel-lès-Montpellier;;;3.740766;43.60668
34179_0148_00015;15;;Clos des Proserpine;34570;34179;Murviel-lès-Montpellier;;;3.744771;43.60518
34179_0004_00181;181;;Rue Florence Arthaud;34570;34179;Murviel-lès-Montpellier;;;3.746423;43.60584
34179_0153_00122;122;;Chemin des Ifs;34570;34179;Murviel-lès-Montpellier;;;3.741664;43.60298
34179_0002_00021;21;;Rue de l’Ancien Four;34570;34179;Murviel-lès-Montpellier;;;3.73318;43.603833
34179_0139_00055;55;;Clos des Genets;34570;34179;Murviel-lès-Montpellier;;;3.734369;43.60214
34179_0144_00075;75;;Rue Angela Davis;34570;34179;Murviel-lès-Montpellier;;;3.745503;43.604801
34179_0013_00024;24;;Avenue du Clapas;34570;34179;Murviel-lès-Montpellier;;;3.738681;43.608312
34179_0082_00005;5;;Rue de la Vierge;34570;34179;Murviel-lès-Montpellier;;;3.735907;43.604165
34179_0003_00007;7;;Rue de l’Ancienne Forge;34570;34179;Murviel-lès-Montpellier;;;3.735988;43.603902
34179_0005_00009_bis;9;bis;Route de Bel Air;34570;34179;Murviel-lès-Montpellier;;;3.736771;43.607763
34179_0083_00023;23;;chemin du réservoir;34570;34179;Murviel-lès-Montpellier;;;3.732761;43.604008
34179_0134_00003;3;;Clos des Euphorbes;34570;34179;Murviel-lès-Montpellier;;;3.733231;43.602645
34179_bxl24c_00001;1;;Route de Cournonterral;34570;34179;Murviel-lès-Montpellier;;;3.735519;43.601101
34179_0015_00184;184;;Rue de la Clairette;34570;34179;Murviel-lès-Montpellier;;;3.740038;43.606636
34179_0011_00700;700;;Avenue du Champ des Moulins;34570;34179;Murviel-lès-Montpellier;;;3.745326;43.605978
34179_0017_00022;22;;Rue des Clauzes;34570;34179;Murviel-lès-Montpellier;;;3.743182;43.604465
34179_0013_00361;361;;Avenue du Clapas;34570;34179;Murviel-lès-Montpellier;;;3.741668;43.606466
34179_a080_00012;12;;Lotissement le Panama;34570;34179;Murviel-lès-Montpellier;;;3.739838;43.603682
34179_0004_00115;115;;Rue Florence Arthaud;34570;34179;Murviel-lès-Montpellier;;;3.746278;43.605237
34179_0061_00790;790;;Route de Pignan;34570;34179;Murviel-lès-Montpellier;;;3.743486;43.598667
34179_0100_00165;165;;Avenue de la Rouvière Longue;34570;34179;Murviel-lès-Montpellier;;;3.732238;43.601572
34179_0078_00011;11;;Rue de la Triane;34570;34179;Murviel-lès-Montpellier;;;3.736593;43.604841
34179_0100_00241;241;;Avenue de la Rouvière Longue;34570;34179;Murviel-lès-Montpellier;;;3.731662;43.602114
34179_0046_00005;5;;Place du Mas de Garenc;34570;34179;Murviel-lès-Montpellier;;;3.738639;43.608691
34179_0149_00033;33;;Clos des Myrtes;34570;34179;Murviel-lès-Montpellier;;;3.746917;43.605628
34179_a081_00016;16;;Lotissement le Clos des Pins;34570;34179;Murviel-lès-Montpellier;;;3.738661;43.60263
34179_0153_00084;84;;Chemin des Ifs;34570;34179;Murviel-lès-Montpellier;;;3.741012;43.603111
34179_0153_00088;88;;Chemin des Ifs;34570;34179;Murviel-lès-Montpellier;;;3.741215;43.603287
34179_a018_00004;4;;Lotissement les Capitelles;34570;34179;Murviel-lès-Montpellier;;;3.741301;43.605355
34179_0136_00179;179;;Rue de l’Astrolabe;34570;34179;Murviel-lès-Montpellier;;;3.731495;43.60336
34179_0005_00018;18;;Route de Bel Air;34570;34179;Murviel-lès-Montpellier;;;3.737772;43.608095
34179_0067_00002_bis;2;bis;Rue du Portail Neuf;34570;34179;Murviel-lès-Montpellier;;;3.736252;43.604026
34179_0028_00052;52;;Rue des Horts;34570;34179;Murviel-lès-Montpellier;;;3.740661;43.605386
34179_0068_00168;168;;Chemin des Reaux;34570;34179;Murviel-lès-Montpellier;;;3.742698;43.608953
34179_0002_00005_f;5;f;Rue de l’Ancien Four;34570;34179;Murviel-lès-Montpellier;;;3.733563;43.603854
34179_0130_00008;8;;Clos des Genevriers;34570;34179;Murviel-lès-Montpellier;;;3.731509;43.601703
34179_0005_00006_bis;6;bis;Route de Bel Air;34570;34179;Murviel-lès-Montpellier;;;3.736599;43.60621
34179_0013_00197;197;;Avenue du Clapas;34570;34179;Murviel-lès-Montpellier;;;3.740091;43.607125
34179_0045_00005;5;;Rue de l’Ancienne Mairie;34570;34179;Murviel-lès-Montpellier;;;3.737083;43.604622
34179_9rgfh2_00001_ter;1;ter;Rue Lucie et Raymond Aubrac;34570;34179;Murviel-lès-Montpellier;;;3.735477;43.604819
34179_0082_00014;14;;Rue de la Vierge;34570;34179;Murviel-lès-Montpellier;;;3.735743;43.604186
34179_0140_00022;22;;Rue Pierre Richer de Belleval;34570;34179;Murviel-lès-Montpellier;;;3.735257;43.60182
34179_aynv2d_00170;170;;Impasse de la Rompude;34570;34179;Murviel-lès-Montpellier;;;3.740344;43.609648
34179_a013_00004;4;;Lotissement le Stade;34570;34179;Murviel-lès-Montpellier;;;3.744866;43.606246
34179_b038_00150;150;;Mas d’Alaux;34570;34179;Murviel-lès-Montpellier;;;3.724909;43.608313
34179_0020_00011;11;;Rue de la Terrasse;34570;34179;Murviel-lès-Montpellier;;;3.737218;43.603773
34179_0005_00010;10;;Route de Bel Air;34570;34179;Murviel-lès-Montpellier;;;3.736903;43.607106
34179_0046_00002;2;;Place du Mas de Garenc;34570;34179;Murviel-lès-Montpellier;;;3.738407;43.608789
34179_0146_00005;5;;Clos de la Fauvette;34570;34179;Murviel-lès-Montpellier;;;3.745744;43.605325
34179_a018_00002;2;;Lotissement les Capitelles;34570;34179;Murviel-lès-Montpellier;;;3.741122;43.605052
34179_0082_00012;12;;Rue de la Vierge;34570;34179;Murviel-lès-Montpellier;;;3.735886;43.604247
34179_0136_00057;57;;Rue de l’Astrolabe;34570;34179;Murviel-lès-Montpellier;;;3.731585;43.60383
34179_0101_00160;160;;Rue Joseph de la Martiniere;34570;34179;Murviel-lès-Montpellier;;;3.733513;43.602111
34179_0008_00002;2;;Chemin de Carnette;34570;34179;Murviel-lès-Montpellier;;;3.736661;43.603628
34179_a4rpbo_00125;125;;Rue des Oliviers;34570;34179;Murviel-lès-Montpellier;;;3.733813;43.606803
34179_0005_00021;21;;Route de Bel Air;34570;34179;Murviel-lès-Montpellier;;;3.738013;43.60865
34179_0148_00035;35;;Clos des Proserpine;34570;34179;Murviel-lès-Montpellier;;;3.74476;43.605054
34179_a081_00014;14;;Lotissement le Clos des Pins;34570;34179;Murviel-lès-Montpellier;;;3.738868;43.602638
34179_9rgfh2_00004;4;;Rue Lucie et Raymond Aubrac;34570;34179;Murviel-lès-Montpellier;;;3.735255;43.60474
34179_0017_00277;277;;Rue des Clauzes;34570;34179;Murviel-lès-Montpellier;;;3.743512;43.606644
34179_a4rpbo_00151;151;;Rue des Oliviers;34570;34179;Murviel-lès-Montpellier;;;3.733514;43.606876
34179_0151_00074;74;;Rue Louise Michel;34570;34179;Murviel-lès-Montpellier;;;3.743426;43.603799
34179_a012_00004;4;;Lotissement des Écoles;34570;34179;Murviel-lès-Montpellier;;;3.734922;43.603944
34179_0065_00008;8;;Rue des Porches;34570;34179;Murviel-lès-Montpellier;;;3.737051;43.604313
34179_a033_00006;6;;Lotissement Hauts de Murviel;34570;34179;Murviel-lès-Montpellier;;;3.739404;43.605654
34179_0011_00734;734;;Avenue du Champ des Moulins;34570;34179;Murviel-lès-Montpellier;;;3.745984;43.605847
34179_0082_00006;6;;Rue de la Vierge;34570;34179;Murviel-lès-Montpellier;;;3.736332;43.604462
34179_0130_00003;3;;Clos des Genevriers;34570;34179;Murviel-lès-Montpellier;;;3.731145;43.601829
34179_0028_00027;27;;Rue des Horts;34570;34179;Murviel-lès-Montpellier;;;3.740122;43.605456
34179_0020_00017;17;;Rue de la Terrasse;34570;34179;Murviel-lès-Montpellier;;;3.736681;43.603725
34179_a081_00010;10;;Lotissement le Clos des Pins;34570;34179;Murviel-lès-Montpellier;;;3.739165;43.603096
34179_0153_00400;400;;Chemin des Ifs;34570;34179;Murviel-lès-Montpellier;;;3.743519;43.601803
34179_a4rpbo_00095;95;;Rue des Oliviers;34570;34179;Murviel-lès-Montpellier;;;3.734169;43.606723
34179_0011_00441;441;;Avenue du Champ des Moulins;34570;34179;Murviel-lès-Montpellier;;;3.742622;43.607036
34179_0005_02702;2702;;Route de Bel Air;34570;34179;Murviel-lès-Montpellier;;;3.738982;43.625534
34179_0046_00004;4;;Place du Mas de Garenc;34570;34179;Murviel-lès-Montpellier;;;3.738671;43.608774
34179_0101_00187;187;;Rue Joseph de la Martiniere;34570;34179;Murviel-lès-Montpellier;;;3.733295;43.602245
34179_0101_00035;35;;Rue Joseph de la Martiniere;34570;34179;Murviel-lès-Montpellier;;;3.73463;43.601407
34179_0005_00009_ter;9;ter;Route de Bel Air;34570;34179;Murviel-lès-Montpellier;;;3.736922;43.607836
34179_2g1ee7_01559;1559;;Route de Saint Georges;34570;34179;Murviel-lès-Montpellier;;;3.763931;43.608417
34179_0013_00150;150;;Avenue du Clapas;34570;34179;Murviel-lès-Montpellier;;;3.739685;43.60746
34179_0011_00225;225;;Avenue du Champ des Moulins;34570;34179;Murviel-lès-Montpellier;;;3.74122;43.608172
34179_0144_00030;30;;Rue Angela Davis;34570;34179;Murviel-lès-Montpellier;;;3.745186;43.604924
34179_a009_00004;4;;Lotissement les Amandiers;34570;34179;Murviel-lès-Montpellier;;;3.741609;43.609245
34179_0148_00045;45;;Clos des Proserpine;34570;34179;Murviel-lès-Montpellier;;;3.744681;43.604928
34179_0015_00124;124;;Rue de la Clairette;34570;34179;Murviel-lès-Montpellier;;;3.738986;43.606314
34179_0013_00291;291;;Avenue du Clapas;34570;34179;Murviel-lès-Montpellier;;;3.740863;43.606782
34179_0017_00089;89;;Rue des Clauzes;34570;34179;Murviel-lès-Montpellier;;;3.742736;43.605107
34179_wi0fdk_00006;6;;Plan de la Boussole;34570;34179;Murviel-lès-Montpellier;;;3.731406;43.602538
34179_0002_00009;9;;Rue de l’Ancien Four;34570;34179;Murviel-lès-Montpellier;;;3.734262;43.603574
34179_0100_00084;84;;Avenue de la Rouvière Longue;34570;34179;Murviel-lès-Montpellier;;;3.733145;43.601423
34179_0048_00001;1;;Rue du Merle;34570;34179;Murviel-lès-Montpellier;;;3.735898;43.603592
34179_0015_00117;117;;Rue de la Clairette;34570;34179;Murviel-lès-Montpellier;;;3.739083;43.606552
34179_0011_00155;155;;Avenue du Champ des Moulins;34570;34179;Murviel-lès-Montpellier;;;3.740661;43.608564
34179_0101_00075;75;;Rue Joseph de la Martiniere;34570;34179;Murviel-lès-Montpellier;;;3.734171;43.601568
34179_0062_00234;234;;Chemin des Pins;34570;34179;Murviel-lès-Montpellier;;;3.762842;43.606385
34179_0146_00040;40;;Clos de la Fauvette;34570;34179;Murviel-lès-Montpellier;;;3.745953;43.605526
34179_0067_00006;6;;Rue du Portail Neuf;34570;34179;Murviel-lès-Montpellier;;;3.736009;43.604083
34179_0146_00030;30;;Clos de la Fauvette;34570;34179;Murviel-lès-Montpellier;;;3.745998;43.605447
34179_0141_00003;3;;Clos Philibert Commerson;34570;34179;Murviel-lès-Montpellier;;;3.732223;43.603124
34179_0015_00116;116;;Rue de la Clairette;34570;34179;Murviel-lès-Montpellier;;;3.738835;43.606288
34179_0027_00067;67;;Clos du Figuier;34570;34179;Murviel-lès-Montpellier;;;3.730873;43.603097
34179_0153_00073;73;;Chemin des Ifs;34570;34179;Murviel-lès-Montpellier;;;3.741347;43.603676
34179_0004_00130;130;;Rue Florence Arthaud;34570;34179;Murviel-lès-Montpellier;;;3.746782;43.60532
34179_0137_00002_bis;2;bis;Clos des Cystes;34570;34179;Murviel-lès-Montpellier;;;3.731939;43.601171
34179_a033_00001;1;;Lotissement Hauts de Murviel;34570;34179;Murviel-lès-Montpellier;;;3.739512;43.605541
34179_a033_00005;5;;Lotissement Hauts de Murviel;34570;34179;Murviel-lès-Montpellier;;;3.739579;43.605854
34179_a4rpbo_00146;146;;Rue des Oliviers;34570;34179;Murviel-lès-Montpellier;;;3.733596;43.606932
34179_0013_00333;333;;Avenue du Clapas;34570;34179;Murviel-lès-Montpellier;;;3.741294;43.606516
34179_0136_00149;149;;Rue de l’Astrolabe;34570;34179;Murviel-lès-Montpellier;;;3.731232;43.603567
34179_0028_00053;53;;Rue des Horts;34570;34179;Murviel-lès-Montpellier;;;3.740223;43.605561
34179_a018_00006;6;;Lotissement les Capitelles;34570;34179;Murviel-lès-Montpellier;;;3.741606;43.605526
34179_0153_00101;101;;Chemin des Ifs;34570;34179;Murviel-lès-Montpellier;;;3.741607;43.603464
34179_0011_00732;732;;Avenue du Champ des Moulins;34570;34179;Murviel-lès-Montpellier;;;3.745913;43.605865
34179_0079_00015;15;;Rue Agnès Varda;34570;34179;Murviel-lès-Montpellier;;;3.743953;43.604327
34179_a080_00014;14;;Lotissement le Panama;34570;34179;Murviel-lès-Montpellier;;;3.739838;43.603981
34179_a080_00013;13;;Lotissement le Panama;34570;34179;Murviel-lès-Montpellier;;;3.739782;43.603894
34179_0011_00360;360;;Avenue du Champ des Moulins;34570;34179;Murviel-lès-Montpellier;;;3.742277;43.607015
34179_0020_00013;13;;Rue de la Terrasse;34570;34179;Murviel-lès-Montpellier;;;3.737087;43.603813
34179_0011_00125;125;;Avenue du Champ des Moulins;34570;34179;Murviel-lès-Montpellier;;;3.74034;43.608727
34179_a081_00020;20;;Lotissement le Clos des Pins;34570;34179;Murviel-lès-Montpellier;;;3.738575;43.603071
34179_9rgfh2_00001_bis;1;bis;Rue Lucie et Raymond Aubrac;34570;34179;Murviel-lès-Montpellier;;;3.735482;43.604893
34179_0067_00003;3;;Rue du Portail Neuf;34570;34179;Murviel-lès-Montpellier;;;3.736127;43.603971
34179_0011_00012;12;;Avenue du Champ des Moulins;34570;34179;Murviel-lès-Montpellier;;;3.738918;43.608682
34179_0071_00002_bis;2;bis;Rue des Remparts;34570;34179;Murviel-lès-Montpellier;;;3.73724;43.604366
34179_0137_00002_ter;2;ter;Clos des Cystes;34570;34179;Murviel-lès-Montpellier;;;3.732014;43.601118
34179_a085_00007;7;;Lotissement les Clapissous;34570;34179;Murviel-lès-Montpellier;;;3.733663;43.604635
34179_a013_00008;8;;Lotissement le Stade;34570;34179;Murviel-lès-Montpellier;;;3.744414;43.606041
34179_a082_00002;2;;Lotissement Lou Perdigal;34570;34179;Murviel-lès-Montpellier;;;3.743858;43.605942
34179_a033_00003;3;;Lotissement Hauts de Murviel;34570;34179;Murviel-lès-Montpellier;;;3.739841;43.605929
34179_0079_00155;155;;Rue Agnès Varda;34570;34179;Murviel-lès-Montpellier;;;3.744216;43.605552
34179_0002_00069_f;69;f;Rue de l’Ancien Four;34570;34179;Murviel-lès-Montpellier;;;3.733037;43.603927
34179_0004_00165;165;;Rue Florence Arthaud;34570;34179;Murviel-lès-Montpellier;;;3.746362;43.605715
34179_0065_00002;2;;Rue des Porches;34570;34179;Murviel-lès-Montpellier;;;3.737276;43.604063
34179_0079_00175;175;;Rue Agnès Varda;34570;34179;Murviel-lès-Montpellier;;;3.74431;43.605767
34179_0083_00145;145;;chemin du réservoir;34570;34179;Murviel-lès-Montpellier;;;3.731293;43.604404
34179_0011_00240;240;;Avenue du Champ des Moulins;34570;34179;Murviel-lès-Montpellier;;;3.741188;43.607923
34179_mfitxi_01303;1303;;Route de Saint Paul;34570;34179;Murviel-lès-Montpellier;;;3.717772;43.610059
34179_fija11_00001;1;;Zone Artisanale les Ifs;34570;34179;Murviel-lès-Montpellier;;;3.744061;43.598545
34179_0033_00376;376;;Avenue des Jardins;34570;34179;Murviel-lès-Montpellier;;;3.741792;43.604679
34179_0003_00010;10;;Rue de l’Ancienne Forge;34570;34179;Murviel-lès-Montpellier;;;3.735866;43.603784
34179_0010_00017;17;;Route de Montpellier;34570;34179;Murviel-lès-Montpellier;;;3.740387;43.604317
34179_0079_00110;110;;Rue Agnès Varda;34570;34179;Murviel-lès-Montpellier;;;3.744201;43.605129
34179_0068_00045;45;;Chemin des Reaux;34570;34179;Murviel-lès-Montpellier;;;3.741202;43.608872
34179_0002_00019;19;;Rue de l’Ancien Four;34570;34179;Murviel-lès-Montpellier;;;3.733722;43.603714
34179_0011_00350;350;;Avenue du Champ des Moulins;34570;34179;Murviel-lès-Montpellier;;;3.74179;43.606859
34179_0002_00007;7;;Rue de l’Ancien Four;34570;34179;Murviel-lès-Montpellier;;;3.734826;43.603191
34179_0023_00001;1;;Place de la Croix;34570;34179;Murviel-lès-Montpellier;;;3.736746;43.605432
34179_0067_00005;5;;Rue du Portail Neuf;34570;34179;Murviel-lès-Montpellier;;;3.735821;43.604044
34179_0046_00007;7;;Place du Mas de Garenc;34570;34179;Murviel-lès-Montpellier;;;3.738367;43.608612
34179_0100_00121;121;;Avenue de la Rouvière Longue;34570;34179;Murviel-lès-Montpellier;;;3.732595;43.60137
34179_a005_00004;4;;Lotissement l'Adret;34570;34179;Murviel-lès-Montpellier;;;3.738242;43.607347
34179_0149_00034;34;;Clos des Myrtes;34570;34179;Murviel-lès-Montpellier;;;3.746912;43.605574
34179_0015_00156;156;;Rue de la Clairette;34570;34179;Murviel-lès-Montpellier;;;3.739476;43.606482
34179_0071_00010;10;;Rue des Remparts;34570;34179;Murviel-lès-Montpellier;;;3.736953;43.604551
34179_0151_00031;31;;Rue Louise Michel;34570;34179;Murviel-lès-Montpellier;;;3.742982;43.603917
34179_0048_00003;3;;Rue du Merle;34570;34179;Murviel-lès-Montpellier;;;3.735967;43.603664
34179_0011_00520;520;;Avenue du Champ des Moulins;34570;34179;Murviel-lès-Montpellier;;;3.744229;43.6066
34179_0013_00094;94;;Avenue du Clapas;34570;34179;Murviel-lès-Montpellier;;;3.739314;43.60797
34179_0136_00084;84;;Rue de l’Astrolabe;34570;34179;Murviel-lès-Montpellier;;;3.731359;43.603996
34179_0067_00001;1;;Rue du Portail Neuf;34570;34179;Murviel-lès-Montpellier;;;3.736236;43.603952
34179_0150_00010;10;;Rue de la Source;34570;34179;Murviel-lès-Montpellier;;;3.730897;43.606984
34179_a082_00003;3;;Lotissement Lou Perdigal;34570;34179;Murviel-lès-Montpellier;;;3.74378;43.605823
34179_0063_00001;1;;Route des Platanes;34570;34179;Murviel-lès-Montpellier;;;3.736418;43.604969
34179_0010_00002;2;;Route de Montpellier;34570;34179;Murviel-lès-Montpellier;;;3.737435;43.604883
34179_0082_00003;3;;Rue de la Vierge;34570;34179;Murviel-lès-Montpellier;;;3.736074;43.604228
34179_0010_00009;9;;Route de Montpellier;34570;34179;Murviel-lès-Montpellier;;;3.738458;43.604877
34179_0017_00218;218;;Rue des Clauzes;34570;34179;Murviel-lès-Montpellier;;;3.743313;43.606092
34179_0140_00005;5;;Rue Pierre Richer de Belleval;34570;34179;Murviel-lès-Montpellier;;;3.73575;43.603277
34179_0011_00496;496;;Avenue du Champ des Moulins;34570;34179;Murviel-lès-Montpellier;;;3.743861;43.607194
34179_mfitxi_00656;656;;Route de Saint Paul;34570;34179;Murviel-lès-Montpellier;;;3.722471;43.607507
34179_0033_00051;51;;Avenue des Jardins;34570;34179;Murviel-lès-Montpellier;;;3.738378;43.605771
34179_0082_00001;1;;Rue de la Vierge;34570;34179;Murviel-lès-Montpellier;;;3.736518;43.604409
34179_a009_00002;2;;Lotissement les Amandiers;34570;34179;Murviel-lès-Montpellier;;;3.741422;43.609204
34179_0144_00105;105;;Rue Angela Davis;34570;34179;Murviel-lès-Montpellier;;;3.745823;43.60475
34179_0002_00023_bis;23;bis;Rue de l’Ancien Four;34570;34179;Murviel-lès-Montpellier;;;3.732988;43.603849
34179_0054_00001;1;;Chemin de Nicolle;34570;34179;Murviel-lès-Montpellier;;;3.738057;43.604525
34179_0100_00187;187;;Avenue de la Rouvière Longue;34570;34179;Murviel-lès-Montpellier;;;3.731986;43.601749
34179_0101_00193;193;;Rue Joseph de la Martiniere;34570;34179;Murviel-lès-Montpellier;;;3.733224;43.602304
34179_0004_00120;120;;Rue Florence Arthaud;34570;34179;Murviel-lès-Montpellier;;;3.746538;43.605315
34179_0067_00008;8;;Rue du Portail Neuf;34570;34179;Murviel-lès-Montpellier;;;3.73591;43.604116
34179_0011_00354;354;;Avenue du Champ des Moulins;34570;34179;Murviel-lès-Montpellier;;;3.742056;43.607114
34179_2g1ee7_01553;1553;;Route de Saint Georges;34570;34179;Murviel-lès-Montpellier;;;3.763903;43.608443
34179_0083_00109;109;;chemin du réservoir;34570;34179;Murviel-lès-Montpellier;;;3.731667;43.604287
34179_0144_00114;114;;Rue Angela Davis;34570;34179;Murviel-lès-Montpellier;;;3.74587;43.604576
34179_0028_00076;76;;Rue des Horts;34570;34179;Murviel-lès-Montpellier;;;3.74042;43.60559
34179_0005_00023;23;;Route de Bel Air;34570;34179;Murviel-lès-Montpellier;;;3.737622;43.608871
34179_2g1ee7_01561;1561;;Route de Saint Georges;34570;34179;Murviel-lès-Montpellier;;;3.763936;43.608414
34179_1i93i3_00002;2;;Lotissement le Village;34570;34179;Murviel-lès-Montpellier;;;3.737079;43.606587
34179_0048_00005;5;;Rue du Merle;34570;34179;Murviel-lès-Montpellier;;;3.73602;43.60373
34179_0002_00015;15;;Rue de l’Ancien Four;34570;34179;Murviel-lès-Montpellier;;;3.733935;43.603657
34179_0052_00005;5;;Rue des Lavoirs;34570;34179;Murviel-lès-Montpellier;;;3.736821;43.605649
34179_0101_00055;55;;Rue Joseph de la Martiniere;34570;34179;Murviel-lès-Montpellier;;;3.734395;43.601467
34179_0046_00003;3;;Place du Mas de Garenc;34570;34179;Murviel-lès-Montpellier;;;3.738516;43.60885
34179_0083_00111;111;;chemin du réservoir;34570;34179;Murviel-lès-Montpellier;;;3.731644;43.604247
34179_a081_00006;6;;Lotissement le Clos des Pins;34570;34179;Murviel-lès-Montpellier;;;3.73867;43.603299
34179_0010_00001;1;;Route de Montpellier;34570;34179;Murviel-lès-Montpellier;;;3.73718;43.605027
34179_0054_00003;3;;Chemin de Nicolle;34570;34179;Murviel-lès-Montpellier;;;3.738385;43.604626
34179_a081_00001;1;;Lotissement le Clos des Pins;34570;34179;Murviel-lès-Montpellier;;;3.738128;43.602923
