id;numero;rep;nom_voie;code_postal;code_insee;nom_commune;nom_ancienne_commune;nom_ld;lon;lat
18279_1555_00018;18;;Impasse de la Glaciere;18100;18279;Vierzon;;;2.04224;47.230514
18279_2750_00008;8;;Rue des Pillots;18100;18279;Vierzon;;;2.056252;47.213959
18279_2410_00028;28;;Boulevard de la Nation;18100;18279;Vierzon;;;2.058441;47.214869
18279_2290_00029;29;;Rue des Meunières;18100;18279;Vierzon;;;2.054969;47.234694
18279_0692_00007;7;;Petite Rue du Chambon;18100;18279;Vierzon;;;2.055477;47.223463
18279_1230_00026;26;;Rue Etienne Marcel;18100;18279;Vierzon;;;2.096366;47.217962
18279_0890_00195;195;;Rue de la Convention;18100;18279;Vierzon;;;2.109244;47.22894
18279_2870_00116;116;;Route de Puits Berteau;18100;18279;Vierzon;;;2.071471;47.237519
18279_2700_00022;22;;Rue Pierre Curie;18100;18279;Vierzon;;;2.056433;47.21599
18279_3280_00003;3;;Rue de Villeneuve;18100;18279;Vierzon;;;2.07276;47.213347
18279_0030_00024;24;;Rue de l'Abricot;18100;18279;Vierzon;;;2.056068;47.220605
18279_2065_00008;8;;Passage Leveque;18100;18279;Vierzon;;;2.052572;47.228715
18279_3091_00005_bis;5;bis;Chemin des Tailles;18100;18279;Vierzon;;;2.056361;47.237854
18279_2503_00018;18;;Rue Pablo Picasso;18100;18279;Vierzon;;;2.083619;47.200583
18279_0495_00011;11;;Chemin des Grands Bois;18100;18279;Vierzon;;;2.052499;47.236935
18279_2560_00051;51;;Rue Pasteur;18100;18279;Vierzon;;;2.089425;47.219121
18279_1990_00024;24;;Rue Jules Louis Breton;18100;18279;Vierzon;;;2.076194;47.22117
18279_1308_00017;17;;Impasse des Feuillures;18100;18279;Vierzon;;;2.066155;47.211093
18279_1550_00003;3;;Petit Chemin de la Giraudiere;18100;18279;Vierzon;;;2.031579;47.236965
18279_2850_00001;1;;Rue Proudhon;18100;18279;Vierzon;;;2.049222;47.230782
18279_1160_00050;50;;Rue Emile Zola;18100;18279;Vierzon;;;2.040894;47.225479
18279_0275_00001_t;1;t;Rue Bara;18100;18279;Vierzon;;;2.046034;47.231723
18279_2180_00017;17;;Rue Marcel Cachin;18100;18279;Vierzon;;;2.08888;47.228895
18279_0360_00008;8;;Rue de Bellevue;18100;18279;Vierzon;;;2.069912;47.209362
18279_0800_00029_c;29;c;Quai du Cher;18100;18279;Vierzon;;;2.062717;47.216205
18279_0070_00038;38;;Rue Alphonse Pradat;18100;18279;Vierzon;;;2.045251;47.220935
18279_1650_00030;30;;Rue Grelon;18100;18279;Vierzon;;;2.060774;47.216242
18279_0541_00009;9;;Passage du Bourdoiseau;18100;18279;Vierzon;;;2.063319;47.23532
18279_1450_00036;36;;Rue Gambon;18100;18279;Vierzon;;;2.074846;47.226981
18279_2155_00042;42;;Avenue du 8 Mai 1945;18100;18279;Vierzon;;;2.07783;47.228794
18279_3271_00003_a;3;a;Route du Village d’En Haut;18100;18279;Vierzon;;;2.109661;47.230384
18279_2025_00042;42;;avenue maréchal jean de lattre de tassigny;18100;18279;Vierzon;;;2.06684;47.207509
18279_1710_00098;98;;Rue Guy Môquet;18100;18279;Vierzon;;;2.073645;47.211917
18279_1732_00030;30;;Square Henriette Dumuin;18100;18279;Vierzon;;;2.078213;47.2024
18279_2501_00023;23;;Rue Pablo Casals;18100;18279;Vierzon;;;2.082169;47.2007
18279_0160_00020;20;;Rue Armand Bazile;18100;18279;Vierzon;;;2.07242;47.217374
18279_0110_00053;53;;Rue André Hènault;18100;18279;Vierzon;;;2.059562;47.215429
18279_0951_00999;999;;Chemin des Grandes Crêles;18100;18279;Vierzon;;;2.070782;47.204165
18279_2125_00034;34;;Rue Louise Michel;18100;18279;Vierzon;;;2.071303;47.237102
18279_2025_00040;40;;avenue maréchal jean de lattre de tassigny;18100;18279;Vierzon;;;2.066727;47.207572
18279_1950_00027_g;27;g;Avenue du Jonc;18100;18279;Vierzon;;;2.066085;47.210183
18279_2260_00040;40;;Route de Méreau;18100;18279;Vierzon;;;2.061351;47.206984
18279_2025_00084;84;;avenue maréchal jean de lattre de tassigny;18100;18279;Vierzon;;;2.072337;47.2041
18279_2157_00013;13;;Chemin de la Maison Blanche;18100;18279;Vierzon;;;2.037733;47.224505
18279_2100_00044;44;;Rue des Longueraies;18100;18279;Vierzon;;;2.058409;47.233281
18279_2620_00057;57;;Rue des Pentecotes;18100;18279;Vierzon;;;2.058396;47.229207
18279_1536_00002;2;;Rue Georges Politzer;18100;18279;Vierzon;;;2.077886;47.204774
18279_3076_00027;27;;Route des Souchènes;18100;18279;Vierzon;;;2.028768;47.214572
18279_3137_00013;13;;Rue du Travail;18100;18279;Vierzon;;;2.043178;47.232504
18279_1516_00999;999;;Allée Georges Charpak;18100;18279;Vierzon;;;2.070805;47.247269
18279_0025_00011;11;;Passage de l’Abricot;18100;18279;Vierzon;;;2.054507;47.219704
18279_0140_00003;3;;Rue Antonin Lerault;18100;18279;Vierzon;;;2.065621;47.215669
18279_3086_00017;17;;Impasse Suzanne Masson;18100;18279;Vierzon;;;2.079102;47.205853
18279_1732_00054;54;;Square Henriette Dumuin;18100;18279;Vierzon;;;2.079744;47.201679
18279_2155_00082_bis;82;bis;Avenue du 8 Mai 1945;18100;18279;Vierzon;;;2.080799;47.231052
18279_1830_00049;49;;Rue Jacques Decour;18100;18279;Vierzon;;;2.088274;47.22963
18279_1290_00187;187;;Rue Félix Pyat;18100;18279;Vierzon;;;2.095703;47.22849
18279_0497_00038_a;38;a;Chemin de Bois Marteau;18100;18279;Vierzon;;;2.055063;47.24172
18279_0410_00006_a;6;a;Rue Bernard Palissy;18100;18279;Vierzon;;;2.05968;47.225063
18279_1520_00005;5;;Rue George Sand;18100;18279;Vierzon;;;2.066889;47.225713
18279_1720_00084;84;;Rue Henri Barbusse;18100;18279;Vierzon;;;2.065811;47.237632
18279_0844_00002;2;;Impasse du Clos Chabot;18100;18279;Vierzon;;;2.079239;47.228865
18279_2058_00052;52;;Rue Léo Mérigot;18100;18279;Vierzon;;;2.051932;47.228073
18279_1055_00018_i;18;i;Avenue du 19 Mars 1962;18100;18279;Vierzon;;;2.092019;47.239887
18279_2501_00035;35;;Rue Pablo Casals;18100;18279;Vierzon;;;2.08236;47.200419
18279_0042_00020;20;;Chemin des Ajoncs;18100;18279;Vierzon;;;2.081474;47.238352
18279_1378_00001_b;1;b;Rue François Mitterrand;18100;18279;Vierzon;;;2.060281;47.221994
18279_1230_00022_bis;22;bis;Rue Etienne Marcel;18100;18279;Vierzon;;;2.095601;47.21806
18279_0830_00007;7;;Rue Claude Bernard;18100;18279;Vierzon;;;2.07687;47.217157
18279_0042_00019_a;19;a;Chemin des Ajoncs;18100;18279;Vierzon;;;2.082436;47.238124
18279_0545_00058;58;;Route de Bourges;18100;18279;Vierzon;;;2.123989;47.213884
18279_0085_00015_a;15;a;Imp Ancienne Cite de la Verrerie;18100;18279;Vierzon;;;2.10056;47.210421
18279_0100_00048;48;;Rue André Guillemain;18100;18279;Vierzon;;;2.080709;47.214083
18279_2750_00046;46;;Rue des Pillots;18100;18279;Vierzon;;;2.051233;47.213983
18279_a300_00004;4;;Residence les Moulins Verts;18100;18279;Vierzon;;;2.062605;47.230191
18279_0550_00004;4;;Rue du Bourgneuf;18100;18279;Vierzon;;;2.06429;47.215944
18279_0794_00013;13;;Chemin des Chavannes;18100;18279;Vierzon;;;2.048131;47.213956
18279_2640_00001;1;;Route du Petit Râteau;18100;18279;Vierzon;;;2.097037;47.228615
18279_0542_00056;56;;Rue du Bourdoiseau;18100;18279;Vierzon;;;2.062279;47.234666
18279_3147_00015;15;;Rue de l'Unité;18100;18279;Vierzon;;;2.072258;47.235833
18279_0370_00118;118;;Route de Bellon;18100;18279;Vierzon;;;2.081561;47.201834
18279_0085_00015;15;;Imp Ancienne Cite de la Verrerie;18100;18279;Vierzon;;;2.100606;47.210367
18279_1290_00096;96;;Rue Félix Pyat;18100;18279;Vierzon;;;2.088401;47.227336
18279_1230_00102;102;;Rue Etienne Marcel;18100;18279;Vierzon;;;2.101707;47.216844
18279_1870_00053;53;;Rue Jean Jacques Rousseau;18100;18279;Vierzon;;;2.073507;47.218421
18279_2220_00053;53;;Rue du Maréchal Joffre;18100;18279;Vierzon;;;2.070333;47.222926
18279_1560_00033_a;33;a;Rue Gourdon;18100;18279;Vierzon;;;2.064983;47.224621
18279_3222_00022;22;;Impasse de Vieilfond;18100;18279;Vierzon;;;2.06617;47.24118
18279_2583_00020;20;;Rue Paul Eluard;18100;18279;Vierzon;;;2.084574;47.200757
18279_1750_00019;19;;Rue Henri Sellier;18100;18279;Vierzon;;;2.055014;47.217845
18279_2688_00021;21;;Rue Pierre Brossolette;18100;18279;Vierzon;;;2.077491;47.204513
18279_1428_00009;9;;Place Gallerand;18100;18279;Vierzon;;;2.068574;47.223092
18279_0160_00010;10;;Rue Armand Bazile;18100;18279;Vierzon;;;2.071179;47.217717
18279_1185_00006;6;;Rue des Etablissements Merlin;18100;18279;Vierzon;;;2.084109;47.232562
18279_0370_00046;46;;Route de Bellon;18100;18279;Vierzon;;;2.075152;47.212555
18279_3073_00029;29;;Rue de la Société Française;18100;18279;Vierzon;;;2.057998;47.225692
18279_0352_00010;10;;Rue Beethoven;18100;18279;Vierzon;;;2.078568;47.234871
18279_1450_00020;20;;Rue Gambon;18100;18279;Vierzon;;;2.073329;47.227067
18279_0545_00041;41;;Route de Bourges;18100;18279;Vierzon;;;2.117147;47.214819
18279_1530_00028;28;;Rue Georges Clémenceau;18100;18279;Vierzon;;;2.056629;47.21586
18279_2850_00007;7;;Rue Proudhon;18100;18279;Vierzon;;;2.048842;47.231332
18279_3141_00021;21;;Chemin de la Trietterie;18100;18279;Vierzon;;;2.099392;47.245143
18279_1825_00008;8;;Rue Jacques Brel;18100;18279;Vierzon;;;2.078549;47.200687
18279_1393_00136;136;;Chemin des Fromenteaux;18100;18279;Vierzon;;;2.107528;47.228508
18279_2800_00010;10;;Rue Porte aux Boeufs;18100;18279;Vierzon;;;2.071065;47.223607
18279_1290_00056;56;;Rue Félix Pyat;18100;18279;Vierzon;;;2.084053;47.227863
18279_2910_00038;38;;Avenue du 14 Juillet;18100;18279;Vierzon;;;2.06437;47.213958
18279_0080_00120;120;;Rue Anatole France;18100;18279;Vierzon;;;2.049598;47.222756
18279_0160_00050_bis;50;bis;Rue Armand Bazile;18100;18279;Vierzon;;;2.076736;47.216179
18279_0020_00040_bis;40;bis;Chemin de l’Abricot;18100;18279;Vierzon;;;2.04754;47.218438
18279_0100_00010;10;;Rue André Guillemain;18100;18279;Vierzon;;;2.082157;47.216894
18279_1160_00018_b;18;b;Rue Emile Zola;18100;18279;Vierzon;;;2.045013;47.224758
18279_0710_00042;42;;Rue du Champanet;18100;18279;Vierzon;;;2.062154;47.220307
18279_2640_00030;30;;Route du Petit Râteau;18100;18279;Vierzon;;;2.097213;47.23097
18279_2058_00022_a;22;a;Rue Léo Mérigot;18100;18279;Vierzon;;;2.05053;47.229442
18279_0445_00059;59;;Chemin Blanc;18100;18279;Vierzon;;;2.060925;47.204223
18279_2870_00045_bis;45;bis;Route de Puits Berteau;18100;18279;Vierzon;;;2.0763;47.236081
18279_2472_00042;42;;Route des Noues;18100;18279;Vierzon;;;2.045656;47.210688
18279_b148_00126;126;;La Grande Loeuf;18100;18279;Vierzon;;;2.034554;47.208842
18279_0541_00001;1;;Passage du Bourdoiseau;18100;18279;Vierzon;;;2.062175;47.235472
18279_0420_00040;40;;Rue de la Bidauderie;18100;18279;Vierzon;;;2.081662;47.235952
18279_0660_00003;3;;Rue Célestin Gérard;18100;18279;Vierzon;;;2.054768;47.226377
18279_1980_00037;37;;Rue Jules Guesde;18100;18279;Vierzon;;;2.045759;47.228107
18279_0320_00001;1;;Quai du Bassin;18100;18279;Vierzon;;;2.067645;47.22039
18279_2485_00004;4;;Rue du 11 Novembre 1918;18100;18279;Vierzon;;;2.066624;47.22136
18279_0710_00068;68;;Rue du Champanet;18100;18279;Vierzon;;;2.058692;47.220388
18279_0270_00005;5;;Rue Babeuf;18100;18279;Vierzon;;;2.046917;47.233988
18279_2200_00010;10;;Rue Marcel Sembat;18100;18279;Vierzon;;;2.053133;47.228669
18279_2430_00030;30;;Rue Urbain Nègre;18100;18279;Vierzon;;;2.07987;47.228837
18279_1440_00027_bis;27;bis;Rue Gambetta;18100;18279;Vierzon;;;2.098813;47.219337
18279_0160_00016;16;;Rue Armand Bazile;18100;18279;Vierzon;;;2.071716;47.21757
18279_1915_00030;30;;Rue Jean Vilar;18100;18279;Vierzon;;;2.083245;47.200086
18279_0110_00004;4;;Rue André Hènault;18100;18279;Vierzon;;;2.064054;47.215555
18279_3285_00005;5;;Rue Vincent Auriol;18100;18279;Vierzon;;;2.088157;47.2003
18279_0151_00020;20;;Rue Aristide Briand;18100;18279;Vierzon;;;2.067226;47.222298
18279_2058_00008;8;;Rue Léo Mérigot;18100;18279;Vierzon;;;2.049933;47.230014
18279_3302_00001;1;;Rue de la Voûte;18100;18279;Vierzon;;;2.0575;47.229583
18279_0120_00080;80;;Rue André Ribaud;18100;18279;Vierzon;;;2.069639;47.233227
18279_0542_00020;20;;Rue du Bourdoiseau;18100;18279;Vierzon;;;2.06331;47.231757
18279_3vyj15_00014;14;;Clos de la Minee;18100;18279;Vierzon;;;2.066571;47.237005
18279_3133_00087;87;;Route de Tours;18100;18279;Vierzon;;;2.031075;47.237772
18279_3210_00043;43;;Rue Victor Hugo;18100;18279;Vierzon;;;2.065584;47.223541
18279_1832_00015;15;;Square Jacques Duclos;18100;18279;Vierzon;;;2.08827;47.201604
18279_0042_00009_a;9;a;Chemin des Ajoncs;18100;18279;Vierzon;;;2.080516;47.238036
18279_2795_00102;102;;Rue des Ponts;18100;18279;Vierzon;;;2.065984;47.218016
18279_2200_00016_b;16;b;Rue Marcel Sembat;18100;18279;Vierzon;;;2.052613;47.229177
18279_0420_00034;34;;Rue de la Bidauderie;18100;18279;Vierzon;;;2.08112;47.235575
18279_1250_00146_a;146;a;Rue Eugène Pottier;18100;18279;Vierzon;;;2.097834;47.227898
18279_1605_00014;14;;Chemin des Gdes Noues Fontaines;18100;18279;Vierzon;;;2.045738;47.208332
18279_1732_00020;20;;Square Henriette Dumuin;18100;18279;Vierzon;;;2.07814;47.202878
18279_1535_00021_a;21;a;Rue Georges Fauconnier;18100;18279;Vierzon;;;2.069245;47.239179
18279_0350_00051;51;;Rue Beau Site;18100;18279;Vierzon;;;2.071901;47.209908
18279_1700_00024;24;;Rue Gustave Flourens;18100;18279;Vierzon;;;2.056206;47.230884
18279_0120_00137;137;;Rue André Ribaud;18100;18279;Vierzon;;;2.075231;47.236272
18279_1950_00041_c;41;c;Avenue du Jonc;18100;18279;Vierzon;;;2.067907;47.210524
18279_0963_00005_a;5;a;Route de la Croix;18100;18279;Vierzon;;;2.098362;47.228377
18279_0258_00008;8;;Impasse Babeuf;18100;18279;Vierzon;;;2.042337;47.233609
18279_1010_00009;9;;Rue Denis Papin;18100;18279;Vierzon;;;2.055414;47.230005
18279_2770_00075;75;;Rue de la Plaisance;18100;18279;Vierzon;;;2.096926;47.221524
18279_0542_00027;27;;Rue du Bourdoiseau;18100;18279;Vierzon;;;2.062725;47.232996
18279_2950_00038;38;;Avenue de la République;18100;18279;Vierzon;;;2.064943;47.2235
18279_1535_00028;28;;Rue Georges Fauconnier;18100;18279;Vierzon;;;2.071314;47.238816
18279_1870_00050;50;;Rue Jean Jacques Rousseau;18100;18279;Vierzon;;;2.07994;47.217298
18279_2930_00051;51;;Rue Raspail;18100;18279;Vierzon;;;2.078871;47.222952
18279_0370_00049;49;;Route de Bellon;18100;18279;Vierzon;;;2.074794;47.213167
18279_a130_00001;1;;Lotissement de la Colline;18100;18279;Vierzon;;;2.072296;47.232085
18279_2608_00001;1;;Chemin des Peages;18100;18279;Vierzon;;;2.034465;47.225904
18279_0465_00004;4;;Route du Bois Blanc;18100;18279;Vierzon;;;2.10627;47.207176
18279_1510_00021;21;;Grande Rue de la Genette;18100;18279;Vierzon;;;2.057432;47.216266
18279_0482_00012;12;;Rue du Bois d'Yèvre;18100;18279;Vierzon;;;2.069791;47.21827
18279_3280_00043;43;;Rue de Villeneuve;18100;18279;Vierzon;;;2.071427;47.210881
18279_2340_00020_a;20;a;Rue Molière;18100;18279;Vierzon;;;2.065481;47.219083
18279_1055_00018_c;18;c;Avenue du 19 Mars 1962;18100;18279;Vierzon;;;2.091346;47.239394
18279_1915_00024;24;;Rue Jean Vilar;18100;18279;Vierzon;;;2.082757;47.200232
18279_p07zqe_00019;19;;Chemin du Pre d’Anet;18100;18279;Vierzon;;;2.075505;47.219637
18279_0387_00024;24;;Passage des Bergeries;18100;18279;Vierzon;;;2.049542;47.224387
18279_1980_00009_d;9;d;Rue Jules Guesde;18100;18279;Vierzon;;;2.049632;47.228216
18279_2520_00019;19;;Rue du Panorama;18100;18279;Vierzon;;;2.069788;47.211061
18279_2800_00003;3;;Rue Porte aux Boeufs;18100;18279;Vierzon;;;2.070875;47.223212
18279_2485_00012;12;;Rue du 11 Novembre 1918;18100;18279;Vierzon;;;2.065757;47.221531
18279_0435_00053;53;;Rue de Bitterfeld;18100;18279;Vierzon;;;2.086767;47.201651
18279_0339_00003;3;;Chemin de la Bazinière;18100;18279;Vierzon;;;2.086426;47.246682
18279_2100_00059_a;59;a;Rue des Longueraies;18100;18279;Vierzon;;;2.059139;47.23478
18279_0990_00035;35;;Rue Danielle Casanova;18100;18279;Vierzon;;;2.074052;47.212118
18279_2040_00001;1;;Avenue Mal Philippe Leclerc de Ha;18100;18279;Vierzon;;;2.06198;47.209903
18279_1500_00001;1;;Rue Gay Lussac;18100;18279;Vierzon;;;2.075982;47.223332
18279_0866_00007;7;;Avenue du Colonel Manhes;18100;18279;Vierzon;;;2.081325;47.223573
18279_2155_00046;46;;Avenue du 8 Mai 1945;18100;18279;Vierzon;;;2.078071;47.228983
18279_1470_00038;38;;Rue Gaston Cornavin;18100;18279;Vierzon;;;2.087303;47.229639
18279_1155_00017;17;;Rue Emile Desforges;18100;18279;Vierzon;;;2.082759;47.227344
18279_2260_00058_bis;58;bis;Route de Méreau;18100;18279;Vierzon;;;2.060663;47.205299
18279_2058_00012;12;;Rue Léo Mérigot;18100;18279;Vierzon;;;2.050081;47.229875
18279_2025_00048;48;;avenue maréchal jean de lattre de tassigny;18100;18279;Vierzon;;;2.067459;47.207177
18279_1250_00108;108;;Rue Eugène Pottier;18100;18279;Vierzon;;;2.098324;47.225161
18279_2270_00028;28;;Rue Meunier;18100;18279;Vierzon;;;2.044759;47.228642
18279_0125_00012;12;;Rue Anne Franck;18100;18279;Vierzon;;;2.080558;47.231877
18279_1250_00029;29;;Rue Eugène Pottier;18100;18279;Vierzon;;;2.099187;47.221088
18279_0190_00100;100;;Rue de l'Armistice;18100;18279;Vierzon;;;2.055385;47.216571
18279_1840_00102;102;;Rue Jean-baptiste Clément;18100;18279;Vierzon;;;2.076511;47.233157
18279_3131_00005_bis;5;bis;Passage Tissier;18100;18279;Vierzon;;;2.049681;47.227564
18279_3210_00021;21;;Rue Victor Hugo;18100;18279;Vierzon;;;2.066671;47.223377
18279_1480_00002_bis;2;bis;Rue de la Gaucherie;18100;18279;Vierzon;;;2.066626;47.221634
18279_1220_00019;19;;Rue Etienne Dolet;18100;18279;Vierzon;;;2.10194;47.214318
18279_3052_01370;1370;;Route de Saint Lazare;18100;18279;Vierzon;;;2.09787;47.208969
18279_2055_00020;20;;Rue Lénine;18100;18279;Vierzon;;;2.064245;47.233356
18279_1440_00017;17;;Rue Gambetta;18100;18279;Vierzon;;;2.09799;47.22
18279_2850_00010_e;10;e;Rue Proudhon;18100;18279;Vierzon;;;2.048715;47.231351
18279_0020_00029;29;;Chemin de l’Abricot;18100;18279;Vierzon;;;2.049729;47.218773
18279_0890_00012;12;;Rue de la Convention;18100;18279;Vierzon;;;2.101296;47.218304
18279_2590_00014;14;;Rue Paul Lafargue;18100;18279;Vierzon;;;2.070982;47.222242
18279_2945_00016;16;;Rue de Rendsburg;18100;18279;Vierzon;;;2.084831;47.199912
18279_1155_00016_a;16;a;Rue Emile Desforges;18100;18279;Vierzon;;;2.08255;47.22705
18279_0600_00023;23;;Petite Rue du Camp;18100;18279;Vierzon;;;2.066093;47.206817
18279_1128_00149;149;;Avenue Edouard Vaillant;18100;18279;Vierzon;;;2.060828;47.242172
18279_0310_00101;101;;Rue du Bas de Grange;18100;18279;Vierzon;;;2.046272;47.225391
18279_2070_00039;39;;Boulevard de la Liberté;18100;18279;Vierzon;;;2.069472;47.226081
18279_2070_01385;1385;;Boulevard de la Liberté;18100;18279;Vierzon;;;2.061458;47.228007
18279_2070_00050;50;;Boulevard de la Liberté;18100;18279;Vierzon;;;2.062339;47.227626
18279_0866_00048;48;;Avenue du Colonel Manhes;18100;18279;Vierzon;;;2.082877;47.22347
18279_3060_00022;22;;Rue du Sergent Bobillot;18100;18279;Vierzon;;;2.047206;47.227953
18279_1290_00061;61;;Rue Félix Pyat;18100;18279;Vierzon;;;2.08449;47.228087
18279_2188_00034;34;;Rue Marcel Pagnol;18100;18279;Vierzon;;;2.074835;47.209715
18279_le1ny7_00025;25;;Rue Jeanne Labourbe;18100;18279;Vierzon;;;2.060657;47.231982
18279_0160_00044_bis;44;bis;Rue Armand Bazile;18100;18279;Vierzon;;;2.075049;47.216646
18279_2335_00033;33;;Rue Miranda de Ebro;18100;18279;Vierzon;;;2.063742;47.219089
18279_2870_00117;117;;Route de Puits Berteau;18100;18279;Vierzon;;;2.069245;47.237225
18279_1840_00003_bis;3;bis;Rue Jean-baptiste Clément;18100;18279;Vierzon;;;2.070926;47.227579
18279_1290_00138;138;;Rue Félix Pyat;18100;18279;Vierzon;;;2.092301;47.228439
18279_2816_00047;47;;Passage du Pré d'Anet;18100;18279;Vierzon;;;2.079347;47.218976
18279_3091_00027;27;;Chemin des Tailles;18100;18279;Vierzon;;;2.059622;47.23948
18279_0160_00091;91;;Rue Armand Bazile;18100;18279;Vierzon;;;2.080446;47.215077
18279_2910_00063;63;;Avenue du 14 Juillet;18100;18279;Vierzon;;;2.063568;47.212721
18279_0817_00018_e;18;e;Chemin du Chevry;18100;18279;Vierzon;;;2.11963;47.214962
18279_2155_00089_bis;89;bis;Avenue du 8 Mai 1945;18100;18279;Vierzon;;;2.08519;47.2355
18279_0290_00079;79;;Rue Barbès;18100;18279;Vierzon;;;2.056905;47.236311
18279_2679_00006;6;;Chemin de la Picardière;18100;18279;Vierzon;;;2.122832;47.239438
18279_1538_00016;16;;Rue Georges Rousseau;18100;18279;Vierzon;;;2.058054;47.212564
18279_1536_00072;72;;Rue Georges Politzer;18100;18279;Vierzon;;;2.080713;47.20308
18279_2190_00021;21;;Rue Marcel Perrin;18100;18279;Vierzon;;;2.071052;47.225187
18279_0310_00088;88;;Rue du Bas de Grange;18100;18279;Vierzon;;;2.045491;47.225503
18279_1062_00007;7;;Rue du Docteur Pierre Roux;18100;18279;Vierzon;;;2.069271;47.224188
18279_1065_00005_a;5;a;Cour des Donneaux;18100;18279;Vierzon;;;2.044505;47.2272
18279_1591_00002_bis;2;bis;Chemin du Grand Orme;18100;18279;Vierzon;;;2.103377;47.229993
18279_1142_00008;8;;Rue Elisee Reclus;18100;18279;Vierzon;;;2.082359;47.20306
18279_2025_00046;46;;avenue maréchal jean de lattre de tassigny;18100;18279;Vierzon;;;2.067157;47.207336
18279_0100_00020;20;;Rue André Guillemain;18100;18279;Vierzon;;;2.081744;47.216083
18279_2300_00002;2;;Rue Michelet;18100;18279;Vierzon;;;2.073592;47.21823
18279_lukrq1_00003;3;;Rue Rouget de Lisle;18100;18279;Vierzon;;;2.047519;47.232981
18279_0980_00007_a;7;a;Rue du Crot à Foulon;18100;18279;Vierzon;;;2.06498;47.229895
18279_0890_00067;67;;Rue de la Convention;18100;18279;Vierzon;;;2.106352;47.220727
18279_1128_00114;114;;Avenue Edouard Vaillant;18100;18279;Vierzon;;;2.060695;47.238398
18279_3084_00023;23;;Chemin du Stade Constant Duval;18100;18279;Vierzon;;;2.056142;47.241207
18279_1143_00019;19;;Rue Eirick Labonne;18100;18279;Vierzon;;;2.086332;47.199812
18279_0160_00063;63;;Rue Armand Bazile;18100;18279;Vierzon;;;2.075981;47.216321
18279_3210_00002;2;;Rue Victor Hugo;18100;18279;Vierzon;;;2.067757;47.223362
18279_2795_00060;60;;Rue des Ponts;18100;18279;Vierzon;;;2.067254;47.218799
18279_1320_00042;42;;Route de Foëcy;18100;18279;Vierzon;;;2.104185;47.208404
18279_0460_00013;13;;Rue Blanqui;18100;18279;Vierzon;;;2.049819;47.226861
18279_1536_00086;86;;Rue Georges Politzer;18100;18279;Vierzon;;;2.081083;47.202961
18279_0370_00047;47;;Route de Bellon;18100;18279;Vierzon;;;2.074562;47.213232
18279_1391_00020;20;;Rue de la Fringale;18100;18279;Vierzon;;;2.039815;47.233692
18279_b304_00049;49;;Village au Piquet;18100;18279;Vierzon;;;2.121604;47.220494
18279_2370_00003_a;3;a;Rue de la Montagne;18100;18279;Vierzon;;;2.073115;47.221907
18279_2058_00007;7;;Rue Léo Mérigot;18100;18279;Vierzon;;;2.049417;47.229974
18279_1518_00006;6;;Impasse George Sand;18100;18279;Vierzon;;;2.06657;47.224948
18279_1591_00014;14;;Chemin du Grand Orme;18100;18279;Vierzon;;;2.101443;47.231113
18279_3300_00009_a;9;a;Rue Voltaire;18100;18279;Vierzon;;;2.068079;47.221536
18279_0360_00023;23;;Rue de Bellevue;18100;18279;Vierzon;;;2.073718;47.20851
18279_1877_00040;40;;Avenue Jean Jaurès;18100;18279;Vierzon;;;2.045913;47.230904
18279_3210_00051;51;;Rue Victor Hugo;18100;18279;Vierzon;;;2.065232;47.223666
18279_3091_00020;20;;Chemin des Tailles;18100;18279;Vierzon;;;2.058437;47.239252
18279_3076_00023_a;23;a;Route des Souchènes;18100;18279;Vierzon;;;2.029844;47.214498
18279_0512_00053;53;;Route de Bonègue;18100;18279;Vierzon;;;2.074984;47.243271
18279_2594_00033;33;;Rue Paul Valery;18100;18279;Vierzon;;;2.067159;47.207922
18279_1538_00064;64;;Rue Georges Rousseau;18100;18279;Vierzon;;;2.057743;47.20972
18279_1640_00002_c;2;c;Rue du Grelet;18100;18279;Vierzon;;;2.048982;47.230287
18279_1990_00036;36;;Rue Jules Louis Breton;18100;18279;Vierzon;;;2.077463;47.221124
18279_0962_00014;14;;Chemin de la Croix;18100;18279;Vierzon;;;2.109456;47.230447
18279_1290_00180_a;180;a;Rue Félix Pyat;18100;18279;Vierzon;;;2.096739;47.228224
18279_2950_00007;7;;Avenue de la République;18100;18279;Vierzon;;;2.067094;47.222385
18279_3222_00023;23;;Impasse de Vieilfond;18100;18279;Vierzon;;;2.066044;47.241337
18279_2850_00020;20;;Rue Proudhon;18100;18279;Vierzon;;;2.048246;47.232031
18279_2795_00042;42;;Rue des Ponts;18100;18279;Vierzon;;;2.066774;47.219349
18279_1950_00020_bis;20;bis;Avenue du Jonc;18100;18279;Vierzon;;;2.066959;47.20996
18279_2058_00027;27;;Rue Léo Mérigot;18100;18279;Vierzon;;;2.051015;47.228685
18279_1980_00041;41;;Rue Jules Guesde;18100;18279;Vierzon;;;2.045356;47.228213
18279_1905_00068;68;;Rue Jean Picot;18100;18279;Vierzon;;;2.074727;47.21092
18279_0088_00003;3;;Impasse Andre de Chenier;18100;18279;Vierzon;;;2.073601;47.219001
18279_1569_00004_bis;4;bis;Chemin de Grands Champs;18100;18279;Vierzon;;;2.086171;47.247734
18279_3310_00010;10;;Quai d'Yèvre;18100;18279;Vierzon;;;2.064494;47.219421
18279_0275_00002;2;;Rue Bara;18100;18279;Vierzon;;;2.045407;47.231188
18279_1460_00025;25;;Rue Garibaldi;18100;18279;Vierzon;;;2.057469;47.222506
18279_1120_00040_c;40;c;Rue Edouard Branly;18100;18279;Vierzon;;;2.104867;47.219547
18279_2870_00022;22;;Route de Puits Berteau;18100;18279;Vierzon;;;2.07908;47.2335
18279_1535_00090;90;;Rue Georges Fauconnier;18100;18279;Vierzon;;;2.067114;47.23887
18279_1285_00015;15;;Rue Federico Garcia Lorca;18100;18279;Vierzon;;;2.086097;47.199197
18279_0870_00007;7;;Rue Condorcet;18100;18279;Vierzon;;;2.072364;47.218165
18279_1128_00057_c;57;c;Avenue Edouard Vaillant;18100;18279;Vierzon;;;2.061081;47.233638
18279_1569_00003_bis;3;bis;Chemin de Grands Champs;18100;18279;Vierzon;;;2.085753;47.247678
18279_0714_00003;3;;Rue du Champ du Four;18100;18279;Vierzon;;;2.081694;47.233551
18279_1536_00005;5;;Rue Georges Politzer;18100;18279;Vierzon;;;2.078283;47.204787
18279_0660_00005;5;;Rue Célestin Gérard;18100;18279;Vierzon;;;2.054648;47.226236
18279_2640_00015;15;;Route du Petit Râteau;18100;18279;Vierzon;;;2.09705;47.230464
18279_0465_00010;10;;Route du Bois Blanc;18100;18279;Vierzon;;;2.108316;47.205617
18279_0710_00057;57;;Rue du Champanet;18100;18279;Vierzon;;;2.059297;47.220261
18279_66j5mf_00012;12;;Chemin des Noues;18100;18279;Vierzon;;;2.049177;47.209594
18279_1912_00004;4;;Impasse Jean Rostand;18100;18279;Vierzon;;;2.073487;47.232069
18279_0350_00090;90;;Rue Beau Site;18100;18279;Vierzon;;;2.069778;47.206719
18279_2770_00030;30;;Rue de la Plaisance;18100;18279;Vierzon;;;2.093165;47.220439
18279_1580_00002;2;;Rue du Grand Clement;18100;18279;Vierzon;;;2.07115;47.227427
18279_a140_00009;9;;Résidence des Coumelins;18100;18279;Vierzon;;;2.0999;47.222041
18279_2220_00003_a;3;a;Rue du Maréchal Joffre;18100;18279;Vierzon;;;2.0684;47.223113
18279_2795_00035;35;;Rue des Ponts;18100;18279;Vierzon;;;2.066409;47.218908
18279_3226_00025_a;25;a;Route du Vieux Domaine;18100;18279;Vierzon;;;2.092436;47.211808
18279_1720_00045;45;;Rue Henri Barbusse;18100;18279;Vierzon;;;2.064948;47.23308
18279_1144_00026;26;;Rue Elsa Triolet;18100;18279;Vierzon;;;2.084633;47.229766
18279_66j5mf_00042;42;;Chemin des Noues;18100;18279;Vierzon;;;2.045656;47.210688
18279_1405_00002;2;;Rue Gagarine;18100;18279;Vierzon;;;2.080006;47.22367
18279_0644_00002;2;;Imp des Castors de la Jonchere;18100;18279;Vierzon;;;2.041821;47.229971
18279_1290_00166;166;;Rue Félix Pyat;18100;18279;Vierzon;;;2.095456;47.228175
18279_1569_00001;1;;Chemin de Grands Champs;18100;18279;Vierzon;;;2.085446;47.247054
18279_1250_00102;102;;Rue Eugène Pottier;18100;18279;Vierzon;;;2.098407;47.224544
18279_3310_00004_b;4;b;Quai d'Yèvre;18100;18279;Vierzon;;;2.065416;47.219765
18279_1365_00037_a;37;a;Chemin de Fougery;18100;18279;Vierzon;;;2.069926;47.229684
18279_1840_00028;28;;Rue Jean-baptiste Clément;18100;18279;Vierzon;;;2.071548;47.23042
18279_2025_00006_bis;6;bis;avenue maréchal jean de lattre de tassigny;18100;18279;Vierzon;;;2.063341;47.208859
18279_1450_00015;15;;Rue Gambon;18100;18279;Vierzon;;;2.073111;47.227002
18279_0495_00025;25;;Chemin des Grands Bois;18100;18279;Vierzon;;;2.051573;47.237835
18279_1950_00015;15;;Avenue du Jonc;18100;18279;Vierzon;;;2.064974;47.210369
18279_2990_00028;28;;Rue Robespierre;18100;18279;Vierzon;;;2.097805;47.220307
18279_0370_00123;123;;Route de Bellon;18100;18279;Vierzon;;;2.080807;47.208093
18279_p07zqe_00077;77;;Chemin du Pre d’Anet;18100;18279;Vierzon;;;2.08224;47.218195
18279_1810_00004;4;;Rue de l'Ile du Cher;18100;18279;Vierzon;;;2.065058;47.216874
18279_1270_00012;12;;Petite Rue de Fay;18100;18279;Vierzon;;;2.051085;47.236024
18279_1877_00056;56;;Avenue Jean Jaurès;18100;18279;Vierzon;;;2.044729;47.231171
18279_2910_00040;40;;Avenue du 14 Juillet;18100;18279;Vierzon;;;2.064309;47.213808
18279_1010_00004;4;;Rue Denis Papin;18100;18279;Vierzon;;;2.056376;47.230381
18279_0866_00005;5;;Avenue du Colonel Manhes;18100;18279;Vierzon;;;2.081044;47.223478
18279_0660_00001;1;;Rue Célestin Gérard;18100;18279;Vierzon;;;2.055018;47.226746
18279_1750_00015;15;;Rue Henri Sellier;18100;18279;Vierzon;;;2.055562;47.218027
18279_3226_00005;5;;Route du Vieux Domaine;18100;18279;Vierzon;;;2.082796;47.214493
18279_2065_00005;5;;Passage Leveque;18100;18279;Vierzon;;;2.052465;47.228706
18279_2123_00023;23;;Square Louis Braille;18100;18279;Vierzon;;;2.088444;47.200661
18279_0280_00014;14;;Impasse Barbes;18100;18279;Vierzon;;;2.053745;47.233843
18279_1980_00001_a;1;a;Rue Jules Guesde;18100;18279;Vierzon;;;2.050311;47.227491
18279_1250_00036_a;36;a;Rue Eugène Pottier;18100;18279;Vierzon;;;2.100273;47.219189
18279_2870_00071;71;;Route de Puits Berteau;18100;18279;Vierzon;;;2.073956;47.236838
18279_0890_00079;79;;Rue de la Convention;18100;18279;Vierzon;;;2.106917;47.221243
18279_0590_00016;16;;Rue Camille Desmoulins;18100;18279;Vierzon;;;2.0624;47.220926
18279_1840_00088;88;;Rue Jean-baptiste Clément;18100;18279;Vierzon;;;2.075265;47.232749
18279_1510_00023;23;;Grande Rue de la Genette;18100;18279;Vierzon;;;2.057157;47.216273
18279_0542_00029;29;;Rue du Bourdoiseau;18100;18279;Vierzon;;;2.062709;47.233091
18279_1070_00009;9;;Rue des Donneaux;18100;18279;Vierzon;;;2.045182;47.227407
18279_1250_00089;89;;Rue Eugène Pottier;18100;18279;Vierzon;;;2.09809;47.225579
18279_0385_00014;14;;Chemin des Bergeries;18100;18279;Vierzon;;;2.053814;47.223606
18279_2040_00034;34;;Avenue Mal Philippe Leclerc de Ha;18100;18279;Vierzon;;;2.055108;47.209027
18279_0370_00002_bis;2;bis;Route de Bellon;18100;18279;Vierzon;;;2.069484;47.214252
18279_0445_00005;5;;Chemin Blanc;18100;18279;Vierzon;;;2.052353;47.207836
18279_1010_00003;3;;Rue Denis Papin;18100;18279;Vierzon;;;2.05625;47.230406
18279_2040_00012;12;;Avenue Mal Philippe Leclerc de Ha;18100;18279;Vierzon;;;2.057178;47.209342
18279_1375_00005;5;;Rue France Bloch-sérazin;18100;18279;Vierzon;;;2.077946;47.207129
18279_0095_00023;23;;Rue André Gide;18100;18279;Vierzon;;;2.0956;47.224631
18279_3060_00017_c;17;c;Rue du Sergent Bobillot;18100;18279;Vierzon;;;2.047368;47.228872
18279_2688_00026;26;;Rue Pierre Brossolette;18100;18279;Vierzon;;;2.076115;47.205333
18279_1270_00001;1;;Petite Rue de Fay;18100;18279;Vierzon;;;2.050454;47.236142
18279_1060_00007;7;;Rue du Docteur Lobligeois;18100;18279;Vierzon;;;2.058889;47.216831
18279_0310_00055;55;;Rue du Bas de Grange;18100;18279;Vierzon;;;2.053807;47.224792
18279_2080_00091;91;;Route de la Loeuf;18100;18279;Vierzon;;;2.031404;47.215317
18279_0120_00119;119;;Rue André Ribaud;18100;18279;Vierzon;;;2.074368;47.235545
18279_0978_00004;4;;Passage du Crot à Foulon;18100;18279;Vierzon;;;2.063466;47.229704
18279_0568_00015;15;;Chemin du Briou;18100;18279;Vierzon;;;2.086254;47.226281
18279_1690_00034;34;;Route de Guérigny;18100;18279;Vierzon;;;2.138716;47.216063
18279_b2fplh_00018;18;;Residence Mermoz;18100;18279;Vierzon;;;2.063155;47.202764
18279_2335_00009;9;;Rue Miranda de Ebro;18100;18279;Vierzon;;;2.065159;47.218505
18279_1290_00033;33;;Rue Félix Pyat;18100;18279;Vierzon;;;2.08193;47.229454
18279_0650_00036;36;;Rue du Cavalier;18100;18279;Vierzon;;;2.065684;47.225951
18279_0587_00003;3;;Allée Camille Claudel;18100;18279;Vierzon;;;2.081508;47.232687
18279_2155_00057_n;57;n;Avenue du 8 Mai 1945;18100;18279;Vierzon;;;2.07927;47.230871
18279_0052_00022_a;22;a;Rue Albert et Paul Thouvenin;18100;18279;Vierzon;;;2.110939;47.207189
18279_3271_00004;4;;Route du Village d’En Haut;18100;18279;Vierzon;;;2.110268;47.23021
18279_3091_00012;12;;Chemin des Tailles;18100;18279;Vierzon;;;2.05795;47.238588
18279_1700_00006;6;;Rue Gustave Flourens;18100;18279;Vierzon;;;2.058159;47.230521
18279_2685_00010;10;;Avenue Pierre Billes;18100;18279;Vierzon;;;2.112294;47.202277
18279_2155_00074;74;;Avenue du 8 Mai 1945;18100;18279;Vierzon;;;2.079661;47.23023
18279_1010_00012;12;;Rue Denis Papin;18100;18279;Vierzon;;;2.055912;47.230155
18279_3222_00002;2;;Impasse de Vieilfond;18100;18279;Vierzon;;;2.066114;47.23895
18279_1405_01310;1310;;Rue Gagarine;18100;18279;Vierzon;;;2.079221;47.224195
18279_1821_00008;8;;Rue Jacqueline Auriol;18100;18279;Vierzon;;;2.065593;47.203096
18279_3086_00037;37;;Impasse Suzanne Masson;18100;18279;Vierzon;;;2.079049;47.204966
18279_3285_00017;17;;Rue Vincent Auriol;18100;18279;Vierzon;;;2.087639;47.199693
18279_2590_00002;2;;Rue Paul Lafargue;18100;18279;Vierzon;;;2.071396;47.221655
18279_1710_00025;25;;Rue Guy Môquet;18100;18279;Vierzon;;;2.074906;47.21223
18279_2085_00053;53;;Rue des Lilas;18100;18279;Vierzon;;;2.054642;47.233889
18279_1144_00006;6;;Rue Elsa Triolet;18100;18279;Vierzon;;;2.083023;47.230196
18279_1877_00016;16;;Avenue Jean Jaurès;18100;18279;Vierzon;;;2.047832;47.230468
18279_2985_00005;5;;Impasse Riparia;18100;18279;Vierzon;;;2.061045;47.214723
18279_vf0i5v_00023;23;;Chemin rural Dit des Ajoncs;18100;18279;Vierzon;;;2.08264;47.238346
18279_2560_00061;61;;Rue Pasteur;18100;18279;Vierzon;;;2.090205;47.21885
18279_0359_00002;2;;Parc de Bellevue;18100;18279;Vierzon;;;2.076173;47.226714
18279_2714_00005;5;;Allée Pierre de Coubertin;18100;18279;Vierzon;;;2.077505;47.21003
18279_1538_00002;2;;Rue Georges Rousseau;18100;18279;Vierzon;;;2.057253;47.213349
18279_1715_00007;7;;Allee Hoche;18100;18279;Vierzon;;;2.045856;47.227273
18279_2155_00059_i;59;i;Avenue du 8 Mai 1945;18100;18279;Vierzon;;;2.079386;47.230832
18279_1693_00011;11;;Allee Guillaume Apollinaire;18100;18279;Vierzon;;;2.085081;47.22085
18279_1290_00107;107;;Rue Félix Pyat;18100;18279;Vierzon;;;2.089124;47.227882
18279_b2fplh_00019;19;;Residence Mermoz;18100;18279;Vierzon;;;2.063865;47.204777
18279_0350_00012;12;;Rue Beau Site;18100;18279;Vierzon;;;2.072896;47.21249
18279_2560_00024_c;24;c;Rue Pasteur;18100;18279;Vierzon;;;2.086349;47.219892
18279_2472_00003;3;;Route des Noues;18100;18279;Vierzon;;;2.048421;47.209931
18279_1250_00067;67;;Rue Eugène Pottier;18100;18279;Vierzon;;;2.098316;47.224159
18279_0417_00036;36;;Rue Berty Albrecht;18100;18279;Vierzon;;;2.054777;47.210659
18279_1857_00005;5;;Rue Jean Cocteau;18100;18279;Vierzon;;;2.084802;47.226907
18279_1128_00029_bis;29;bis;Avenue Edouard Vaillant;18100;18279;Vierzon;;;2.061167;47.231456
18279_1840_00100;100;;Rue Jean-baptiste Clément;18100;18279;Vierzon;;;2.076374;47.233326
18279_1120_00001;1;;Rue Edouard Branly;18100;18279;Vierzon;;;2.104475;47.21654
18279_1560_00026;26;;Rue Gourdon;18100;18279;Vierzon;;;2.065479;47.224493
18279_1530_00014;14;;Rue Georges Clémenceau;18100;18279;Vierzon;;;2.057691;47.21567
18279_0415_00017;17;;Rue Bernard Dumont;18100;18279;Vierzon;;;2.070554;47.206094
18279_2610_00027_a;27;a;Chemin des Pelles;18100;18279;Vierzon;;;2.042785;47.223287
18279_0482_00008;8;;Rue du Bois d'Yèvre;18100;18279;Vierzon;;;2.069855;47.218449
18279_3280_00008;8;;Rue de Villeneuve;18100;18279;Vierzon;;;2.072196;47.213193
18279_1825_00062;62;;Rue Jacques Brel;18100;18279;Vierzon;;;2.083679;47.199033
18279_2189_00004;4;;Rue Marcel Paul;18100;18279;Vierzon;;;2.086698;47.235253
18279_1840_00114;114;;Rue Jean-baptiste Clément;18100;18279;Vierzon;;;2.077355;47.233545
18279_2950_00008_ter;8;ter;Avenue de la République;18100;18279;Vierzon;;;2.066644;47.222733
18279_2949_00003;3;;Place de la République;18100;18279;Vierzon;;;2.06559;47.22194
18279_1391_00005;5;;Rue de la Fringale;18100;18279;Vierzon;;;2.040583;47.232794
18279_0963_00037;37;;Route de la Croix;18100;18279;Vierzon;;;2.106233;47.229668
18279_0865_00003;3;;Rue du Colonel Fabien;18100;18279;Vierzon;;;2.064364;47.234331
18279_1120_00039;39;;Rue Edouard Branly;18100;18279;Vierzon;;;2.103742;47.219514
18279_2560_00060_bis;60;bis;Rue Pasteur;18100;18279;Vierzon;;;2.089835;47.219408
18279_1511_00002;2;;Place de la Genette;18100;18279;Vierzon;;;2.059674;47.216372
18279_1840_00036;36;;Rue Jean-baptiste Clément;18100;18279;Vierzon;;;2.071031;47.229176
18279_3251_00021_a;21;a;Rue du Village Aubry;18100;18279;Vierzon;;;2.100546;47.218466
18279_1055_00010;10;;Avenue du 19 Mars 1962;18100;18279;Vierzon;;;2.08995;47.238357
18279_2058_00056;56;;Rue Léo Mérigot;18100;18279;Vierzon;;;2.052183;47.227892
18279_0308_00006;6;;Place du Bas de Grange;18100;18279;Vierzon;;;2.048374;47.22541
18279_1940_00004;4;;Rue Joliot Curie;18100;18279;Vierzon;;;2.073494;47.208867
18279_2630_00006;6;;Rue du Péry;18100;18279;Vierzon;;;2.081549;47.225844
18279_2220_00015;15;;Rue du Maréchal Joffre;18100;18279;Vierzon;;;2.069022;47.223144
18279_3141_00013;13;;Chemin de la Trietterie;18100;18279;Vierzon;;;2.099234;47.243117
18279_0352_00011;11;;Rue Beethoven;18100;18279;Vierzon;;;2.078959;47.235022
18279_1951_00027;27;;Passage du Jonc;18100;18279;Vierzon;;;2.066597;47.211149
18279_2190_00028_bis;28;bis;Rue Marcel Perrin;18100;18279;Vierzon;;;2.070975;47.225276
18279_0978_00004_d;4;d;Passage du Crot à Foulon;18100;18279;Vierzon;;;2.063094;47.229845
18279_0095_00015;15;;Rue André Gide;18100;18279;Vierzon;;;2.095586;47.223601
18279_2560_00037_bis;37;bis;Rue Pasteur;18100;18279;Vierzon;;;2.088269;47.21952
18279_3047_00109;109;;Rue Saint Exupéry;18100;18279;Vierzon;;;2.066965;47.200018
18279_1391_00013;13;;Rue de la Fringale;18100;18279;Vierzon;;;2.040084;47.233358
18279_vf0i5v_00015;15;;Chemin rural Dit des Ajoncs;18100;18279;Vierzon;;;2.08153;47.237986
18279_1980_00009_b;9;b;Rue Jules Guesde;18100;18279;Vierzon;;;2.049481;47.227717
18279_3210_00014;14;;Rue Victor Hugo;18100;18279;Vierzon;;;2.066793;47.223284
18279_3202_00014;14;;Avenue de Verdun;18100;18279;Vierzon;;;2.072364;47.224289
18279_2085_00025;25;;Rue des Lilas;18100;18279;Vierzon;;;2.056338;47.233048
18279_1712_00024;24;;Hameau de la Dumonerie;18100;18279;Vierzon;;;2.095292;47.219537
18279_2608_00021;21;;Chemin des Peages;18100;18279;Vierzon;;;2.029548;47.225915
18279_1700_00003;3;;Rue Gustave Flourens;18100;18279;Vierzon;;;2.057731;47.230494
18279_0600_00014;14;;Petite Rue du Camp;18100;18279;Vierzon;;;2.067063;47.206751
18279_2993_00005;5;;Rue Roger Faletto;18100;18279;Vierzon;;;2.087215;47.200257
18279_0uduo0_00012_bis;12;bis;Chemin du Jouffroy;18100;18279;Vierzon;;;2.105189;47.222237
18279_0080_00075;75;;Rue Anatole France;18100;18279;Vierzon;;;2.053019;47.222034
18279_0714_00009;9;;Rue du Champ du Four;18100;18279;Vierzon;;;2.080674;47.234561
18279_0951_00026;26;;Chemin des Grandes Crêles;18100;18279;Vierzon;;;2.06979;47.203205
18279_1060_00005;5;;Rue du Docteur Lobligeois;18100;18279;Vierzon;;;2.059144;47.216761
18279_1775_00009;9;;Rue des Hortensias;18100;18279;Vierzon;;;2.054235;47.232917
18279_0465_00014_bis;14;bis;Route du Bois Blanc;18100;18279;Vierzon;;;2.10803;47.203197
18279_2080_00010;10;;Route de la Loeuf;18100;18279;Vierzon;;;2.047346;47.214551
18279_3210_00024;24;;Rue Victor Hugo;18100;18279;Vierzon;;;2.066028;47.223249
18279_0258_00012;12;;Impasse Babeuf;18100;18279;Vierzon;;;2.042316;47.233806
18279_0462_00001;1;;Rue Bobby Sands;18100;18279;Vierzon;;;2.063519;47.222004
18279_2050_00016;16;;Rue Ledru Rollin;18100;18279;Vierzon;;;2.079545;47.215912
18279_3170_00013;13;;Rue de Valmy;18100;18279;Vierzon;;;2.06816;47.219024
18279_2005_00022;22;;Rue Julian Grimau;18100;18279;Vierzon;;;2.085546;47.200972
18279_2255_00018;18;;Place de la Mémoire;18100;18279;Vierzon;;;2.079655;47.199793
18279_1240_00020_t;20;t;Rue Etienne Nivet;18100;18279;Vierzon;;;2.079332;47.22174
18279_2870_00002;2;;Route de Puits Berteau;18100;18279;Vierzon;;;2.080699;47.231435
18279_3280_00011;11;;Rue de Villeneuve;18100;18279;Vierzon;;;2.072554;47.21288
18279_0845_00014;14;;Impasse du Clos du Roy;18100;18279;Vierzon;;;2.074447;47.221832
18279_0450_00006;6;;Rue Blanche Baron;18100;18279;Vierzon;;;2.065602;47.222546
18279_2995_00015;15;;Rue Roland Champenier;18100;18279;Vierzon;;;2.068554;47.239024
18279_1536_00030;30;;Rue Georges Politzer;18100;18279;Vierzon;;;2.077725;47.203539
18279_2190_00027;27;;Rue Marcel Perrin;18100;18279;Vierzon;;;2.071105;47.225597
18279_2850_00026;26;;Rue Proudhon;18100;18279;Vierzon;;;2.048023;47.232441
18279_1375_00032;32;;Rue France Bloch-sérazin;18100;18279;Vierzon;;;2.077519;47.206317
18279_1300_00023;23;;Rue Fernand Léger;18100;18279;Vierzon;;;2.086471;47.228284
18279_2100_00054;54;;Rue des Longueraies;18100;18279;Vierzon;;;2.058325;47.234184
18279_2405_00011;11;;Rue Mozart;18100;18279;Vierzon;;;2.07913;47.232086
18279_2190_00010;10;;Rue Marcel Perrin;18100;18279;Vierzon;;;2.07114;47.224655
18279_0308_00010;10;;Place du Bas de Grange;18100;18279;Vierzon;;;2.04831;47.225128
18279_3046_00012;12;;Chemin des Sables de Saint Prié;18100;18279;Vierzon;;;2.037881;47.232298
18279_1155_00056;56;;Rue Emile Desforges;18100;18279;Vierzon;;;2.086251;47.229638
18279_0568_00046_bis;46;bis;Chemin du Briou;18100;18279;Vierzon;;;2.086516;47.225981
18279_0450_00011;11;;Rue Blanche Baron;18100;18279;Vierzon;;;2.065657;47.222487
18279_0445_00063;63;;Chemin Blanc;18100;18279;Vierzon;;;2.061129;47.204003
18279_0462_00003;3;;Rue Bobby Sands;18100;18279;Vierzon;;;2.063668;47.222582
18279_2560_00024_h;24;h;Rue Pasteur;18100;18279;Vierzon;;;2.086586;47.219874
18279_2330_00028;28;;Rue Mirabeau;18100;18279;Vierzon;;;2.055928;47.212792
18279_1290_00017;17;;Rue Félix Pyat;18100;18279;Vierzon;;;2.081363;47.230163
18279_3210_00053;53;;Rue Victor Hugo;18100;18279;Vierzon;;;2.065083;47.223707
18279_2950_00015;15;;Avenue de la République;18100;18279;Vierzon;;;2.066406;47.222713
18279_0120_00088;88;;Rue André Ribaud;18100;18279;Vierzon;;;2.070218;47.233539
18279_3020_00016;16;;Rue de Ronvaux;18100;18279;Vierzon;;;2.054048;47.22566
18279_0060_00018;18;;Rue Alphonse Daudet;18100;18279;Vierzon;;;2.077824;47.215093
18279_0844_00005;5;;Impasse du Clos Chabot;18100;18279;Vierzon;;;2.079392;47.229106
18279_0080_00085;85;;Rue Anatole France;18100;18279;Vierzon;;;2.051837;47.222249
18279_2640_00034_bis;34;bis;Route du Petit Râteau;18100;18279;Vierzon;;;2.097875;47.231443
18279_0950_00004;4;;Chemin des Crêles;18100;18279;Vierzon;;;2.081785;47.198195
18279_2390_00044;44;;Rue du Mouton;18100;18279;Vierzon;;;2.085081;47.230545
18279_0817_00005;5;;Chemin du Chevry;18100;18279;Vierzon;;;2.116341;47.215492
18279_1362_00014;14;;Chemin des Fougeres;18100;18279;Vierzon;;;2.030809;47.240648
18279_1530_00028_bis;28;bis;Rue Georges Clémenceau;18100;18279;Vierzon;;;2.056855;47.215819
18279_0600_00038_bis;38;bis;Petite Rue du Camp;18100;18279;Vierzon;;;2.064604;47.20728
18279_2025_00020_ter;20;ter;avenue maréchal jean de lattre de tassigny;18100;18279;Vierzon;;;2.064836;47.208069
18279_0170_00054;54;;Rue Armand Brunet;18100;18279;Vierzon;;;2.072445;47.221364
18279_3285_00001;1;;Rue Vincent Auriol;18100;18279;Vierzon;;;2.087904;47.20047
18279_0990_00047;47;;Rue Danielle Casanova;18100;18279;Vierzon;;;2.074376;47.212662
18279_2265_00032;32;;Residence Mermoz Sud;18100;18279;Vierzon;;;2.063577;47.203427
18279_1230_00019;19;;Rue Etienne Marcel;18100;18279;Vierzon;;;2.096443;47.218104
18279_2412_00012;12;;Impasse de la Nation;18100;18279;Vierzon;;;2.059066;47.214392
18279_0963_00037_bis;37;bis;Route de la Croix;18100;18279;Vierzon;;;2.105413;47.229629
18279_1536_00046;46;;Rue Georges Politzer;18100;18279;Vierzon;;;2.078225;47.204014
18279_0980_00029;29;;Rue du Crot à Foulon;18100;18279;Vierzon;;;2.062686;47.231038
18279_1630_00004;4;;Impasse du Grelet;18100;18279;Vierzon;;;2.05057;47.231469
18279_0497_00022;22;;Chemin de Bois Marteau;18100;18279;Vierzon;;;2.055585;47.23971
18279_0020_00006;6;;Chemin de l’Abricot;18100;18279;Vierzon;;;2.053238;47.220565
18279_1535_00027;27;;Rue Georges Fauconnier;18100;18279;Vierzon;;;2.068348;47.239477
18279_3280_00095;95;;Rue de Villeneuve;18100;18279;Vierzon;;;2.069725;47.20789
18279_2980_00007_a;7;a;Rue Riparia;18100;18279;Vierzon;;;2.060411;47.214583
18279_1950_00021;21;;Avenue du Jonc;18100;18279;Vierzon;;;2.065386;47.210302
18279_2583_00018;18;;Rue Paul Eluard;18100;18279;Vierzon;;;2.084389;47.200822
18279_0070_00011;11;;Rue Alphonse Pradat;18100;18279;Vierzon;;;2.046829;47.222387
18279_1375_00026;26;;Rue France Bloch-sérazin;18100;18279;Vierzon;;;2.077174;47.206329
18279_1290_00118;118;;Rue Félix Pyat;18100;18279;Vierzon;;;2.090196;47.228256
18279_1825_00009;9;;Rue Jacques Brel;18100;18279;Vierzon;;;2.078736;47.200708
18279_1230_00036;36;;Rue Etienne Marcel;18100;18279;Vierzon;;;2.097117;47.217866
18279_0350_00024;24;;Rue Beau Site;18100;18279;Vierzon;;;2.072513;47.211757
18279_1385_00011;11;;Rue Frédéric Mistral;18100;18279;Vierzon;;;2.094288;47.225343
18279_2870_00119;119;;Route de Puits Berteau;18100;18279;Vierzon;;;2.069298;47.237681
18279_1640_00008;8;;Rue du Grelet;18100;18279;Vierzon;;;2.049759;47.230911
18279_0711_00021;21;;Chemin du Champ Chapelet;18100;18279;Vierzon;;;2.08446;47.23792
18279_0420_00004;4;;Rue de la Bidauderie;18100;18279;Vierzon;;;2.078702;47.234221
18279_3048_00007;7;;Route de Saint Laurent;18100;18279;Vierzon;;;2.115894;47.216186
18279_1120_00016;16;;Rue Edouard Branly;18100;18279;Vierzon;;;2.104718;47.217423
18279_1280_00025_bis;25;bis;Rue de Fay;18100;18279;Vierzon;;;2.050669;47.235446
18279_3133_00023_bis;23;bis;Route de Tours;18100;18279;Vierzon;;;2.036979;47.233164
18279_0460_00008;8;;Rue Blanqui;18100;18279;Vierzon;;;2.049226;47.226226
18279_2157_00004;4;;Chemin de la Maison Blanche;18100;18279;Vierzon;;;2.04096;47.223949
18279_2648_00030;30;;Chemin de la Petite Noue;18100;18279;Vierzon;;;2.064364;47.203956
18279_0890_00008;8;;Rue de la Convention;18100;18279;Vierzon;;;2.100941;47.218071
18279_0395_00011;11;;Rue Henri Bergson;18100;18279;Vierzon;;;2.094359;47.224734
18279_1270_00018;18;;Petite Rue de Fay;18100;18279;Vierzon;;;2.050837;47.236608
18279_3251_00003;3;;Rue du Village Aubry;18100;18279;Vierzon;;;2.099219;47.217861
18279_1720_00094;94;;Rue Henri Barbusse;18100;18279;Vierzon;;;2.065927;47.238436
18279_1250_00040;40;;Rue Eugène Pottier;18100;18279;Vierzon;;;2.099817;47.21971
18279_0980_00013;13;;Rue du Crot à Foulon;18100;18279;Vierzon;;;2.064035;47.230126
18279_1055_00018_j;18;j;Avenue du 19 Mars 1962;18100;18279;Vierzon;;;2.092135;47.239979
18279_2500_00011;11;;Rue des Ormes;18100;18279;Vierzon;;;2.076929;47.231938
18279_2679_00012;12;;Chemin de la Picardière;18100;18279;Vierzon;;;2.124649;47.240014
18279_0310_00030;30;;Rue du Bas de Grange;18100;18279;Vierzon;;;2.053373;47.224977
18279_1032_00007;7;;Rue Diderot;18100;18279;Vierzon;;;2.071144;47.218176
18279_1990_00053;53;;Rue Jules Louis Breton;18100;18279;Vierzon;;;2.081613;47.220216
18279_0925_00007;7;;La Cour d’En Haut;18100;18279;Vierzon;;;2.032739;47.208147
18279_2594_00020;20;;Rue Paul Valery;18100;18279;Vierzon;;;2.066548;47.208795
18279_0075_00051;51;;Rue Ambroise Croizat;18100;18279;Vierzon;;;2.069444;47.236861
18279_1070_00005;5;;Rue des Donneaux;18100;18279;Vierzon;;;2.045376;47.227679
18279_1609_00008;8;;Chemin des Grandes Terres;18100;18279;Vierzon;;;2.062174;47.205968
18279_b2fplh_00013;13;;Residence Mermoz;18100;18279;Vierzon;;;2.063907;47.205039
18279_1712_00007;7;;Hameau de la Dumonerie;18100;18279;Vierzon;;;2.095521;47.219362
18279_2714_00014;14;;Allée Pierre de Coubertin;18100;18279;Vierzon;;;2.076727;47.2097
18279_1128_00102_bis;102;bis;Avenue Edouard Vaillant;18100;18279;Vierzon;;;2.060744;47.237203
18279_3048_00037;37;;Route de Saint Laurent;18100;18279;Vierzon;;;2.120541;47.219707
18279_3060_00007;7;;Rue du Sergent Bobillot;18100;18279;Vierzon;;;2.048436;47.229569
18279_b304_00051_b;51;b;Village au Piquet;18100;18279;Vierzon;;;2.122165;47.221148
18279_0260_00004;4;;Petite Rue Babeuf;18100;18279;Vierzon;;;2.04557;47.234299
18279_3047_00014_b;14;b;Rue Saint Exupéry;18100;18279;Vierzon;;;2.068374;47.205387
18279_1230_00095;95;;Rue Etienne Marcel;18100;18279;Vierzon;;;2.102811;47.216637
18279_1180_00005;5;;Rue Ernest Renan;18100;18279;Vierzon;;;2.074551;47.21756
18279_3084_00007;7;;Chemin du Stade Constant Duval;18100;18279;Vierzon;;;2.057518;47.239965
18279_2220_00030;30;;Rue du Maréchal Joffre;18100;18279;Vierzon;;;2.069254;47.223167
18279_2770_00089;89;;Rue de la Plaisance;18100;18279;Vierzon;;;2.098362;47.221542
18279_2335_00015;15;;Rue Miranda de Ebro;18100;18279;Vierzon;;;2.064504;47.218795
18279_1730_00028;28;;Avenue Henri Brisson;18100;18279;Vierzon;;;2.061073;47.228573
18279_3147_00022;22;;Rue de l'Unité;18100;18279;Vierzon;;;2.072426;47.23617
18279_2430_00016;16;;Rue Urbain Nègre;18100;18279;Vierzon;;;2.080317;47.227707
18279_2230_00001;1;;Route de Massay;18100;18279;Vierzon;;;2.054952;47.208647
18279_0465_00012;12;;Route du Bois Blanc;18100;18279;Vierzon;;;2.109741;47.204784
18279_2688_00065;65;;Rue Pierre Brossolette;18100;18279;Vierzon;;;2.075706;47.203774
18279_1255_00007;7;;Rue Evariste Galois;18100;18279;Vierzon;;;2.084642;47.201549
18279_0290_00047;47;;Rue Barbès;18100;18279;Vierzon;;;2.05447;47.235234
18279_0740_00014_bis;14;bis;Rue Charles Hurvoy;18100;18279;Vierzon;;;2.067107;47.22796
18279_1450_00003_bis;3;bis;Rue Gambon;18100;18279;Vierzon;;;2.071268;47.227108
18279_2720_00021;21;;Rue Pierre Dupont;18100;18279;Vierzon;;;2.046239;47.235462
18279_1877_00005;5;;Avenue Jean Jaurès;18100;18279;Vierzon;;;2.048577;47.23018
18279_1980_00009;9;;Rue Jules Guesde;18100;18279;Vierzon;;;2.049808;47.228361
18279_0260_00001_a;1;a;Petite Rue Babeuf;18100;18279;Vierzon;;;2.045749;47.234291
18279_2430_00020;20;;Rue Urbain Nègre;18100;18279;Vierzon;;;2.080328;47.228185
18279_2630_00015;15;;Rue du Péry;18100;18279;Vierzon;;;2.083862;47.225305
18279_1360_00002;2;;Impasse des Fossés;18100;18279;Vierzon;;;2.068096;47.223721
18279_1144_00016;16;;Rue Elsa Triolet;18100;18279;Vierzon;;;2.083659;47.229556
18279_0370_00055;55;;Route de Bellon;18100;18279;Vierzon;;;2.075486;47.212977
18279_3047_00065;65;;Rue Saint Exupéry;18100;18279;Vierzon;;;2.067704;47.202515
18279_0160_00052;52;;Rue Armand Bazile;18100;18279;Vierzon;;;2.077066;47.216088
18279_0290_00107;107;;Rue Barbès;18100;18279;Vierzon;;;2.058976;47.237264
18279_2993_00001;1;;Rue Roger Faletto;18100;18279;Vierzon;;;2.087644;47.200383
18279_2650_00003;3;;Rue de la Petite Noue;18100;18279;Vierzon;;;2.058188;47.208966
18279_0350_00013;13;;Rue Beau Site;18100;18279;Vierzon;;;2.073371;47.212592
18279_1406_00025;25;;Chemin de la Gaillardière;18100;18279;Vierzon;;;2.112284;47.227208
18279_2189_00009;9;;Rue Marcel Paul;18100;18279;Vierzon;;;2.088951;47.234504
18279_1526_00004;4;;Square Georges Brassens;18100;18279;Vierzon;;;2.077722;47.201634
18279_1870_00080;80;;Rue Jean Jacques Rousseau;18100;18279;Vierzon;;;2.084511;47.216214
18279_1870_00086;86;;Rue Jean Jacques Rousseau;18100;18279;Vierzon;;;2.084834;47.216134
18279_1230_00083_bis;83;bis;Rue Etienne Marcel;18100;18279;Vierzon;;;2.102362;47.216758
18279_1840_00014;14;;Rue Jean-baptiste Clément;18100;18279;Vierzon;;;2.070557;47.227919
18279_3052_00014;14;;Route de Saint Lazare;18100;18279;Vierzon;;;2.097175;47.208435
18279_0416_00004;4;;Chemin des Bertes;18100;18279;Vierzon;;;2.14005;47.215171
18279_0080_00013;13;;Rue Anatole France;18100;18279;Vierzon;;;2.060054;47.220931
18279_0600_00007;7;;Petite Rue du Camp;18100;18279;Vierzon;;;2.067533;47.206548
18279_1285_00013;13;;Rue Federico Garcia Lorca;18100;18279;Vierzon;;;2.086295;47.199193
18279_2180_00019;19;;Rue Marcel Cachin;18100;18279;Vierzon;;;2.088692;47.228858
18279_0568_00011;11;;Chemin du Briou;18100;18279;Vierzon;;;2.085564;47.225319
18279_0080_00019;19;;Rue Anatole France;18100;18279;Vierzon;;;2.059618;47.220917
18279_1549_00015;15;;Chemin de la Giraudiere;18100;18279;Vierzon;;;2.02705;47.236047
18279_2930_00010;10;;Rue Raspail;18100;18279;Vierzon;;;2.078318;47.222586
18279_1732_00010;10;;Square Henriette Dumuin;18100;18279;Vierzon;;;2.078737;47.203205
18279_0020_00020;20;;Chemin de l’Abricot;18100;18279;Vierzon;;;2.051233;47.219117
18279_0890_00017;17;;Rue de la Convention;18100;18279;Vierzon;;;2.10135;47.218582
18279_0740_01340;1340;;Rue Charles Hurvoy;18100;18279;Vierzon;;;2.06955;47.227334
18279_1560_00046_b;46;b;Rue Gourdon;18100;18279;Vierzon;;;2.063157;47.224567
18279_0042_00007_a;7;a;Chemin des Ajoncs;18100;18279;Vierzon;;;2.080375;47.238079
18279_3055_00033;33;;Chemin de Saint Priest;18100;18279;Vierzon;;;2.034984;47.235035
18279_0836_00006;6;;Rue Claude Levi-strauss;18100;18279;Vierzon;;;2.08027;47.233693
18279_1000_00002;2;;Rue Danton;18100;18279;Vierzon;;;2.049076;47.226501
18279_0866_00052;52;;Avenue du Colonel Manhes;18100;18279;Vierzon;;;2.083208;47.223569
18279_3076_00028;28;;Route des Souchènes;18100;18279;Vierzon;;;2.028629;47.215096
18279_0352_00009;9;;Rue Beethoven;18100;18279;Vierzon;;;2.078744;47.235131
18279_2583_00006;6;;Rue Paul Eluard;18100;18279;Vierzon;;;2.083084;47.20154
18279_2620_00045;45;;Rue des Pentecotes;18100;18279;Vierzon;;;2.058671;47.228504
18279_2070_00001_bis;1;bis;Boulevard de la Liberté;18100;18279;Vierzon;;;2.069014;47.226322
18279_671bao_00022_f;22;f;avenue maréchal philippe leclerc de hauteclocque;18100;18279;Vierzon;;;2.056139;47.209732
18279_0120_00012;12;;Rue André Ribaud;18100;18279;Vierzon;;;2.06569;47.229478
18279_2850_00010_g;10;g;Rue Proudhon;18100;18279;Vierzon;;;2.048603;47.231523
18279_0497_00042;42;;Chemin de Bois Marteau;18100;18279;Vierzon;;;2.053283;47.242845
18279_1158_00003;3;;Rue du Square Emile Peraudin;18100;18279;Vierzon;;;2.063876;47.223822
18279_0350_00084;84;;Rue Beau Site;18100;18279;Vierzon;;;2.070027;47.207159
18279_2910_00051;51;;Avenue du 14 Juillet;18100;18279;Vierzon;;;2.063952;47.213422
18279_1912_00009;9;;Impasse Jean Rostand;18100;18279;Vierzon;;;2.073117;47.232484
18279_2340_00023;23;;Rue Molière;18100;18279;Vierzon;;;2.06478;47.218695
18279_2710_00008;8;;Rue Pierre Debournou;18100;18279;Vierzon;;;2.061971;47.222804
18279_1310_00008;8;;Rue des Feuillures;18100;18279;Vierzon;;;2.06676;47.213004
18279_0990_00106;106;;Rue Danielle Casanova;18100;18279;Vierzon;;;2.073835;47.212214
18279_0075_00047;47;;Rue Ambroise Croizat;18100;18279;Vierzon;;;2.069045;47.236755
18279_2188_00017;17;;Rue Marcel Pagnol;18100;18279;Vierzon;;;2.075972;47.20996
18279_0280_00005;5;;Impasse Barbes;18100;18279;Vierzon;;;2.053288;47.234236
18279_2155_00073;73;;Avenue du 8 Mai 1945;18100;18279;Vierzon;;;2.083863;47.233714
18279_0450_00008_bis;8;bis;Rue Blanche Baron;18100;18279;Vierzon;;;2.06551;47.222797
18279_0030_00053;53;;Rue de l'Abricot;18100;18279;Vierzon;;;2.053538;47.220902
18279_0640_00027;27;;Rue Casimir Lecomte;18100;18279;Vierzon;;;2.064914;47.228506
18279_2180_00023;23;;Rue Marcel Cachin;18100;18279;Vierzon;;;2.088314;47.228836
18279_1290_00185;185;;Rue Félix Pyat;18100;18279;Vierzon;;;2.095393;47.228441
18279_1070_00026;26;;Rue des Donneaux;18100;18279;Vierzon;;;2.044598;47.225727
18279_3046_00004;4;;Chemin des Sables de Saint Prié;18100;18279;Vierzon;;;2.038828;47.232605
18279_0845_00010;10;;Impasse du Clos du Roy;18100;18279;Vierzon;;;2.074036;47.222002
18279_0350_00055;55;;Rue Beau Site;18100;18279;Vierzon;;;2.0717;47.209525
18279_1020_00010;10;;Rue Descartes;18100;18279;Vierzon;;;2.080613;47.216701
18279_0712_00002;2;;Rue du Champ Commun;18100;18279;Vierzon;;;2.068048;47.220295
18279_2830_00058;58;;Rue du President Wilson;18100;18279;Vierzon;;;2.053359;47.216679
18279_1905_00076;76;;Rue Jean Picot;18100;18279;Vierzon;;;2.074206;47.211186
18279_1834_00012;12;;Rue Jacques Richard;18100;18279;Vierzon;;;2.080166;47.200344
18279_1520_00025;25;;Rue George Sand;18100;18279;Vierzon;;;2.066755;47.227613
18279_3133_00065;65;;Route de Tours;18100;18279;Vierzon;;;2.03489;47.235495
18279_2405_00005;5;;Rue Mozart;18100;18279;Vierzon;;;2.0795;47.232216
18279_0290_00008;8;;Rue Barbès;18100;18279;Vierzon;;;2.051779;47.233308
18279_1720_00026_a;26;a;Rue Henri Barbusse;18100;18279;Vierzon;;;2.06475;47.230879
18279_1430_00001;1;;Rue Gallerand;18100;18279;Vierzon;;;2.06781;47.222391
18279_0743_00004;4;;Rue Charlotte Delbo;18100;18279;Vierzon;;;2.086623;47.22311
18279_2870_00038;38;;Route de Puits Berteau;18100;18279;Vierzon;;;2.077987;47.234644
18279_2123_00005;5;;Square Louis Braille;18100;18279;Vierzon;;;2.088228;47.201117
18279_2850_00017;17;;Rue Proudhon;18100;18279;Vierzon;;;2.048458;47.231885
18279_2050_00004;4;;Rue Ledru Rollin;18100;18279;Vierzon;;;2.078626;47.216128
18279_1470_00015;15;;Rue Gaston Cornavin;18100;18279;Vierzon;;;2.087262;47.228276
18279_2260_00015;15;;Route de Méreau;18100;18279;Vierzon;;;2.062198;47.208692
18279_1825_00018;18;;Rue Jacques Brel;18100;18279;Vierzon;;;2.079151;47.20029
18279_0743_00007;7;;Rue Charlotte Delbo;18100;18279;Vierzon;;;2.087757;47.222818
18279_1128_00019_t;19;t;Avenue Edouard Vaillant;18100;18279;Vierzon;;;2.061193;47.230789
18279_2990_00025;25;;Rue Robespierre;18100;18279;Vierzon;;;2.096969;47.21997
18279_2688_00006;6;;Rue Pierre Brossolette;18100;18279;Vierzon;;;2.07697;47.20503
18279_0542_00008;8;;Rue du Bourdoiseau;18100;18279;Vierzon;;;2.063832;47.231051
18279_0352_00006;6;;Rue Beethoven;18100;18279;Vierzon;;;2.078474;47.235043
18279_66j5mf_00033;33;;Chemin des Noues;18100;18279;Vierzon;;;2.043456;47.211048
18279_2714_00013;13;;Allée Pierre de Coubertin;18100;18279;Vierzon;;;2.076877;47.209437
18279_2640_00003;3;;Route du Petit Râteau;18100;18279;Vierzon;;;2.096983;47.229163
18279_0542_00061;61;;Rue du Bourdoiseau;18100;18279;Vierzon;;;2.061789;47.235172
18279_1825_00064;64;;Rue Jacques Brel;18100;18279;Vierzon;;;2.083936;47.199087
18279_1912_00007;7;;Impasse Jean Rostand;18100;18279;Vierzon;;;2.073256;47.232334
18279_0130_00020;20;;Rue Antoine Parmentier;18100;18279;Vierzon;;;2.045984;47.229331
18279_1930_00019;19;;Rue de Jérusalem;18100;18279;Vierzon;;;2.065558;47.218078
18279_0100_00046;46;;Rue André Guillemain;18100;18279;Vierzon;;;2.080752;47.214171
18279_1450_00012;12;;Rue Gambon;18100;18279;Vierzon;;;2.072583;47.227108
18279_2080_00103;103;;Route de la Loeuf;18100;18279;Vierzon;;;2.030359;47.214147
18279_0045_00008_b;8;b;Route d'Ainset;18100;18279;Vierzon;;;2.076998;47.237216
18279_0270_00055;55;;Rue Babeuf;18100;18279;Vierzon;;;2.041079;47.232853
18279_2870_00102;102;;Route de Puits Berteau;18100;18279;Vierzon;;;2.073054;47.237087
18279_1870_00077;77;;Rue Jean Jacques Rousseau;18100;18279;Vierzon;;;2.07625;47.217916
18279_1155_00061;61;;Rue Emile Desforges;18100;18279;Vierzon;;;2.086182;47.229687
18279_1609_00002;2;;Chemin des Grandes Terres;18100;18279;Vierzon;;;2.061328;47.20624
18279_a140_00005;5;;Résidence des Coumelins;18100;18279;Vierzon;;;2.099369;47.221982
18279_3210_00028;28;;Rue Victor Hugo;18100;18279;Vierzon;;;2.065783;47.223332
18279_1170_00044;44;;Rue des Epinettes;18100;18279;Vierzon;;;2.069863;47.227025
18279_1750_00035;35;;Rue Henri Sellier;18100;18279;Vierzon;;;2.056179;47.218075
18279_3271_00008;8;;Route du Village d’En Haut;18100;18279;Vierzon;;;2.11083;47.230441
18279_0013_00015;15;;Rue Abbé Pierre;18100;18279;Vierzon;;;2.080494;47.23414
18279_2260_00007;7;;Route de Méreau;18100;18279;Vierzon;;;2.062399;47.20918
18279_0270_00045;45;;Rue Babeuf;18100;18279;Vierzon;;;2.042318;47.233164
18279_0420_00033_c;33;c;Rue de la Bidauderie;18100;18279;Vierzon;;;2.08086;47.236454
18279_0890_00181;181;;Rue de la Convention;18100;18279;Vierzon;;;2.109576;47.227685
18279_1810_00021;21;;Rue de l'Ile du Cher;18100;18279;Vierzon;;;2.064665;47.217134
18279_1980_00019;19;;Rue Jules Guesde;18100;18279;Vierzon;;;2.047933;47.227507
18279_1290_00146;146;;Rue Félix Pyat;18100;18279;Vierzon;;;2.092956;47.228276
18279_3053_00006;6;;Impasse Saint Leonard;18100;18279;Vierzon;;;2.06704;47.214509
18279_2472_00034;34;;Route des Noues;18100;18279;Vierzon;;;2.047069;47.210314
18279_0465_00023;23;;Route du Bois Blanc;18100;18279;Vierzon;;;2.115619;47.201292
18279_1538_00020;20;;Rue Georges Rousseau;18100;18279;Vierzon;;;2.058088;47.212308
18279_0350_00045;45;;Rue Beau Site;18100;18279;Vierzon;;;2.072225;47.210324
18279_2260_00041;41;;Route de Méreau;18100;18279;Vierzon;;;2.061289;47.206481
18279_1230_00138;138;;Rue Etienne Marcel;18100;18279;Vierzon;;;2.105845;47.215505
18279_0140_00002;2;;Rue Antonin Lerault;18100;18279;Vierzon;;;2.067367;47.215525
18279_3110_00016;16;;Rue des Terres Mortes;18100;18279;Vierzon;;;2.056936;47.207866
18279_1020_00024_bis;24;bis;Rue Descartes;18100;18279;Vierzon;;;2.080088;47.215689
18279_0210_00028;28;;Rue des Ateliers;18100;18279;Vierzon;;;2.055084;47.229945
18279_0160_00058;58;;Rue Armand Bazile;18100;18279;Vierzon;;;2.077746;47.215898
18279_0870_00006;6;;Rue Condorcet;18100;18279;Vierzon;;;2.072406;47.217946
18279_2360_00015;15;;Rue de la Monnaie;18100;18279;Vierzon;;;2.070686;47.222583
18279_0120_00037_bis;37;bis;Rue André Ribaud;18100;18279;Vierzon;;;2.066764;47.231327
18279_0080_00121;121;;Rue Anatole France;18100;18279;Vierzon;;;2.048506;47.222864
18279_1840_00094;94;;Rue Jean-baptiste Clément;18100;18279;Vierzon;;;2.076096;47.232994
18279_2980_00006;6;;Rue Riparia;18100;18279;Vierzon;;;2.060311;47.214638
18279_0417_00011;11;;Rue Berty Albrecht;18100;18279;Vierzon;;;2.056409;47.211359
18279_2100_00048;48;;Rue des Longueraies;18100;18279;Vierzon;;;2.058387;47.2336
18279_2157_00018;18;;Chemin de la Maison Blanche;18100;18279;Vierzon;;;2.037743;47.224556
18279_0350_00031;31;;Rue Beau Site;18100;18279;Vierzon;;;2.07262;47.21124
18279_0740_00026;26;;Rue Charles Hurvoy;18100;18279;Vierzon;;;2.065596;47.228439
18279_0088_00006_d;6;d;Impasse Andre de Chenier;18100;18279;Vierzon;;;2.074514;47.218875
18279_1155_00011;11;;Rue Emile Desforges;18100;18279;Vierzon;;;2.082402;47.227131
18279_671bao_00033;33;;avenue maréchal philippe leclerc de hauteclocque;18100;18279;Vierzon;;;2.054732;47.208767
18279_0545_00034;34;;Route de Bourges;18100;18279;Vierzon;;;2.118839;47.214287
18279_1640_00007;7;;Rue du Grelet;18100;18279;Vierzon;;;2.050213;47.231716
18279_1128_00087;87;;Avenue Edouard Vaillant;18100;18279;Vierzon;;;2.06106;47.236365
18279_1290_00004;4;;Rue Félix Pyat;18100;18279;Vierzon;;;2.080613;47.230386
18279_0387_00020_bis;20;bis;Passage des Bergeries;18100;18279;Vierzon;;;2.050139;47.224274
18279_1290_00127;127;;Rue Félix Pyat;18100;18279;Vierzon;;;2.089764;47.228868
18279_1180_00003;3;;Rue Ernest Renan;18100;18279;Vierzon;;;2.074364;47.217824
18279_3180_00010;10;;Rue Van Craeynest;18100;18279;Vierzon;;;2.064471;47.209324
18279_1877_00069;69;;Avenue Jean Jaurès;18100;18279;Vierzon;;;2.042553;47.231584
18279_0310_00080;80;;Rue du Bas de Grange;18100;18279;Vierzon;;;2.046348;47.225551
18279_2870_00028;28;;Route de Puits Berteau;18100;18279;Vierzon;;;2.078923;47.233907
18279_0850_00002;2;;Rue Cognacq Jay;18100;18279;Vierzon;;;2.058262;47.217609
18279_b151_00130;130;;Les Grandes Joncheres;18100;18279;Vierzon;;;2.031852;47.228767
18279_2040_00024;24;;Avenue Mal Philippe Leclerc de Ha;18100;18279;Vierzon;;;2.055749;47.209121
18279_1128_00116_b;116;b;Avenue Edouard Vaillant;18100;18279;Vierzon;;;2.059362;47.238695
18279_3076_00009;9;;Route des Souchènes;18100;18279;Vierzon;;;2.034974;47.213604
18279_2993_00003;3;;Rue Roger Faletto;18100;18279;Vierzon;;;2.087378;47.200348
18279_2100_00002;2;;Rue des Longueraies;18100;18279;Vierzon;;;2.057058;47.23088
18279_2309_00005;5;;Chemin des Millards;18100;18279;Vierzon;;;2.099641;47.232105
18279_2630_00024;24;;Rue du Péry;18100;18279;Vierzon;;;2.084179;47.225169
18279_2180_00001;1;;Rue Marcel Cachin;18100;18279;Vierzon;;;2.090109;47.229401
18279_0310_00063_b;63;b;Rue du Bas de Grange;18100;18279;Vierzon;;;2.053228;47.224667
18279_0545_00046;46;;Route de Bourges;18100;18279;Vierzon;;;2.120713;47.214222
18279_1840_00076_a;76;a;Rue Jean-baptiste Clément;18100;18279;Vierzon;;;2.074267;47.232549
18279_1980_00014;14;;Rue Jules Guesde;18100;18279;Vierzon;;;2.04899;47.227528
18279_2520_00027;27;;Rue du Panorama;18100;18279;Vierzon;;;2.069485;47.210549
18279_3290_00007;7;;Passage Voltaire;18100;18279;Vierzon;;;2.067902;47.221298
18279_0866_00036;36;;Avenue du Colonel Manhes;18100;18279;Vierzon;;;2.080218;47.223347
18279_1220_00006;6;;Rue Etienne Dolet;18100;18279;Vierzon;;;2.102054;47.214694
18279_1712_00014;14;;Hameau de la Dumonerie;18100;18279;Vierzon;;;2.095442;47.220085
18279_2640_00010;10;;Route du Petit Râteau;18100;18279;Vierzon;;;2.097083;47.228954
18279_2320_00018;18;;Rue Millière;18100;18279;Vierzon;;;2.050525;47.22602
18279_1555_00010;10;;Impasse de la Glaciere;18100;18279;Vierzon;;;2.042566;47.230877
18279_3137_00015;15;;Rue du Travail;18100;18279;Vierzon;;;2.043373;47.232499
18279_1875_00013;13;;Rue Jean Giono;18100;18279;Vierzon;;;2.077467;47.208855
18279_1391_00016;16;;Rue de la Fringale;18100;18279;Vierzon;;;2.040047;47.233494
18279_1930_00010;10;;Rue de Jérusalem;18100;18279;Vierzon;;;2.067259;47.21763
18279_2390_00006_a;6;a;Rue du Mouton;18100;18279;Vierzon;;;2.089107;47.230409
18279_1580_00024;24;;Rue du Grand Clement;18100;18279;Vierzon;;;2.071818;47.228561
18279_0290_00044;44;;Rue Barbès;18100;18279;Vierzon;;;2.055444;47.235439
18279_3202_00062;62;;Avenue de Verdun;18100;18279;Vierzon;;;2.074299;47.225988
18279_1050_00015;15;;Impasse Diderot;18100;18279;Vierzon;;;2.070683;47.217441
18279_0980_00025_b;25;b;Rue du Crot à Foulon;18100;18279;Vierzon;;;2.062925;47.230852
18279_2125_01445;1445;;Rue Louise Michel;18100;18279;Vierzon;;;2.070658;47.234776
18279_1370_00002;2;;Rue Fourier;18100;18279;Vierzon;;;2.061075;47.229529
18279_3087_00024;24;;Rue de Stalingrad;18100;18279;Vierzon;;;2.081776;47.232396
18279_2870_00065;65;;Route de Puits Berteau;18100;18279;Vierzon;;;2.074647;47.23671
18279_2170_00002;2;;Place Marceau;18100;18279;Vierzon;;;2.056923;47.213522
18279_2025_00036;36;;avenue maréchal jean de lattre de tassigny;18100;18279;Vierzon;;;2.066351;47.207783
18279_1210_00018;18;;Rue Etienne Desroches;18100;18279;Vierzon;;;2.101032;47.221068
18279_0568_00058_a;58;a;Chemin du Briou;18100;18279;Vierzon;;;2.088471;47.226894
18279_1290_00171_a;171;a;Rue Félix Pyat;18100;18279;Vierzon;;;2.094675;47.228697
18279_1720_00026;26;;Rue Henri Barbusse;18100;18279;Vierzon;;;2.064418;47.230885
18279_2501_00031;31;;Rue Pablo Casals;18100;18279;Vierzon;;;2.082786;47.200361
18279_1560_00049;49;;Rue Gourdon;18100;18279;Vierzon;;;2.063518;47.224772
18279_2816_00033;33;;Passage du Pré d'Anet;18100;18279;Vierzon;;;2.07744;47.219284
18279_0710_00012;12;;Rue du Champanet;18100;18279;Vierzon;;;2.064424;47.220333
18279_0740_00009;9;;Rue Charles Hurvoy;18100;18279;Vierzon;;;2.070104;47.227319
18279_2685_00009;9;;Avenue Pierre Billes;18100;18279;Vierzon;;;2.112417;47.202241
18279_1128_00120;120;;Avenue Edouard Vaillant;18100;18279;Vierzon;;;2.060629;47.239012
18279_1160_00014;14;;Rue Emile Zola;18100;18279;Vierzon;;;2.045435;47.224692
18279_1120_00024;24;;Rue Edouard Branly;18100;18279;Vierzon;;;2.104482;47.218228
18279_0512_00014;14;;Route de Bonègue;18100;18279;Vierzon;;;2.072344;47.239053
18279_3210_00023;23;;Rue Victor Hugo;18100;18279;Vierzon;;;2.066549;47.22336
18279_1142_00028;28;;Rue Elisee Reclus;18100;18279;Vierzon;;;2.082762;47.203036
18279_2491_00014;14;;Chemin de l’Orme a Lieue;18100;18279;Vierzon;;;2.126157;47.215571
18279_1720_00052;52;;Rue Henri Barbusse;18100;18279;Vierzon;;;2.064954;47.232497
18279_0743_00010;10;;Rue Charlotte Delbo;18100;18279;Vierzon;;;2.087145;47.222743
18279_0020_00017_bis;17;bis;Chemin de l’Abricot;18100;18279;Vierzon;;;2.052064;47.219199
18279_1144_00002_b;2;b;Rue Elsa Triolet;18100;18279;Vierzon;;;2.082958;47.230416
18279_1155_00016_b;16;b;Rue Emile Desforges;18100;18279;Vierzon;;;2.082651;47.227027
18279_le1ny7_00029;29;;Rue Jeanne Labourbe;18100;18279;Vierzon;;;2.060878;47.232095
18279_1870_00109;109;;Rue Jean Jacques Rousseau;18100;18279;Vierzon;;;2.084043;47.216264
18279_2190_00053;53;;Rue Marcel Perrin;18100;18279;Vierzon;;;2.070746;47.226948
18279_2058_00024;24;;Rue Léo Mérigot;18100;18279;Vierzon;;;2.05056;47.229399
18279_1000_00008;8;;Rue Danton;18100;18279;Vierzon;;;2.048268;47.226662
18279_0074_00045;45;;Place Ambroise Croizat;18100;18279;Vierzon;;;2.068819;47.23665
18279_2070_00015;15;;Boulevard de la Liberté;18100;18279;Vierzon;;;2.067814;47.226577
18279_1526_00010;10;;Square Georges Brassens;18100;18279;Vierzon;;;2.077509;47.201872
18279_3055_00031;31;;Chemin de Saint Priest;18100;18279;Vierzon;;;2.034604;47.234855
18279_1930_00014;14;;Rue de Jérusalem;18100;18279;Vierzon;;;2.06695;47.21771
18279_2485_00026;26;;Rue du 11 Novembre 1918;18100;18279;Vierzon;;;2.064334;47.221775
18279_3202_00064_b;64;b;Avenue de Verdun;18100;18279;Vierzon;;;2.074547;47.22619
18279_3180_00017;17;;Rue Van Craeynest;18100;18279;Vierzon;;;2.064763;47.209386
18279_p07zqe_00059;59;;Chemin du Pre d’Anet;18100;18279;Vierzon;;;2.080595;47.218578
18279_1460_00013;13;;Rue Garibaldi;18100;18279;Vierzon;;;2.058818;47.222259
18279_0950_00003;3;;Chemin des Crêles;18100;18279;Vierzon;;;2.082009;47.198179
18279_0845_00004;4;;Impasse du Clos du Roy;18100;18279;Vierzon;;;2.073494;47.222327
18279_2105_00014;14;;Petite Rue des Longueraies;18100;18279;Vierzon;;;2.05877;47.236861
18279_2155_00057_y;57;y;Avenue du 8 Mai 1945;18100;18279;Vierzon;;;2.079113;47.231067
18279_1877_00042;42;;Avenue Jean Jaurès;18100;18279;Vierzon;;;2.046028;47.230877
18279_66j5mf_01360;1360;;Chemin des Noues;18100;18279;Vierzon;;;2.031655;47.213951
18279_3226_00003;3;;Route du Vieux Domaine;18100;18279;Vierzon;;;2.082608;47.214551
18279_0963_00018;18;;Route de la Croix;18100;18279;Vierzon;;;2.107147;47.229437
18279_0195_00008;8;;Rue Arthur Rimbaud;18100;18279;Vierzon;;;2.083782;47.202583
18279_2330_00003;3;;Rue Mirabeau;18100;18279;Vierzon;;;2.056478;47.213183
18279_1929_00001;1;;Impasse de Jérusalem;18100;18279;Vierzon;;;2.066253;47.218147
18279_3210_00061;61;;Rue Victor Hugo;18100;18279;Vierzon;;;2.065023;47.223854
18279_3280_00102;102;;Rue de Villeneuve;18100;18279;Vierzon;;;2.068916;47.207132
18279_1366_00020;20;;Cours de Fougery;18100;18279;Vierzon;;;2.072992;47.234661
18279_1440_00005_a;5;a;Rue Gambetta;18100;18279;Vierzon;;;2.096678;47.220967
18279_3226_00058;58;;Route du Vieux Domaine;18100;18279;Vierzon;;;2.097915;47.209678
18279_3222_00035;35;;Impasse de Vieilfond;18100;18279;Vierzon;;;2.067321;47.243377
18279_1270_00026;26;;Petite Rue de Fay;18100;18279;Vierzon;;;2.050617;47.237223
18279_2740_00007_e;7;e;Avenue Pierre Sémard;18100;18279;Vierzon;;;2.059277;47.226424
18279_1155_00052;52;;Rue Emile Desforges;18100;18279;Vierzon;;;2.08574;47.229308
18279_3138_00017;17;;Chemin de la Touche;18100;18279;Vierzon;;;2.128653;47.214679
18279_0435_00038;38;;Rue de Bitterfeld;18100;18279;Vierzon;;;2.086411;47.201578
18279_0275_00022;22;;Rue Bara;18100;18279;Vierzon;;;2.04479;47.233937
18279_1055_00018_d;18;d;Avenue du 19 Mars 1962;18100;18279;Vierzon;;;2.091436;47.23948
18279_2300_00011_bis;11;bis;Rue Michelet;18100;18279;Vierzon;;;2.073233;47.217452
18279_2058_00021_c;21;c;Rue Léo Mérigot;18100;18279;Vierzon;;;2.050199;47.229285
18279_3210_00026;26;;Rue Victor Hugo;18100;18279;Vierzon;;;2.065903;47.223293
18279_1220_00010;10;;Rue Etienne Dolet;18100;18279;Vierzon;;;2.103071;47.216236
18279_2100_00032;32;;Rue des Longueraies;18100;18279;Vierzon;;;2.058145;47.232663
18279_a120_00002;2;;Résidence le Clos de la Minée;18100;18279;Vierzon;;;2.065876;47.236692
18279_2560_00006;6;;Rue Pasteur;18100;18279;Vierzon;;;2.083847;47.220189
18279_0963_00046_bis;46;bis;Route de la Croix;18100;18279;Vierzon;;;2.107339;47.22941
18279_0599_00011;11;;Chemin du Camp;18100;18279;Vierzon;;;2.063307;47.205941
18279_3226_00029;29;;Route du Vieux Domaine;18100;18279;Vierzon;;;2.094131;47.211473
18279_2720_00029;29;;Rue Pierre Dupont;18100;18279;Vierzon;;;2.04522;47.235957
18279_2910_00056;56;;Avenue du 14 Juillet;18100;18279;Vierzon;;;2.063923;47.212854
18279_2188_00024;24;;Rue Marcel Pagnol;18100;18279;Vierzon;;;2.075414;47.21037
18279_2220_00032_bis;32;bis;Rue du Maréchal Joffre;18100;18279;Vierzon;;;2.069339;47.223173
18279_1210_00027;27;;Rue Etienne Desroches;18100;18279;Vierzon;;;2.102228;47.220581
18279_3202_00016;16;;Avenue de Verdun;18100;18279;Vierzon;;;2.072443;47.224529
18279_1020_00025;25;;Rue Descartes;18100;18279;Vierzon;;;2.079373;47.21447
18279_1142_00030;30;;Rue Elisee Reclus;18100;18279;Vierzon;;;2.082587;47.203118
18279_1155_00029;29;;Rue Emile Desforges;18100;18279;Vierzon;;;2.083565;47.227979
18279_0030_00054;54;;Rue de l'Abricot;18100;18279;Vierzon;;;2.053625;47.221055
18279_2750_00009;9;;Rue des Pillots;18100;18279;Vierzon;;;2.055493;47.213826
18279_2594_00011;11;;Rue Paul Valery;18100;18279;Vierzon;;;2.068107;47.209002
18279_1536_00054;54;;Rue Georges Politzer;18100;18279;Vierzon;;;2.079563;47.203545
18279_0640_00012;12;;Rue Casimir Lecomte;18100;18279;Vierzon;;;2.064126;47.227421
18279_0866_00070;70;;Avenue du Colonel Manhes;18100;18279;Vierzon;;;2.084681;47.224117
18279_1128_00130;130;;Avenue Edouard Vaillant;18100;18279;Vierzon;;;2.06064;47.239652
18279_2340_00003;3;;Rue Molière;18100;18279;Vierzon;;;2.065967;47.21983
18279_671bao_00001;1;;avenue maréchal philippe leclerc de hauteclocque;18100;18279;Vierzon;;;2.062009;47.209908
18279_3202_00025_c;25;c;Avenue de Verdun;18100;18279;Vierzon;;;2.073098;47.225225
18279_2188_00044;44;;Rue Marcel Pagnol;18100;18279;Vierzon;;;2.075651;47.209049
18279_2620_00047;47;;Rue des Pentecotes;18100;18279;Vierzon;;;2.058648;47.228554
18279_0990_00108;108;;Rue Danielle Casanova;18100;18279;Vierzon;;;2.073886;47.21233
18279_2870_00068;68;;Route de Puits Berteau;18100;18279;Vierzon;;;2.076276;47.236297
18279_2850_00005;5;;Rue Proudhon;18100;18279;Vierzon;;;2.048956;47.231166
18279_0600_00034;34;;Petite Rue du Camp;18100;18279;Vierzon;;;2.064941;47.207033
18279_1895_00017;17;;Rue Jean Moulin;18100;18279;Vierzon;;;2.063656;47.234909
18279_1250_00033;33;;Rue Eugène Pottier;18100;18279;Vierzon;;;2.098717;47.221611
18279_1460_00017;17;;Rue Garibaldi;18100;18279;Vierzon;;;2.058546;47.222294
18279_2625_00027;27;;Chemin du Perdrier;18100;18279;Vierzon;;;2.094774;47.227271
18279_2008_00014;14;;Impasse Karl Marx;18100;18279;Vierzon;;;2.049387;47.228735
18279_0790_00019;19;;Rue du Château d'Eau;18100;18279;Vierzon;;;2.065811;47.208688
18279_1060_00021;21;;Rue du Docteur Lobligeois;18100;18279;Vierzon;;;2.057264;47.217111
18279_1875_00001;1;;Rue Jean Giono;18100;18279;Vierzon;;;2.078155;47.209915
18279_0270_00035;35;;Rue Babeuf;18100;18279;Vierzon;;;2.04322;47.233285
18279_0710_00061_bis;61;bis;Rue du Champanet;18100;18279;Vierzon;;;2.058697;47.22034
18279_2100_00015;15;;Rue des Longueraies;18100;18279;Vierzon;;;2.057914;47.23184
18279_1250_00061;61;;Rue Eugène Pottier;18100;18279;Vierzon;;;2.09836;47.223731
18279_1860_00005;5;;Rue Jean de la Fontaine;18100;18279;Vierzon;;;2.059187;47.221524
18279_1120_00035;35;;Rue Edouard Branly;18100;18279;Vierzon;;;2.104019;47.219229
18279_0840_00017;17;;Rue Claude Michaud;18100;18279;Vierzon;;;2.066414;47.213843
18279_2950_00042;42;;Avenue de la République;18100;18279;Vierzon;;;2.064804;47.223565
18279_2930_00005;5;;Rue Raspail;18100;18279;Vierzon;;;2.072646;47.224225
18279_1365_00063;63;;Chemin de Fougery;18100;18279;Vierzon;;;2.071129;47.233539
18279_2270_00019;19;;Rue Meunier;18100;18279;Vierzon;;;2.044926;47.229173
18279_2180_00037;37;;Rue Marcel Cachin;18100;18279;Vierzon;;;2.088713;47.228932
18279_0095_00017;17;;Rue André Gide;18100;18279;Vierzon;;;2.095685;47.223984
18279_1255_00023;23;;Rue Evariste Galois;18100;18279;Vierzon;;;2.084954;47.201871
18279_1990_00047;47;;Rue Jules Louis Breton;18100;18279;Vierzon;;;2.080281;47.220383
18279_0600_00048;48;;Petite Rue du Camp;18100;18279;Vierzon;;;2.063293;47.207512
18279_2750_00003;3;;Rue des Pillots;18100;18279;Vierzon;;;2.056215;47.213876
18279_1840_00001;1;;Rue Jean-baptiste Clément;18100;18279;Vierzon;;;2.070672;47.227314
18279_2080_00085;85;;Route de la Loeuf;18100;18279;Vierzon;;;2.032112;47.21544
18279_2155_00089;89;;Avenue du 8 Mai 1945;18100;18279;Vierzon;;;2.085684;47.235135
18279_2870_00138;138;;Route de Puits Berteau;18100;18279;Vierzon;;;2.069112;47.237855
18279_1230_00004_ter;4;ter;Rue Etienne Marcel;18100;18279;Vierzon;;;2.092468;47.218733
18279_1160_00036;36;;Rue Emile Zola;18100;18279;Vierzon;;;2.043057;47.225123
18279_0390_00022;22;;Passage des Bergeries Ouest;18100;18279;Vierzon;;;2.050049;47.224317
18279_0160_00066;66;;Rue Armand Bazile;18100;18279;Vierzon;;;2.079196;47.21577
18279_1320_00046;46;;Route de Foëcy;18100;18279;Vierzon;;;2.104421;47.208266
18279_2188_00005;5;;Rue Marcel Pagnol;18100;18279;Vierzon;;;2.077036;47.210747
18279_0100_00032;32;;Rue André Guillemain;18100;18279;Vierzon;;;2.081398;47.215412
18279_1210_00016;16;;Rue Etienne Desroches;18100;18279;Vierzon;;;2.100875;47.221188
18279_3020_00015;15;;Rue de Ronvaux;18100;18279;Vierzon;;;2.053373;47.225395
18279_1700_00064;64;;Rue Gustave Flourens;18100;18279;Vierzon;;;2.05298;47.232021
18279_0389_00012;12;;Passage des Bergeries Est;18100;18279;Vierzon;;;2.051536;47.224182
18279_1518_00005;5;;Impasse George Sand;18100;18279;Vierzon;;;2.06601;47.224894
18279_2720_00020;20;;Rue Pierre Dupont;18100;18279;Vierzon;;;2.045927;47.235517
18279_0590_00010_b;10;b;Rue Camille Desmoulins;18100;18279;Vierzon;;;2.063605;47.220867
18279_0445_00033;33;;Chemin Blanc;18100;18279;Vierzon;;;2.057085;47.206087
18279_3280_00030;30;;Rue de Villeneuve;18100;18279;Vierzon;;;2.071409;47.211689
18279_2995_00016;16;;Rue Roland Champenier;18100;18279;Vierzon;;;2.069767;47.238461
18279_2340_00024;24;;Rue Molière;18100;18279;Vierzon;;;2.065175;47.218792
18279_2800_00007_bis;7;bis;Rue Porte aux Boeufs;18100;18279;Vierzon;;;2.070897;47.223378
18279_lukrq1_00012;12;;Rue Rouget de Lisle;18100;18279;Vierzon;;;2.046225;47.232759
18279_1120_00014;14;;Rue Edouard Branly;18100;18279;Vierzon;;;2.1048;47.217246
18279_2870_00181;181;;Route de Puits Berteau;18100;18279;Vierzon;;;2.062554;47.239765
18279_1870_00059;59;;Rue Jean Jacques Rousseau;18100;18279;Vierzon;;;2.074216;47.218299
18279_2405_00007;7;;Rue Mozart;18100;18279;Vierzon;;;2.079377;47.232173
18279_2608_00003;3;;Chemin des Peages;18100;18279;Vierzon;;;2.03414;47.225872
18279_2040_00066;66;;Avenue Mal Philippe Leclerc de Ha;18100;18279;Vierzon;;;2.051438;47.208708
18279_0080_00022;22;;Rue Anatole France;18100;18279;Vierzon;;;2.05865;47.221211
18279_1780_00003;3;;Passage de l’Hospice;18100;18279;Vierzon;;;2.052745;47.226751
18279_2750_00044;44;;Rue des Pillots;18100;18279;Vierzon;;;2.051466;47.213963
18279_1128_00015;15;;Avenue Edouard Vaillant;18100;18279;Vierzon;;;2.061203;47.230519
18279_1915_00040;40;;Rue Jean Vilar;18100;18279;Vierzon;;;2.084146;47.199767
18279_0358_00002;2;;Impasse de Bellevue;18100;18279;Vierzon;;;2.072597;47.224158
18279_le1ny7_00007;7;;Rue Jeanne Labourbe;18100;18279;Vierzon;;;2.059134;47.231171
18279_2335_00021;21;;Rue Miranda de Ebro;18100;18279;Vierzon;;;2.064107;47.218881
18279_1840_00076;76;;Rue Jean-baptiste Clément;18100;18279;Vierzon;;;2.074406;47.232344
18279_3280_00073;73;;Rue de Villeneuve;18100;18279;Vierzon;;;2.070442;47.209163
18279_0590_00026;26;;Rue Camille Desmoulins;18100;18279;Vierzon;;;2.061507;47.220916
18279_1720_00020;20;;Rue Henri Barbusse;18100;18279;Vierzon;;;2.064245;47.230461
18279_1591_00020;20;;Chemin du Grand Orme;18100;18279;Vierzon;;;2.101698;47.231857
18279_2188_00013;13;;Rue Marcel Pagnol;18100;18279;Vierzon;;;2.076346;47.210127
18279_a140_00008;8;;Résidence des Coumelins;18100;18279;Vierzon;;;2.099773;47.221947
18279_0395_00001;1;;Rue Henri Bergson;18100;18279;Vierzon;;;2.09474;47.223865
18279_2058_00010;10;;Rue Léo Mérigot;18100;18279;Vierzon;;;2.050004;47.229935
18279_0030_00038;38;;Rue de l'Abricot;18100;18279;Vierzon;;;2.055001;47.220685
18279_0310_00036;36;;Rue du Bas de Grange;18100;18279;Vierzon;;;2.052703;47.225154
18279_3280_00078;78;;Rue de Villeneuve;18100;18279;Vierzon;;;2.069805;47.208753
18279_0380_00010;10;;Chemin de la Bercetterie;18100;18279;Vierzon;;;2.031538;47.239293
18279_2625_00004;4;;Chemin du Perdrier;18100;18279;Vierzon;;;2.097492;47.221977
18279_2870_00185;185;;Route de Puits Berteau;18100;18279;Vierzon;;;2.061971;47.239897
18279_1569_00009;9;;Chemin de Grands Champs;18100;18279;Vierzon;;;2.086237;47.248561
18279_0160_00024;24;;Rue Armand Bazile;18100;18279;Vierzon;;;2.072765;47.217279
18279_3118_00017;17;;Chemin du Terrichon;18100;18279;Vierzon;;;2.032691;47.217914
18279_0130_00026;26;;Rue Antoine Parmentier;18100;18279;Vierzon;;;2.045472;47.229433
18279_0740_00012;12;;Rue Charles Hurvoy;18100;18279;Vierzon;;;2.067676;47.22778
18279_0711_00005;5;;Chemin du Champ Chapelet;18100;18279;Vierzon;;;2.086743;47.236865
18279_2740_00034_bis;34;bis;Avenue Pierre Sémard;18100;18279;Vierzon;;;2.058622;47.226254
18279_0660_00013;13;;Rue Célestin Gérard;18100;18279;Vierzon;;;2.05419;47.225715
18279_1821_00015;15;;Rue Jacqueline Auriol;18100;18279;Vierzon;;;2.063988;47.202006
18279_1110_00010_a;10;a;Rue Edgar Quinet;18100;18279;Vierzon;;;2.066468;47.223741
18279_1230_00046;46;;Rue Etienne Marcel;18100;18279;Vierzon;;;2.098246;47.217721
18279_a070_00011;11;;Residence des Bruyeres;18100;18279;Vierzon;;;2.065134;47.20498
18279_0445_00103;103;;Chemin Blanc;18100;18279;Vierzon;;;2.064832;47.199937
18279_0720_00015;15;;Rue des Changes;18100;18279;Vierzon;;;2.068994;47.223747
18279_0339_00002;2;;Chemin de la Bazinière;18100;18279;Vierzon;;;2.085628;47.246633
18279_3073_00037;37;;Rue de la Société Française;18100;18279;Vierzon;;;2.057616;47.225902
18279_1650_00011;11;;Rue Grelon;18100;18279;Vierzon;;;2.062129;47.215993
18279_0080_00073;73;;Rue Anatole France;18100;18279;Vierzon;;;2.053521;47.221946
18279_1870_00087;87;;Rue Jean Jacques Rousseau;18100;18279;Vierzon;;;2.083254;47.216444
18279_2560_00058;58;;Rue Pasteur;18100;18279;Vierzon;;;2.08964;47.219275
18279_2265_00020;20;;Residence Mermoz Sud;18100;18279;Vierzon;;;2.063268;47.202606
18279_0070_00023;23;;Rue Alphonse Pradat;18100;18279;Vierzon;;;2.044252;47.219622
18279_1220_00005;5;;Rue Etienne Dolet;18100;18279;Vierzon;;;2.102523;47.215131
18279_1500_00021;21;;Rue Gay Lussac;18100;18279;Vierzon;;;2.077329;47.224387
18279_1405_00001;1;;Rue Gagarine;18100;18279;Vierzon;;;2.079049;47.223835
18279_1895_00009;9;;Rue Jean Moulin;18100;18279;Vierzon;;;2.063462;47.234358
18279_0445_00069;69;;Chemin Blanc;18100;18279;Vierzon;;;2.061481;47.203687
18279_1230_00099;99;;Rue Etienne Marcel;18100;18279;Vierzon;;;2.1035;47.216831
18279_1155_00020;20;;Rue Emile Desforges;18100;18279;Vierzon;;;2.082777;47.22727
18279_lukrq1_00021;21;;Rue Rouget de Lisle;18100;18279;Vierzon;;;2.045777;47.232648
18279_0497_00005;5;;Chemin de Bois Marteau;18100;18279;Vierzon;;;2.056497;47.238317
18279_1300_00021;21;;Rue Fernand Léger;18100;18279;Vierzon;;;2.086468;47.228126
18279_0215_00008;8;;Passage de l’Aubepine;18100;18279;Vierzon;;;2.046909;47.231426
18279_1732_00062;62;;Square Henriette Dumuin;18100;18279;Vierzon;;;2.079862;47.201952
18279_0040_00005;5;;Rue Adolphe Hache;18100;18279;Vierzon;;;2.058553;47.224224
18279_1165_00007;7;;Rue de l'Epargne;18100;18279;Vierzon;;;2.057992;47.236202
18279_0417_00026;26;;Rue Berty Albrecht;18100;18279;Vierzon;;;2.056007;47.210667
18279_0545_00064;64;;Route de Bourges;18100;18279;Vierzon;;;2.125214;47.213823
18279_3137_00010;10;;Rue du Travail;18100;18279;Vierzon;;;2.042754;47.232271
18279_2485_00010;10;;Rue du 11 Novembre 1918;18100;18279;Vierzon;;;2.065974;47.221488
18279_2200_00026;26;;Rue Marcel Sembat;18100;18279;Vierzon;;;2.051812;47.228766
18279_2648_00032;32;;Chemin de la Petite Noue;18100;18279;Vierzon;;;2.064605;47.203778
18279_1857_00006;6;;Rue Jean Cocteau;18100;18279;Vierzon;;;2.084683;47.227013
18279_0080_00078;78;;Rue Anatole France;18100;18279;Vierzon;;;2.05317;47.222102
18279_0497_00026;26;;Chemin de Bois Marteau;18100;18279;Vierzon;;;2.055209;47.240007
18279_0482_00029;29;;Rue du Bois d'Yèvre;18100;18279;Vierzon;;;2.069479;47.217635
18279_1060_00036;36;;Rue du Docteur Lobligeois;18100;18279;Vierzon;;;2.056235;47.217286
18279_3137_00011;11;;Rue du Travail;18100;18279;Vierzon;;;2.04299;47.232503
18279_671bao_00031_c;31;c;avenue maréchal philippe leclerc de hauteclocque;18100;18279;Vierzon;;;2.054862;47.208841
18279_b2fplh_00009;9;;Residence Mermoz;18100;18279;Vierzon;;;2.063641;47.205098
18279_1510_00005;5;;Grande Rue de la Genette;18100;18279;Vierzon;;;2.058775;47.216232
18279_1142_00006;6;;Rue Elisee Reclus;18100;18279;Vierzon;;;2.082367;47.203207
18279_0951_00012_bis;12;bis;Chemin des Grandes Crêles;18100;18279;Vierzon;;;2.070348;47.204741
18279_0817_00035;35;;Chemin du Chevry;18100;18279;Vierzon;;;2.120129;47.215293
18279_2710_00018;18;;Rue Pierre Debournou;18100;18279;Vierzon;;;2.062295;47.22341
18279_0600_00033_bis;33;bis;Petite Rue du Camp;18100;18279;Vierzon;;;2.064962;47.206969
18279_2928_00006;6;;Impasse Raspail;18100;18279;Vierzon;;;2.075517;47.223849
18279_1020_00030;30;;Rue Descartes;18100;18279;Vierzon;;;2.079732;47.215017
18279_0512_00005;5;;Route de Bonègue;18100;18279;Vierzon;;;2.071432;47.237665
18279_1128_00081_ter;81;ter;Avenue Edouard Vaillant;18100;18279;Vierzon;;;2.061071;47.235897
18279_1870_00009;9;;Rue Jean Jacques Rousseau;18100;18279;Vierzon;;;2.070616;47.218781
18279_0710_00024;24;;Rue du Champanet;18100;18279;Vierzon;;;2.063463;47.220527
18279_2870_00196;196;;Route de Puits Berteau;18100;18279;Vierzon;;;2.061833;47.240031
18279_3137_00004;4;;Rue du Travail;18100;18279;Vierzon;;;2.042166;47.232316
18279_0435_00007;7;;Rue de Bitterfeld;18100;18279;Vierzon;;;2.082724;47.20371
18279_2850_00022;22;;Rue Proudhon;18100;18279;Vierzon;;;2.048143;47.232156
18279_1280_00045;45;;Rue de Fay;18100;18279;Vierzon;;;2.04983;47.238737
18279_0320_00005_bis;5;bis;Quai du Bassin;18100;18279;Vierzon;;;2.06967;47.220016
18279_2870_00159;159;;Route de Puits Berteau;18100;18279;Vierzon;;;2.064568;47.238998
18279_2190_00039;39;;Rue Marcel Perrin;18100;18279;Vierzon;;;2.070971;47.22648
18279_1535_00080;80;;Rue Georges Fauconnier;18100;18279;Vierzon;;;2.067515;47.239182
18279_0712_00012;12;;Rue du Champ Commun;18100;18279;Vierzon;;;2.068701;47.219695
18279_3202_00047_b;47;b;Avenue de Verdun;18100;18279;Vierzon;;;2.073853;47.225812
18279_2410_00025;25;;Boulevard de la Nation;18100;18279;Vierzon;;;2.058346;47.214932
18279_0030_00016;16;;Rue de l'Abricot;18100;18279;Vierzon;;;2.056847;47.220539
18279_0030_00032;32;;Rue de l'Abricot;18100;18279;Vierzon;;;2.055305;47.220662
18279_2500_00032;32;;Rue des Ormes;18100;18279;Vierzon;;;2.078349;47.232511
18279_b2fplh_00011;11;;Residence Mermoz;18100;18279;Vierzon;;;2.063781;47.205071
18279_1560_00023;23;;Rue Gourdon;18100;18279;Vierzon;;;2.065637;47.224552
18279_2330_00057;57;;Rue Mirabeau;18100;18279;Vierzon;;;2.052214;47.209823
18279_0980_00017;17;;Rue du Crot à Foulon;18100;18279;Vierzon;;;2.063343;47.230458
18279_3160_00068;68;;Rue du Val Fleury;18100;18279;Vierzon;;;2.068094;47.207476
18279_0120_00111;111;;Rue André Ribaud;18100;18279;Vierzon;;;2.073695;47.235118
18279_1120_00023;23;;Rue Edouard Branly;18100;18279;Vierzon;;;2.104337;47.218281
18279_1128_00143;143;;Avenue Edouard Vaillant;18100;18279;Vierzon;;;2.060866;47.241515
18279_671bao_00003;3;;avenue maréchal philippe leclerc de hauteclocque;18100;18279;Vierzon;;;2.060609;47.209414
18279_0380_00017;17;;Chemin de la Bercetterie;18100;18279;Vierzon;;;2.034193;47.239944
18279_1155_00004;4;;Rue Emile Desforges;18100;18279;Vierzon;;;2.08149;47.226517
18279_2679_00020;20;;Chemin de la Picardière;18100;18279;Vierzon;;;2.129297;47.239392
18279_3047_00098;98;;Rue Saint Exupéry;18100;18279;Vierzon;;;2.066586;47.199163
18279_1170_00034;34;;Rue des Epinettes;18100;18279;Vierzon;;;2.069668;47.226431
18279_0512_00002;2;;Route de Bonègue;18100;18279;Vierzon;;;2.07247;47.239312
18279_2870_00047;47;;Route de Puits Berteau;18100;18279;Vierzon;;;2.076239;47.236133
18279_lukrq1_00009;9;;Rue Rouget de Lisle;18100;18279;Vierzon;;;2.046958;47.232871
18279_1990_00004;4;;Rue Jules Louis Breton;18100;18279;Vierzon;;;2.073856;47.221257
18279_1128_00127_bis;127;bis;Avenue Edouard Vaillant;18100;18279;Vierzon;;;2.060928;47.239607
18279_2755_00002;2;;Rue de la Piscine;18100;18279;Vierzon;;;2.060851;47.219859
18279_3060_00016;16;;Rue du Sergent Bobillot;18100;18279;Vierzon;;;2.047615;47.228526
18279_3137_00006_bis;6;bis;Rue du Travail;18100;18279;Vierzon;;;2.042365;47.232156
18279_0817_00019;19;;Chemin du Chevry;18100;18279;Vierzon;;;2.118481;47.215497
18279_1020_00036;36;;Rue Descartes;18100;18279;Vierzon;;;2.079594;47.214734
18279_1470_00002;2;;Rue Gaston Cornavin;18100;18279;Vierzon;;;2.087611;47.227457
18279_1250_00080;80;;Rue Eugène Pottier;18100;18279;Vierzon;;;2.09855;47.222723
18279_0020_00039;39;;Chemin de l’Abricot;18100;18279;Vierzon;;;2.048611;47.218558
18279_3280_00099;99;;Rue de Villeneuve;18100;18279;Vierzon;;;2.069608;47.207548
18279_1360_00004;4;;Impasse des Fossés;18100;18279;Vierzon;;;2.068224;47.22387
18279_2826_00002;2;;Chemin du Pre Long;18100;18279;Vierzon;;;2.049531;47.239683
18279_1378_00011;11;;Rue François Mitterrand;18100;18279;Vierzon;;;2.060641;47.220362
18279_0715_00019;19;;Chemin du Champ des Renards;18100;18279;Vierzon;;;2.094095;47.226822
18279_0290_00113;113;;Rue Barbès;18100;18279;Vierzon;;;2.060084;47.237358
18279_2055_00019;19;;Rue Lénine;18100;18279;Vierzon;;;2.063552;47.23318
18279_0080_00088_b;88;b;Rue Anatole France;18100;18279;Vierzon;;;2.052837;47.222843
18279_2100_00006_bis;6;bis;Rue des Longueraies;18100;18279;Vierzon;;;2.056598;47.231353
18279_0350_00005;5;;Rue Beau Site;18100;18279;Vierzon;;;2.073626;47.213072
18279_1580_00003;3;;Rue du Grand Clement;18100;18279;Vierzon;;;2.071614;47.227475
18279_0817_00030;30;;Chemin du Chevry;18100;18279;Vierzon;;;2.120503;47.215078
18279_2125_00023;23;;Rue Louise Michel;18100;18279;Vierzon;;;2.070893;47.23632
18279_0352_00019;19;;Rue Beethoven;18100;18279;Vierzon;;;2.079174;47.234916
18279_2105_00008;8;;Petite Rue des Longueraies;18100;18279;Vierzon;;;2.058802;47.236386
18279_1535_00030;30;;Rue Georges Fauconnier;18100;18279;Vierzon;;;2.071486;47.238986
18279_2973_00021;21;;Chemin des Riaux;18100;18279;Vierzon;;;2.115173;47.228355
18279_0710_00056_b;56;b;Rue du Champanet;18100;18279;Vierzon;;;2.061002;47.220378
18279_1500_00027_a;27;a;Rue Gay Lussac;18100;18279;Vierzon;;;2.079309;47.226136
18279_2795_00098;98;;Rue des Ponts;18100;18279;Vierzon;;;2.066062;47.218153
18279_hv0stn_00007;7;;Impasse de Bel Air;18100;18279;Vierzon;;;2.076459;47.213382
18279_2025_00006;6;;avenue maréchal jean de lattre de tassigny;18100;18279;Vierzon;;;2.063505;47.209371
18279_2930_00027;27;;Rue Raspail;18100;18279;Vierzon;;;2.074136;47.22371
18279_1200_00007;7;;Rue de l'Etape;18100;18279;Vierzon;;;2.06884;47.222681
18279_1990_00049_a;49;a;Rue Jules Louis Breton;18100;18279;Vierzon;;;2.080953;47.220283
18279_2910_00060;60;;Avenue du 14 Juillet;18100;18279;Vierzon;;;2.063847;47.212671
18279_0400_00022;22;;Rue des Berlurettes;18100;18279;Vierzon;;;2.064133;47.236317
18279_1060_00054;54;;Rue du Docteur Lobligeois;18100;18279;Vierzon;;;2.054037;47.2175
18279_1640_00001;1;;Rue du Grelet;18100;18279;Vierzon;;;2.04963;47.230604
18279_0395_00032;32;;Rue Henri Bergson;18100;18279;Vierzon;;;2.093908;47.224274
18279_1700_00031;31;;Rue Gustave Flourens;18100;18279;Vierzon;;;2.054879;47.231236
18279_2870_00164;164;;Route de Puits Berteau;18100;18279;Vierzon;;;2.065246;47.239057
18279_2491_00031;31;;Chemin de l’Orme a Lieue;18100;18279;Vierzon;;;2.124163;47.215876
18279_2870_00059;59;;Route de Puits Berteau;18100;18279;Vierzon;;;2.075129;47.236619
18279_0817_00024;24;;Chemin du Chevry;18100;18279;Vierzon;;;2.119162;47.215156
18279_1840_00029_b;29;b;Rue Jean-baptiste Clément;18100;18279;Vierzon;;;2.071379;47.229842
18279_2309_00006;6;;Chemin des Millards;18100;18279;Vierzon;;;2.099749;47.23204
18279_3061_00017;17;;Boulevard Salvador Allende;18100;18279;Vierzon;;;2.083581;47.226754
18279_1255_00009;9;;Rue Evariste Galois;18100;18279;Vierzon;;;2.084774;47.201708
18279_1370_00003;3;;Rue Fourier;18100;18279;Vierzon;;;2.06048;47.22986
18279_1930_00005;5;;Rue de Jérusalem;18100;18279;Vierzon;;;2.067063;47.217748
18279_2650_00035;35;;Rue de la Petite Noue;18100;18279;Vierzon;;;2.059112;47.206575
18279_1230_00076;76;;Rue Etienne Marcel;18100;18279;Vierzon;;;2.100362;47.217293
18279_1240_00068_b;68;b;Rue Etienne Nivet;18100;18279;Vierzon;;;2.08543;47.222085
18279_2058_00021_d;21;d;Rue Léo Mérigot;18100;18279;Vierzon;;;2.050117;47.229203
18279_3135_00011;11;;Rue des Tramways de l'Indre;18100;18279;Vierzon;;;2.061228;47.214385
18279_0415_00020;20;;Rue Bernard Dumont;18100;18279;Vierzon;;;2.071193;47.207027
18279_0842_00013;13;;Chemin du Cloître;18100;18279;Vierzon;;;2.031085;47.224756
18279_3133_00104;104;;Route de Tours;18100;18279;Vierzon;;;2.025239;47.239075
18279_1720_00039;39;;Rue Henri Barbusse;18100;18279;Vierzon;;;2.064801;47.232324
18279_1255_00005;5;;Rue Evariste Galois;18100;18279;Vierzon;;;2.084509;47.201449
18279_0020_00016;16;;Chemin de l’Abricot;18100;18279;Vierzon;;;2.051897;47.219241
18279_0030_00049;49;;Rue de l'Abricot;18100;18279;Vierzon;;;2.053741;47.220721
18279_2265_00006;6;;Residence Mermoz Sud;18100;18279;Vierzon;;;2.06265;47.203546
18279_1535_00006;6;;Rue Georges Fauconnier;18100;18279;Vierzon;;;2.070411;47.238279
18279_3202_00056;56;;Avenue de Verdun;18100;18279;Vierzon;;;2.074094;47.225826
18279_0140_00010;10;;Rue Antonin Lerault;18100;18279;Vierzon;;;2.068154;47.215331
18279_0310_00021;21;;Rue du Bas de Grange;18100;18279;Vierzon;;;2.056293;47.223806
18279_2100_00029;29;;Rue des Longueraies;18100;18279;Vierzon;;;2.058278;47.23272
18279_0042_00013_a;13;a;Chemin des Ajoncs;18100;18279;Vierzon;;;2.081652;47.237595
18279_3305_00003_c;3;c;Rue de Wittelsheim;18100;18279;Vierzon;;;2.072162;47.223554
18279_3202_00006;6;;Avenue de Verdun;18100;18279;Vierzon;;;2.072035;47.224239
18279_2608_01505;1505;;Chemin des Peages;18100;18279;Vierzon;;;2.032419;47.225285
18279_3047_00117;117;;Rue Saint Exupéry;18100;18279;Vierzon;;;2.066772;47.199269
18279_3280_00001;1;;Rue de Villeneuve;18100;18279;Vierzon;;;2.072812;47.213453
18279_a150_00011;11;;Residence les Dumaines;18100;18279;Vierzon;;;2.09419;47.219421
18279_3202_00053;53;;Avenue de Verdun;18100;18279;Vierzon;;;2.07401;47.225934
18279_1128_00107_a;107;a;Avenue Edouard Vaillant;18100;18279;Vierzon;;;2.060909;47.238119
18279_671bao_00031_b;31;b;avenue maréchal philippe leclerc de hauteclocque;18100;18279;Vierzon;;;2.054602;47.208803
18279_0370_00098;98;;Route de Bellon;18100;18279;Vierzon;;;2.078917;47.208213
18279_1280_00033;33;;Rue de Fay;18100;18279;Vierzon;;;2.050066;47.236627
18279_3047_00002;2;;Rue Saint Exupéry;18100;18279;Vierzon;;;2.06865;47.206377
18279_1144_00024;24;;Rue Elsa Triolet;18100;18279;Vierzon;;;2.084457;47.229668
18279_2945_00007;7;;Rue de Rendsburg;18100;18279;Vierzon;;;2.08644;47.200664
18279_2973_00011;11;;Chemin des Riaux;18100;18279;Vierzon;;;2.112686;47.228179
18279_1290_00049;49;;Rue Félix Pyat;18100;18279;Vierzon;;;2.083068;47.228547
18279_2190_00008_bis;8;bis;Rue Marcel Perrin;18100;18279;Vierzon;;;2.071179;47.224585
18279_3048_00047;47;;Route de Saint Laurent;18100;18279;Vierzon;;;2.118172;47.214687
18279_2058_00044;44;;Rue Léo Mérigot;18100;18279;Vierzon;;;2.051614;47.228391
18279_3147_00007;7;;Rue de l'Unité;18100;18279;Vierzon;;;2.072735;47.23536
18279_1170_00048;48;;Rue des Epinettes;18100;18279;Vierzon;;;2.069874;47.227145
18279_0968_00014_c;14;c;Impasse de la Croix Moreau;18100;18279;Vierzon;;;2.031805;47.2265
18279_0980_00027;27;;Rue du Crot à Foulon;18100;18279;Vierzon;;;2.062772;47.230961
18279_2015_00003;3;;Impasse Kléber;18100;18279;Vierzon;;;2.057476;47.215391
18279_2040_00031;31;;Avenue Mal Philippe Leclerc de Ha;18100;18279;Vierzon;;;2.05506;47.208821
18279_1912_00008;8;;Impasse Jean Rostand;18100;18279;Vierzon;;;2.073328;47.232359
18279_2688_00034;34;;Rue Pierre Brossolette;18100;18279;Vierzon;;;2.075542;47.205029
18279_0020_00002;2;;Chemin de l’Abricot;18100;18279;Vierzon;;;2.053443;47.220749
18279_3202_00036;36;;Avenue de Verdun;18100;18279;Vierzon;;;2.073664;47.225486
18279_3085_00005;5;;Allee de la Source;18100;18279;Vierzon;;;2.077481;47.212824
18279_vf0i5v_00017;17;;Chemin rural Dit des Ajoncs;18100;18279;Vierzon;;;2.081895;47.238093
18279_2330_00005_b;5;b;Rue Mirabeau;18100;18279;Vierzon;;;2.055818;47.212602
18279_a120_00024;24;;Résidence le Clos de la Minée;18100;18279;Vierzon;;;2.066174;47.236756
18279_1877_00057;57;;Avenue Jean Jaurès;18100;18279;Vierzon;;;2.043639;47.231185
18279_1840_00049;49;;Rue Jean-baptiste Clément;18100;18279;Vierzon;;;2.073623;47.231576
18279_1715_00008;8;;Allee Hoche;18100;18279;Vierzon;;;2.045781;47.227334
18279_1980_00022;22;;Rue Jules Guesde;18100;18279;Vierzon;;;2.048018;47.227429
18279_0890_00133;133;;Rue de la Convention;18100;18279;Vierzon;;;2.109123;47.224697
18279_1150_00052;52;;Rue Emile Bouleau;18100;18279;Vierzon;;;2.06765;47.21719
18279_lukrq1_00014;14;;Rue Rouget de Lisle;18100;18279;Vierzon;;;2.046073;47.232729
18279_1825_00043;43;;Rue Jacques Brel;18100;18279;Vierzon;;;2.082645;47.199035
18279_0350_00045_bis;45;bis;Rue Beau Site;18100;18279;Vierzon;;;2.072626;47.210162
18279_3060_00017;17;;Rue du Sergent Bobillot;18100;18279;Vierzon;;;2.047755;47.228809
18279_2870_00184_a;184;a;Route de Puits Berteau;18100;18279;Vierzon;;;2.063179;47.239625
18279_1155_00043;43;;Rue Emile Desforges;18100;18279;Vierzon;;;2.084716;47.228746
18279_1250_00105;105;;Rue Eugène Pottier;18100;18279;Vierzon;;;2.097684;47.226861
18279_0310_00028;28;;Rue du Bas de Grange;18100;18279;Vierzon;;;2.053491;47.224957
18279_0720_00002_bis;2;bis;Rue des Changes;18100;18279;Vierzon;;;2.068643;47.223254
18279_1230_00058;58;;Rue Etienne Marcel;18100;18279;Vierzon;;;2.099073;47.217609
18279_0082_00018;18;;Petite Rue Anatole France;18100;18279;Vierzon;;;2.049358;47.220673
18279_2080_00093;93;;Route de la Loeuf;18100;18279;Vierzon;;;2.03106;47.215155
18279_3071_00006;6;;Rue des Seringats;18100;18279;Vierzon;;;2.055104;47.233255
18279_1693_00004;4;;Allee Guillaume Apollinaire;18100;18279;Vierzon;;;2.08517;47.220433
18279_1290_00104;104;;Rue Félix Pyat;18100;18279;Vierzon;;;2.08907;47.227663
18279_2330_00064;64;;Rue Mirabeau;18100;18279;Vierzon;;;2.053961;47.21094
18279_0512_00010_ter;10;ter;Route de Bonègue;18100;18279;Vierzon;;;2.072285;47.238474
18279_2025_00035;35;;avenue maréchal jean de lattre de tassigny;18100;18279;Vierzon;;;2.067589;47.207237
18279_671bao_00021;21;;avenue maréchal philippe leclerc de hauteclocque;18100;18279;Vierzon;;;2.056103;47.208969
18279_3133_00083;83;;Route de Tours;18100;18279;Vierzon;;;2.03244;47.236979
18279_2776_00004;4;;Rue du Plessis;18100;18279;Vierzon;;;2.091499;47.229112
18279_0980_00011_ter;11;ter;Rue du Crot à Foulon;18100;18279;Vierzon;;;2.064081;47.229939
18279_0290_00082;82;;Rue Barbès;18100;18279;Vierzon;;;2.059884;47.237263
18279_1980_00023;23;;Rue Jules Guesde;18100;18279;Vierzon;;;2.047583;47.227548
18279_0310_00061;61;;Rue du Bas de Grange;18100;18279;Vierzon;;;2.053422;47.224892
18279_0980_00006;6;;Rue du Crot à Foulon;18100;18279;Vierzon;;;2.065077;47.229925
18279_1440_00005;5;;Rue Gambetta;18100;18279;Vierzon;;;2.09702;47.221161
18279_2472_00020;20;;Route des Noues;18100;18279;Vierzon;;;2.0485;47.210067
18279_1128_00015_k;15;k;Avenue Edouard Vaillant;18100;18279;Vierzon;;;2.06161;47.230375
18279_2330_00002;2;;Rue Mirabeau;18100;18279;Vierzon;;;2.057057;47.213892
18279_1220_00013;13;;Rue Etienne Dolet;18100;18279;Vierzon;;;2.1021;47.214498
18279_2155_00026;26;;Avenue du 8 Mai 1945;18100;18279;Vierzon;;;2.076715;47.22792
18279_1810_00016;16;;Rue de l'Ile du Cher;18100;18279;Vierzon;;;2.064714;47.217016
18279_0951_00022;22;;Chemin des Grandes Crêles;18100;18279;Vierzon;;;2.070277;47.203607
18279_2770_00036;36;;Rue de la Plaisance;18100;18279;Vierzon;;;2.093658;47.220723
18279_0710_00046;46;;Rue du Champanet;18100;18279;Vierzon;;;2.061918;47.220305
18279_1830_00061;61;;Rue Jacques Decour;18100;18279;Vierzon;;;2.08837;47.229825
18279_1915_00026;26;;Rue Jean Vilar;18100;18279;Vierzon;;;2.082888;47.200148
18279_0122_00004;4;;Impasse Andre Ribaud;18100;18279;Vierzon;;;2.069026;47.231627
18279_0866_00026;26;;Avenue du Colonel Manhes;18100;18279;Vierzon;;;2.079544;47.223334
18279_0290_00033;33;;Rue Barbès;18100;18279;Vierzon;;;2.053459;47.234877
18279_2255_00012;12;;Place de la Mémoire;18100;18279;Vierzon;;;2.079556;47.199996
18279_1720_00017;17;;Rue Henri Barbusse;18100;18279;Vierzon;;;2.064136;47.230449
18279_0329_00002;2;;Impasse Baudin;18100;18279;Vierzon;;;2.060517;47.22061
18279_1720_00040;40;;Rue Henri Barbusse;18100;18279;Vierzon;;;2.06462;47.231577
18279_0350_00078;78;;Rue Beau Site;18100;18279;Vierzon;;;2.070207;47.207503
18279_0400_00033;33;;Rue des Berlurettes;18100;18279;Vierzon;;;2.064162;47.2364
18279_2472_00032;32;;Route des Noues;18100;18279;Vierzon;;;2.04751;47.210224
18279_0158_00004;4;;Impasse Armand Bazile;18100;18279;Vierzon;;;2.077623;47.216345
18279_2910_00055;55;;Avenue du 14 Juillet;18100;18279;Vierzon;;;2.06388;47.213245
18279_1230_00044;44;;Rue Etienne Marcel;18100;18279;Vierzon;;;2.098156;47.217732
18279_3202_00003_b;3;b;Avenue de Verdun;18100;18279;Vierzon;;;2.071953;47.224617
18279_0890_00007;7;;Rue de la Convention;18100;18279;Vierzon;;;2.100998;47.218225
18279_1160_00026_bis;26;bis;Rue Emile Zola;18100;18279;Vierzon;;;2.044147;47.224925
18279_2980_00017;17;;Rue Riparia;18100;18279;Vierzon;;;2.060245;47.213589
18279_2990_00026;26;;Rue Robespierre;18100;18279;Vierzon;;;2.09735;47.220024
18279_1060_00017;17;;Rue du Docteur Lobligeois;18100;18279;Vierzon;;;2.057538;47.217083
18279_1670_00008;8;;Rue du Gros Caillou;18100;18279;Vierzon;;;2.069015;47.222572
18279_1140_00008;8;;Place de l'Eglise des Forges;18100;18279;Vierzon;;;2.101704;47.213414
18279_0990_00045;45;;Rue Danielle Casanova;18100;18279;Vierzon;;;2.074674;47.212543
18279_1365_00015;15;;Chemin de Fougery;18100;18279;Vierzon;;;2.06993;47.228262
18279_3226_00011;11;;Route du Vieux Domaine;18100;18279;Vierzon;;;2.08364;47.214268
18279_1150_00030;30;;Rue Emile Bouleau;18100;18279;Vierzon;;;2.068335;47.218694
18279_2410_00051_a;51;a;Boulevard de la Nation;18100;18279;Vierzon;;;2.057282;47.214141
18279_2100_00030;30;;Rue des Longueraies;18100;18279;Vierzon;;;2.058088;47.232516
18279_3170_00024;24;;Rue de Valmy;18100;18279;Vierzon;;;2.069864;47.218931
18279_1710_00032;32;;Rue Guy Môquet;18100;18279;Vierzon;;;2.075798;47.211601
18279_0866_00017;17;;Avenue du Colonel Manhes;18100;18279;Vierzon;;;2.082183;47.223614
18279_2795_00058;58;;Rue des Ponts;18100;18279;Vierzon;;;2.066519;47.21894
18279_1290_00097;97;;Rue Félix Pyat;18100;18279;Vierzon;;;2.088438;47.227529
18279_2155_00100;100;;Avenue du 8 Mai 1945;18100;18279;Vierzon;;;2.084896;47.234033
18279_0440_00009;9;;Rue Blaise Pascal;18100;18279;Vierzon;;;2.07564;47.217184
18279_0440_00013;13;;Rue Blaise Pascal;18100;18279;Vierzon;;;2.075408;47.216602
18279_3184_00015;15;;Chemin des Varennes;18100;18279;Vierzon;;;2.096083;47.216279
18279_2211_00015;15;;rue du maréchal foch;18100;18279;Vierzon;;;2.068066;47.223171
18279_0360_00014;14;;Rue de Bellevue;18100;18279;Vierzon;;;2.071512;47.20897
18279_0600_00032_a;32;a;Petite Rue du Camp;18100;18279;Vierzon;;;2.065179;47.207
18279_0082_00013_bis;13;bis;Petite Rue Anatole France;18100;18279;Vierzon;;;2.049352;47.220295
18279_2040_01435;1435;;Avenue Mal Philippe Leclerc de Ha;18100;18279;Vierzon;;;2.060368;47.209625
18279_1155_00028;28;;Rue Emile Desforges;18100;18279;Vierzon;;;2.083267;47.227631
18279_0830_00011;11;;Rue Claude Bernard;18100;18279;Vierzon;;;2.076713;47.216733
18279_1270_00022;22;;Petite Rue de Fay;18100;18279;Vierzon;;;2.05064;47.236842
18279_2640_00056;56;;Route du Petit Râteau;18100;18279;Vierzon;;;2.095401;47.238444
18279_3133_00066;66;;Route de Tours;18100;18279;Vierzon;;;2.032726;47.236914
18279_0650_00056;56;;Rue du Cavalier;18100;18279;Vierzon;;;2.06864;47.225125
18279_2500_00020;20;;Rue des Ormes;18100;18279;Vierzon;;;2.07702;47.23187
18279_1032_00002;2;;Rue Diderot;18100;18279;Vierzon;;;2.071346;47.218514
18279_0650_00046;46;;Rue du Cavalier;18100;18279;Vierzon;;;2.06661;47.225605
18279_0260_00020;20;;Petite Rue Babeuf;18100;18279;Vierzon;;;2.045281;47.235333
18279_1915_00042;42;;Rue Jean Vilar;18100;18279;Vierzon;;;2.084342;47.199636
18279_2155_00080;80;;Avenue du 8 Mai 1945;18100;18279;Vierzon;;;2.080421;47.230866
18279_0352_00003;3;;Rue Beethoven;18100;18279;Vierzon;;;2.078176;47.235345
18279_0170_00019;19;;Rue Armand Brunet;18100;18279;Vierzon;;;2.069262;47.221863
18279_1440_00019;19;;Rue Gambetta;18100;18279;Vierzon;;;2.098169;47.219845
18279_1470_00008;8;;Rue Gaston Cornavin;18100;18279;Vierzon;;;2.08752;47.227768
18279_1480_00042;42;;Rue de la Gaucherie;18100;18279;Vierzon;;;2.063753;47.223203
18279_2910_00023_bis;23;bis;Avenue du 14 Juillet;18100;18279;Vierzon;;;2.064597;47.214915
18279_1834_00004;4;;Rue Jacques Richard;18100;18279;Vierzon;;;2.080433;47.200585
18279_1170_00022_a;22;a;Rue des Epinettes;18100;18279;Vierzon;;;2.068987;47.22577
18279_2055_00011;11;;Rue Lénine;18100;18279;Vierzon;;;2.063804;47.23284
18279_2995_00018;18;;Rue Roland Champenier;18100;18279;Vierzon;;;2.069966;47.238417
18279_1980_00002;2;;Rue Jules Guesde;18100;18279;Vierzon;;;2.049898;47.227474
18279_2491_00029;29;;Chemin de l’Orme a Lieue;18100;18279;Vierzon;;;2.124365;47.215699
18279_1877_00039;39;;Avenue Jean Jaurès;18100;18279;Vierzon;;;2.045162;47.230954
18279_1990_00040;40;;Rue Jules Louis Breton;18100;18279;Vierzon;;;2.078005;47.221054
18279_2450_00016;16;;Route de Neuvy;18100;18279;Vierzon;;;2.09575;47.243563
18279_0715_00002_b;2;b;Chemin du Champ des Renards;18100;18279;Vierzon;;;2.093608;47.227754
18279_1840_00038_a;38;a;Rue Jean-baptiste Clément;18100;18279;Vierzon;;;2.071196;47.229582
18279_1875_00005;5;;Rue Jean Giono;18100;18279;Vierzon;;;2.078152;47.209583
18279_2330_00056;56;;Rue Mirabeau;18100;18279;Vierzon;;;2.054402;47.211312
18279_2270_00001;1;;Rue Meunier;18100;18279;Vierzon;;;2.045807;47.230672
18279_1128_00002;2;;Avenue Edouard Vaillant;18100;18279;Vierzon;;;2.06104;47.229857
18279_0710_00033_bis;33;bis;Rue du Champanet;18100;18279;Vierzon;;;2.060827;47.22024
18279_2100_00062;62;;Rue des Longueraies;18100;18279;Vierzon;;;2.058357;47.234713
18279_0740_00061_bis;61;bis;Rue Charles Hurvoy;18100;18279;Vierzon;;;2.065512;47.22856
18279_66j5mf_00041;41;;Chemin des Noues;18100;18279;Vierzon;;;2.04252;47.211355
18279_0745_00015;15;;Chemin de Charnay;18100;18279;Vierzon;;;2.02816;47.241283
18279_0052_00021;21;;Rue Albert et Paul Thouvenin;18100;18279;Vierzon;;;2.108879;47.208026
18279_1378_00008;8;;Rue François Mitterrand;18100;18279;Vierzon;;;2.060801;47.22054
18279_1905_00052;52;;Rue Jean Picot;18100;18279;Vierzon;;;2.075171;47.210973
18279_1750_00004;4;;Rue Henri Sellier;18100;18279;Vierzon;;;2.054451;47.217551
18279_1320_00051_b;51;b;Route de Foëcy;18100;18279;Vierzon;;;2.106388;47.207337
18279_1128_00046;46;;Avenue Edouard Vaillant;18100;18279;Vierzon;;;2.060921;47.23273
18279_1870_00051;51;;Rue Jean Jacques Rousseau;18100;18279;Vierzon;;;2.073394;47.218451
18279_0740_00011;11;;Rue Charles Hurvoy;18100;18279;Vierzon;;;2.07002;47.227339
18279_1536_00006;6;;Rue Georges Politzer;18100;18279;Vierzon;;;2.078167;47.204433
18279_2930_00045;45;;Rue Raspail;18100;18279;Vierzon;;;2.078005;47.22273
18279_3280_00093;93;;Rue de Villeneuve;18100;18279;Vierzon;;;2.0699;47.208027
18279_2390_00034;34;;Rue du Mouton;18100;18279;Vierzon;;;2.084397;47.230125
18279_0972_00044;44;;Rue de la Croix Moreau;18100;18279;Vierzon;;;2.041157;47.228665
18279_2157_00007;7;;Chemin de la Maison Blanche;18100;18279;Vierzon;;;2.038979;47.224328
18279_2080_00006;6;;Route de la Loeuf;18100;18279;Vierzon;;;2.049602;47.214342
18279_0128_00007;7;;Passage Parmentier;18100;18279;Vierzon;;;2.045584;47.228197
18279_1062_00006;6;;Rue du Docteur Pierre Roux;18100;18279;Vierzon;;;2.069181;47.224114
18279_0160_00062_bis;62;bis;Rue Armand Bazile;18100;18279;Vierzon;;;2.078602;47.215673
18279_1240_00020_a;20;a;Rue Etienne Nivet;18100;18279;Vierzon;;;2.079242;47.222197
18279_1155_00047;47;;Rue Emile Desforges;18100;18279;Vierzon;;;2.085002;47.228929
18279_1560_00014;14;;Rue Gourdon;18100;18279;Vierzon;;;2.067004;47.224335
18279_2335_00001;1;;Rue Miranda de Ebro;18100;18279;Vierzon;;;2.065926;47.218247
18279_2503_00008;8;;Rue Pablo Picasso;18100;18279;Vierzon;;;2.08305;47.201047
18279_1300_00051;51;;Rue Fernand Léger;18100;18279;Vierzon;;;2.085981;47.228563
18279_1128_00029;29;;Avenue Edouard Vaillant;18100;18279;Vierzon;;;2.061166;47.231437
18279_1450_00030;30;;Rue Gambon;18100;18279;Vierzon;;;2.074275;47.227014
18279_le1ny7_00008;8;;Rue Jeanne Labourbe;18100;18279;Vierzon;;;2.060236;47.231638
18279_1569_00007_bis;7;bis;Chemin de Grands Champs;18100;18279;Vierzon;;;2.086164;47.248352
18279_2320_00028;28;;Rue Millière;18100;18279;Vierzon;;;2.050232;47.226828
18279_1824_00001;1;;Place Jacques Brel;18100;18279;Vierzon;;;2.068966;47.221708
18279_0160_00081;81;;Rue Armand Bazile;18100;18279;Vierzon;;;2.077532;47.215894
18279_1877_00007;7;;Avenue Jean Jaurès;18100;18279;Vierzon;;;2.048456;47.230207
18279_1710_00002;2;;Rue Guy Môquet;18100;18279;Vierzon;;;2.07667;47.212278
18279_2640_00017;17;;Route du Petit Râteau;18100;18279;Vierzon;;;2.097065;47.230682
18279_2620_00011;11;;Rue des Pentecotes;18100;18279;Vierzon;;;2.060445;47.227604
18279_2714_00003;3;;Allée Pierre de Coubertin;18100;18279;Vierzon;;;2.077674;47.210219
18279_1536_00047;47;;Rue Georges Politzer;18100;18279;Vierzon;;;2.080483;47.204026
18279_2950_00026;26;;Avenue de la République;18100;18279;Vierzon;;;2.065588;47.223224
18279_0120_00113;113;;Rue André Ribaud;18100;18279;Vierzon;;;2.073821;47.235179
18279_0770_00003;3;;Place du Château;18100;18279;Vierzon;;;2.071606;47.222894
18279_1905_00056;56;;Rue Jean Picot;18100;18279;Vierzon;;;2.075518;47.210726
18279_0310_00060;60;;Rue du Bas de Grange;18100;18279;Vierzon;;;2.049017;47.225327
18279_1870_00035;35;;Rue Jean Jacques Rousseau;18100;18279;Vierzon;;;2.072398;47.218576
18279_3170_00003;3;;Rue de Valmy;18100;18279;Vierzon;;;2.06705;47.219022
18279_0866_00064;64;;Avenue du Colonel Manhes;18100;18279;Vierzon;;;2.084179;47.223913
18279_0498_00006;6;;Petit Chemin Petit Chem de Bois Marteau;18100;18279;Vierzon;;;2.057076;47.238536
18279_2390_00016;16;;Rue du Mouton;18100;18279;Vierzon;;;2.082674;47.230575
18279_3280_00005;5;;Rue de Villeneuve;18100;18279;Vierzon;;;2.072686;47.213211
18279_0370_00048;48;;Route de Bellon;18100;18279;Vierzon;;;2.075285;47.212626
18279_0435_00005;5;;Rue de Bitterfeld;18100;18279;Vierzon;;;2.082537;47.203766
18279_1549_00038;38;;Chemin de la Giraudiere;18100;18279;Vierzon;;;2.029219;47.238088
18279_1560_00028;28;;Rue Gourdon;18100;18279;Vierzon;;;2.065201;47.224524
18279_0280_00008;8;;Impasse Barbes;18100;18279;Vierzon;;;2.05336;47.234003
18279_0963_00003_a;3;a;Route de la Croix;18100;18279;Vierzon;;;2.097742;47.228369
18279_2100_00064;64;;Rue des Longueraies;18100;18279;Vierzon;;;2.058365;47.234853
18279_3197_00002;2;;Levee de l’Etang du Verdin;18100;18279;Vierzon;;;2.044657;47.23471
18279_2100_00042;42;;Rue des Longueraies;18100;18279;Vierzon;;;2.05837;47.233189
18279_1560_00033;33;;Rue Gourdon;18100;18279;Vierzon;;;2.064984;47.224621
18279_1810_00014;14;;Rue de l'Ile du Cher;18100;18279;Vierzon;;;2.064762;47.216964
18279_2220_00054;54;;Rue du Maréchal Joffre;18100;18279;Vierzon;;;2.070479;47.222981
18279_1535_00018;18;;Rue Georges Fauconnier;18100;18279;Vierzon;;;2.070535;47.238594
18279_0545_00091;91;;Route de Bourges;18100;18279;Vierzon;;;2.127121;47.213772
18279_1720_00073_ter;73;ter;Rue Henri Barbusse;18100;18279;Vierzon;;;2.062518;47.22933
18279_2330_00007;7;;Rue Mirabeau;18100;18279;Vierzon;;;2.056008;47.212404
18279_0120_00028;28;;Rue André Ribaud;18100;18279;Vierzon;;;2.066609;47.230319
18279_0260_00016;16;;Petite Rue Babeuf;18100;18279;Vierzon;;;2.045357;47.235072
18279_1869_00005;5;;Passage Jean Jacques Rousseau;18100;18279;Vierzon;;;2.075339;47.21871
18279_1950_00041;41;;Avenue du Jonc;18100;18279;Vierzon;;;2.067735;47.209919
18279_0160_00037_a;37;a;Rue Armand Bazile;18100;18279;Vierzon;;;2.073607;47.216987
18279_2850_00024;24;;Rue Proudhon;18100;18279;Vierzon;;;2.048091;47.232229
18279_1230_00061;61;;Rue Etienne Marcel;18100;18279;Vierzon;;;2.100698;47.217347
18279_2640_00012;12;;Route du Petit Râteau;18100;18279;Vierzon;;;2.097075;47.229151
18279_0850_00001;1;;Rue Cognacq Jay;18100;18279;Vierzon;;;2.058373;47.217559
18279_1490_00003;3;;Chemin des Gaudrets;18100;18279;Vierzon;;;2.08856;47.220813
18279_0146_00001_d;1;d;Chemin de l’Ardillat;18100;18279;Vierzon;;;2.093896;47.236122
18279_2000_00009;9;;Rue Jules Vallès;18100;18279;Vierzon;;;2.064865;47.219377
18279_2309_00023;23;;Chemin des Millards;18100;18279;Vierzon;;;2.102863;47.233131
18279_0120_00021;21;;Rue André Ribaud;18100;18279;Vierzon;;;2.066522;47.230358
18279_2510_00072;72;;Rue de la Paix;18100;18279;Vierzon;;;2.054265;47.217223
18279_2776_00010;10;;Rue du Plessis;18100;18279;Vierzon;;;2.092782;47.22972
18279_671bao_00025_bis;25;bis;avenue maréchal philippe leclerc de hauteclocque;18100;18279;Vierzon;;;2.055773;47.208694
18279_1535_00098;98;;Rue Georges Fauconnier;18100;18279;Vierzon;;;2.066842;47.238658
18279_0052_00001;1;;Rue Albert et Paul Thouvenin;18100;18279;Vierzon;;;2.104992;47.209105
18279_0395_00026;26;;Rue Henri Bergson;18100;18279;Vierzon;;;2.094;47.224775
18279_1290_00039;39;;Rue Félix Pyat;18100;18279;Vierzon;;;2.08232;47.229141
18279_2025_00008;8;;avenue maréchal jean de lattre de tassigny;18100;18279;Vierzon;;;2.063653;47.208431
18279_2210_00001;1;;Place du Maréchal Foch;18100;18279;Vierzon;;;2.068099;47.223243
18279_0220_00022;22;;Rue Auber;18100;18279;Vierzon;;;2.082404;47.21542
18279_1830_00022;22;;Rue Jacques Decour;18100;18279;Vierzon;;;2.089175;47.229686
18279_0350_00025;25;;Rue Beau Site;18100;18279;Vierzon;;;2.072872;47.211679
18279_0195_00016;16;;Rue Arthur Rimbaud;18100;18279;Vierzon;;;2.082962;47.202412
18279_2040_00040;40;;Avenue Mal Philippe Leclerc de Ha;18100;18279;Vierzon;;;2.054327;47.208911
18279_2795_00029;29;;Rue des Ponts;18100;18279;Vierzon;;;2.066496;47.219056
18279_1569_00006;6;;Chemin de Grands Champs;18100;18279;Vierzon;;;2.086372;47.247979
18279_1128_00146;146;;Avenue Edouard Vaillant;18100;18279;Vierzon;;;2.060641;47.241674
18279_3280_00061;61;;Rue de Villeneuve;18100;18279;Vierzon;;;2.070841;47.20997
18279_0389_00006;6;;Passage des Bergeries Est;18100;18279;Vierzon;;;2.050923;47.224703
18279_1270_00002;2;;Petite Rue de Fay;18100;18279;Vierzon;;;2.050539;47.235842
18279_0743_00012;12;;Rue Charlotte Delbo;18100;18279;Vierzon;;;2.08732;47.22268
18279_2255_00007;7;;Place de la Mémoire;18100;18279;Vierzon;;;2.08034;47.199858
18279_1170_00030;30;;Rue des Epinettes;18100;18279;Vierzon;;;2.069563;47.226318
18279_1230_00033;33;;Rue Etienne Marcel;18100;18279;Vierzon;;;2.097956;47.217915
18279_1150_00041;41;;Rue Emile Bouleau;18100;18279;Vierzon;;;2.067856;47.21778
18279_2688_00038;38;;Rue Pierre Brossolette;18100;18279;Vierzon;;;2.075804;47.204961
18279_2910_00026_b;26;b;Avenue du 14 Juillet;18100;18279;Vierzon;;;2.065006;47.215628
18279_2260_00046;46;;Route de Méreau;18100;18279;Vierzon;;;2.0612;47.206614
18279_b215_00007;7;;Petit Chemin de Bois Marteau;18100;18279;Vierzon;;;2.056647;47.238823
18279_0420_00058_c;58;c;Rue de la Bidauderie;18100;18279;Vierzon;;;2.084243;47.237299
18279_a070_00015;15;;Residence des Bruyeres;18100;18279;Vierzon;;;2.065149;47.205254
18279_0817_00022;22;;Chemin du Chevry;18100;18279;Vierzon;;;2.118961;47.215363
18279_2960_00002;2;;Place de la Résistance;18100;18279;Vierzon;;;2.071571;47.223779
18279_3091_00003;3;;Chemin des Tailles;18100;18279;Vierzon;;;2.057709;47.238115
18279_1840_00043;43;;Rue Jean-baptiste Clément;18100;18279;Vierzon;;;2.072644;47.230975
18279_2625_00003;3;;Chemin du Perdrier;18100;18279;Vierzon;;;2.097189;47.222361
18279_0950_00012;12;;Chemin des Crêles;18100;18279;Vierzon;;;2.081025;47.195848
18279_0140_00016;16;;Rue Antonin Lerault;18100;18279;Vierzon;;;2.068535;47.215275
18279_1128_00132;132;;Avenue Edouard Vaillant;18100;18279;Vierzon;;;2.060635;47.23979
18279_1128_00007;7;;Avenue Edouard Vaillant;18100;18279;Vierzon;;;2.061239;47.229596
18279_0925_00010_b;10;b;La Cour d’En Haut;18100;18279;Vierzon;;;2.033482;47.208186
18279_2870_00118;118;;Route de Puits Berteau;18100;18279;Vierzon;;;2.070838;47.23754
18279_2816_00057;57;;Passage du Pré d'Anet;18100;18279;Vierzon;;;2.080365;47.218634
18279_1440_00012;12;;Rue Gambetta;18100;18279;Vierzon;;;2.097034;47.220561
18279_0866_00015;15;;Avenue du Colonel Manhes;18100;18279;Vierzon;;;2.082062;47.223596
18279_1120_00040_t;40;t;Rue Edouard Branly;18100;18279;Vierzon;;;2.105149;47.219579
18279_1320_01295;1295;;Route de Foëcy;18100;18279;Vierzon;;;2.102221;47.209747
18279_2080_00034;34;;Route de la Loeuf;18100;18279;Vierzon;;;2.040603;47.215879
18279_0370_00081;81;;Route de Bellon;18100;18279;Vierzon;;;2.077777;47.211769
18279_1720_00012;12;;Rue Henri Barbusse;18100;18279;Vierzon;;;2.06394;47.229851
18279_2560_00010_b;10;b;Rue Pasteur;18100;18279;Vierzon;;;2.084904;47.220099
18279_1875_00006;6;;Rue Jean Giono;18100;18279;Vierzon;;;2.077589;47.209287
18279_p07zqe_00011;11;;Chemin du Pre d’Anet;18100;18279;Vierzon;;;2.074536;47.219818
18279_0890_00057;57;;Rue de la Convention;18100;18279;Vierzon;;;2.104714;47.220797
18279_0080_00014;14;;Rue Anatole France;18100;18279;Vierzon;;;2.059348;47.22106
18279_2510_00076;76;;Rue de la Paix;18100;18279;Vierzon;;;2.054236;47.216859
18279_2980_00032;32;;Rue Riparia;18100;18279;Vierzon;;;2.058313;47.213714
18279_0370_00143;143;;Route de Bellon;18100;18279;Vierzon;;;2.081739;47.20298
18279_lukrq1_00015;15;;Rue Rouget de Lisle;18100;18279;Vierzon;;;2.046445;47.232774
18279_1832_00019;19;;Square Jacques Duclos;18100;18279;Vierzon;;;2.088432;47.201411
18279_1869_01595;1595;;Passage Jean Jacques Rousseau;18100;18279;Vierzon;;;2.075225;47.218226
18279_0130_00024;24;;Rue Antoine Parmentier;18100;18279;Vierzon;;;2.045613;47.229405
18279_0865_00007;7;;Rue du Colonel Fabien;18100;18279;Vierzon;;;2.064008;47.234324
18279_2189_00011_a;11;a;Rue Marcel Paul;18100;18279;Vierzon;;;2.08981;47.234768
18279_3160_00060;60;;Rue du Val Fleury;18100;18279;Vierzon;;;2.068408;47.208136
18279_3135_00004;4;;Rue des Tramways de l'Indre;18100;18279;Vierzon;;;2.062138;47.214667
18279_2080_00110;110;;Route de la Loeuf;18100;18279;Vierzon;;;2.029614;47.212289
18279_2500_00024;24;;Rue des Ormes;18100;18279;Vierzon;;;2.07764;47.23215
18279_1609_00003;3;;Chemin des Grandes Terres;18100;18279;Vierzon;;;2.062195;47.2058
18279_0545_00073;73;;Route de Bourges;18100;18279;Vierzon;;;2.122545;47.214285
18279_0030_00005;5;;Rue de l'Abricot;18100;18279;Vierzon;;;2.058418;47.22071
18279_2190_00009_a;9;a;Rue Marcel Perrin;18100;18279;Vierzon;;;2.071288;47.224565
18279_0400_00029;29;;Rue des Berlurettes;18100;18279;Vierzon;;;2.063838;47.236343
18279_0745_00002;2;;Chemin de Charnay;18100;18279;Vierzon;;;2.029716;47.239308
18279_3251_00015;15;;Rue du Village Aubry;18100;18279;Vierzon;;;2.099853;47.218115
18279_2690_00001;1;;Rue Pierre Calmette;18100;18279;Vierzon;;;2.063145;47.216171
18279_0130_00022;22;;Rue Antoine Parmentier;18100;18279;Vierzon;;;2.045797;47.229368
18279_0060_00011;11;;Rue Alphonse Daudet;18100;18279;Vierzon;;;2.077973;47.215255
18279_1877_00029;29;;Avenue Jean Jaurès;18100;18279;Vierzon;;;2.046484;47.230654
18279_0500_00015;15;;Rue Boitard;18100;18279;Vierzon;;;2.070167;47.214823
18279_0890_00054;54;;Rue de la Convention;18100;18279;Vierzon;;;2.105027;47.22021
18279_1720_00005;5;;Rue Henri Barbusse;18100;18279;Vierzon;;;2.063798;47.229752
18279_1490_00014;14;;Chemin des Gaudrets;18100;18279;Vierzon;;;2.088899;47.221919
18279_0310_00016_y;16;y;Rue du Bas de Grange;18100;18279;Vierzon;;;2.05488;47.224515
18279_0080_00047;47;;Rue Anatole France;18100;18279;Vierzon;;;2.056787;47.221534
18279_0060_00008;8;;Rue Alphonse Daudet;18100;18279;Vierzon;;;2.078307;47.216322
18279_1230_00062;62;;Rue Etienne Marcel;18100;18279;Vierzon;;;2.099569;47.217504
18279_1830_00020;20;;Rue Jacques Decour;18100;18279;Vierzon;;;2.089347;47.229727
18279_1230_00069;69;;Rue Etienne Marcel;18100;18279;Vierzon;;;2.101394;47.217116
18279_2155_00057_i;57;i;Avenue du 8 Mai 1945;18100;18279;Vierzon;;;2.079344;47.230781
18279_2290_00005;5;;Rue des Meunières;18100;18279;Vierzon;;;2.057661;47.234123
18279_2155_00055;55;;Avenue du 8 Mai 1945;18100;18279;Vierzon;;;2.079452;47.23022
18279_2500_00028;28;;Rue des Ormes;18100;18279;Vierzon;;;2.078019;47.232343
18279_1290_00060_bis;60;bis;Rue Félix Pyat;18100;18279;Vierzon;;;2.084209;47.227808
18279_1860_00012;12;;Rue Jean de la Fontaine;18100;18279;Vierzon;;;2.059505;47.222058
18279_2290_00025_bis;25;bis;Rue des Meunières;18100;18279;Vierzon;;;2.055335;47.234481
18279_0270_00033;33;;Rue Babeuf;18100;18279;Vierzon;;;2.043413;47.233311
18279_2770_00062;62;;Rue de la Plaisance;18100;18279;Vierzon;;;2.097203;47.221432
18279_2070_00016;16;;Boulevard de la Liberté;18100;18279;Vierzon;;;2.066289;47.226745
18279_1490_00007;7;;Chemin des Gaudrets;18100;18279;Vierzon;;;2.08864;47.221098
18279_1128_00116_c;116;c;Avenue Edouard Vaillant;18100;18279;Vierzon;;;2.060588;47.238494
18279_1450_00008;8;;Rue Gambon;18100;18279;Vierzon;;;2.071911;47.227148
18279_1990_00058;58;;Rue Jules Louis Breton;18100;18279;Vierzon;;;2.081017;47.220362
18279_1535_00056;56;;Rue Georges Fauconnier;18100;18279;Vierzon;;;2.068942;47.239451
18279_3269_00016;16;;Chemin du Village d’En Haut;18100;18279;Vierzon;;;2.12563;47.240735
18279_b2fplh_00001;1;;Residence Mermoz;18100;18279;Vierzon;;;2.063416;47.204764
18279_1170_00023_b;23;b;Rue des Epinettes;18100;18279;Vierzon;;;2.070056;47.226539
18279_1308_00012;12;;Impasse des Feuillures;18100;18279;Vierzon;;;2.065;47.21103
18279_0350_00088;88;;Rue Beau Site;18100;18279;Vierzon;;;2.069877;47.206909
18279_0400_00019;19;;Rue des Berlurettes;18100;18279;Vierzon;;;2.062971;47.236081
18279_0270_00025;25;;Rue Babeuf;18100;18279;Vierzon;;;2.044096;47.233227
18279_le1ny7_00039;39;;Rue Jeanne Labourbe;18100;18279;Vierzon;;;2.062474;47.232688
18279_0482_00027;27;;Rue du Bois d'Yèvre;18100;18279;Vierzon;;;2.069508;47.217743
18279_0980_00039;39;;Rue du Crot à Foulon;18100;18279;Vierzon;;;2.062108;47.231548
18279_2945_00012;12;;Rue de Rendsburg;18100;18279;Vierzon;;;2.085063;47.200145
18279_0080_00052;52;;Rue Anatole France;18100;18279;Vierzon;;;2.056033;47.221773
18279_1720_00082;82;;Rue Henri Barbusse;18100;18279;Vierzon;;;2.065453;47.237035
18279_3047_00006;6;;Rue Saint Exupéry;18100;18279;Vierzon;;;2.068576;47.206107
18279_0020_00037;37;;Chemin de l’Abricot;18100;18279;Vierzon;;;2.048166;47.218474
18279_2025_00077;77;;avenue maréchal jean de lattre de tassigny;18100;18279;Vierzon;;;2.076946;47.202826
18279_1538_00038;38;;Rue Georges Rousseau;18100;18279;Vierzon;;;2.057947;47.211245
18279_2030_00005;5;;Rue Lavoisier;18100;18279;Vierzon;;;2.066427;47.226409
18279_0100_00022;22;;Rue André Guillemain;18100;18279;Vierzon;;;2.08169;47.215978
18279_2058_00002;2;;Rue Léo Mérigot;18100;18279;Vierzon;;;2.049394;47.23016
18279_2816_00009;9;;Passage du Pré d'Anet;18100;18279;Vierzon;;;2.074525;47.220451
18279_a400_00018;18;;Residence les Pommiers;18100;18279;Vierzon;;;2.09284;47.227565
18279_1870_00091;91;;Rue Jean Jacques Rousseau;18100;18279;Vierzon;;;2.080101;47.217195
18279_1535_00040;40;;Rue Georges Fauconnier;18100;18279;Vierzon;;;2.070503;47.239165
18279_2583_00004;4;;Rue Paul Eluard;18100;18279;Vierzon;;;2.082922;47.201645
18279_0890_00177;177;;Rue de la Convention;18100;18279;Vierzon;;;2.110083;47.227531
18279_2870_00135;135;;Route de Puits Berteau;18100;18279;Vierzon;;;2.067542;47.238209
18279_2960_00004;4;;Place de la Résistance;18100;18279;Vierzon;;;2.071815;47.223657
18279_1732_00080;80;;Square Henriette Dumuin;18100;18279;Vierzon;;;2.080339;47.202246
18279_0542_00011;11;;Rue du Bourdoiseau;18100;18279;Vierzon;;;2.063396;47.231403
18279_1290_00046;46;;Rue Félix Pyat;18100;18279;Vierzon;;;2.083259;47.228287
18279_0080_00007;7;;Rue Anatole France;18100;18279;Vierzon;;;2.060354;47.220931
18279_1526_00006;6;;Square Georges Brassens;18100;18279;Vierzon;;;2.077655;47.20174
18279_1128_00017;17;;Avenue Edouard Vaillant;18100;18279;Vierzon;;;2.06129;47.230675
18279_1050_00007;7;;Impasse Diderot;18100;18279;Vierzon;;;2.070486;47.217484
18279_1760_00015;15;;Rue d'Héry;18100;18279;Vierzon;;;2.0707;47.213062
18279_0710_00029;29;;Rue du Champanet;18100;18279;Vierzon;;;2.061061;47.220241
18279_0817_00045;45;;Chemin du Chevry;18100;18279;Vierzon;;;2.121446;47.214966
18279_2650_00045;45;;Rue de la Petite Noue;18100;18279;Vierzon;;;2.059658;47.205368
18279_0710_00056;56;;Rue du Champanet;18100;18279;Vierzon;;;2.061071;47.220296
18279_1055_00002;2;;Avenue du 19 Mars 1962;18100;18279;Vierzon;;;2.088234;47.236056
18279_2870_00189;189;;Route de Puits Berteau;18100;18279;Vierzon;;;2.061541;47.239962
18279_2935_00004;4;;Chemin des Rechignardes;18100;18279;Vierzon;;;2.070831;47.230333
18279_1490_00016;16;;Chemin des Gaudrets;18100;18279;Vierzon;;;2.088684;47.222212
18279_hv0stn_00005;5;;Impasse de Bel Air;18100;18279;Vierzon;;;2.076393;47.213296
18279_0800_00021;21;;Quai du Cher;18100;18279;Vierzon;;;2.063189;47.216358
18279_0220_00041;41;;Rue Auber;18100;18279;Vierzon;;;2.081446;47.213324
18279_1300_00045;45;;Rue Fernand Léger;18100;18279;Vierzon;;;2.085945;47.228577
18279_1915_00028;28;;Rue Jean Vilar;18100;18279;Vierzon;;;2.083077;47.200121
18279_2100_00065;65;;Rue des Longueraies;18100;18279;Vierzon;;;2.05849;47.235262
18279_0866_00002;2;;Avenue du Colonel Manhes;18100;18279;Vierzon;;;2.075081;47.224647
18279_2735_00010;10;;Rue Pierre Ferdonnet;18100;18279;Vierzon;;;2.090211;47.226259
18279_1375_00025;25;;Rue France Bloch-sérazin;18100;18279;Vierzon;;;2.0786;47.206155
18279_1877_00046;46;;Avenue Jean Jaurès;18100;18279;Vierzon;;;2.045296;47.231044
18279_1110_00019;19;;Rue Edgar Quinet;18100;18279;Vierzon;;;2.06641;47.224209
18279_1020_00020;20;;Rue Descartes;18100;18279;Vierzon;;;2.080283;47.216063
18279_2605_00027_a;27;a;Ruelle du Pavillon;18100;18279;Vierzon;;;2.070327;47.225377
18279_0626_00004;4;;Allée Camille Blanc;18100;18279;Vierzon;;;2.067867;47.238447
18279_0220_00019;19;;Rue Auber;18100;18279;Vierzon;;;2.082445;47.215278
18279_0310_00016_h;16;h;Rue du Bas de Grange;18100;18279;Vierzon;;;2.055255;47.224429
18279_2123_00007;7;;Square Louis Braille;18100;18279;Vierzon;;;2.088408;47.201146
18279_2770_00069;69;;Rue de la Plaisance;18100;18279;Vierzon;;;2.096295;47.22147
18279_2190_00058;58;;Rue Marcel Perrin;18100;18279;Vierzon;;;2.0708;47.226636
18279_3180_00008;8;;Rue Van Craeynest;18100;18279;Vierzon;;;2.064477;47.209496
18279_0195_00042;42;;Rue Arthur Rimbaud;18100;18279;Vierzon;;;2.083994;47.202533
18279_1400_00008;8;;Place Gabriel Péri;18100;18279;Vierzon;;;2.062292;47.225196
18279_2123_00011;11;;Square Louis Braille;18100;18279;Vierzon;;;2.088871;47.201162
18279_0120_00115;115;;Rue André Ribaud;18100;18279;Vierzon;;;2.074147;47.235358
18279_2720_00039;39;;Rue Pierre Dupont;18100;18279;Vierzon;;;2.044348;47.23638
18279_1700_00049;49;;Rue Gustave Flourens;18100;18279;Vierzon;;;2.052481;47.232161
18279_3060_00020;20;;Rue du Sergent Bobillot;18100;18279;Vierzon;;;2.047295;47.22815
18279_1290_00062_bis;62;bis;Rue Félix Pyat;18100;18279;Vierzon;;;2.084285;47.227785
18279_2910_00022;22;;Avenue du 14 Juillet;18100;18279;Vierzon;;;2.064798;47.215017
18279_0080_00077;77;;Rue Anatole France;18100;18279;Vierzon;;;2.052658;47.2221
18279_1500_00013;13;;Rue Gay Lussac;18100;18279;Vierzon;;;2.076623;47.223852
18279_0088_00004_c;4;c;Impasse Andre de Chenier;18100;18279;Vierzon;;;2.074481;47.21884
18279_0710_00056_a;56;a;Rue du Champanet;18100;18279;Vierzon;;;2.061071;47.220296
18279_1536_00053;53;;Rue Georges Politzer;18100;18279;Vierzon;;;2.080629;47.204171
18279_1128_00057_a;57;a;Avenue Edouard Vaillant;18100;18279;Vierzon;;;2.06153;47.23367
18279_0711_00001;1;;Chemin du Champ Chapelet;18100;18279;Vierzon;;;2.087148;47.236569
18279_0545_00024;24;;Route de Bourges;18100;18279;Vierzon;;;2.11189;47.214889
18279_2190_00053_b;53;b;Rue Marcel Perrin;18100;18279;Vierzon;;;2.070778;47.226945
18279_3073_00023;23;;Rue de la Société Française;18100;18279;Vierzon;;;2.058548;47.22584
18279_0352_00014;14;;Rue Beethoven;18100;18279;Vierzon;;;2.078739;47.23468
18279_2058_00049;49;;Rue Léo Mérigot;18100;18279;Vierzon;;;2.054326;47.226924
18279_1391_00003_e;3;e;Rue de la Fringale;18100;18279;Vierzon;;;2.040729;47.232554
18279_1194_00015;15;;Chemin de l’Etang du Verdin;18100;18279;Vierzon;;;2.041252;47.235959
18279_1929_00019;19;;Impasse de Jérusalem;18100;18279;Vierzon;;;2.067282;47.218236
18279_1240_00054;54;;Rue Etienne Nivet;18100;18279;Vierzon;;;2.083515;47.221461
18279_0uduo0_00006;6;;Chemin du Jouffroy;18100;18279;Vierzon;;;2.105403;47.221404
18279_2188_00004;4;;Rue Marcel Pagnol;18100;18279;Vierzon;;;2.077222;47.211398
18279_2560_00018;18;;Rue Pasteur;18100;18279;Vierzon;;;2.085672;47.22001
18279_0290_00030;30;;Rue Barbès;18100;18279;Vierzon;;;2.053325;47.234731
18279_0370_00153;153;;Route de Bellon;18100;18279;Vierzon;;;2.081841;47.201486
18279_1840_00032;32;;Rue Jean-baptiste Clément;18100;18279;Vierzon;;;2.070796;47.228598
18279_2125_00004;4;;Rue Louise Michel;18100;18279;Vierzon;;;2.070816;47.234983
18279_2189_00019;19;;Rue Marcel Paul;18100;18279;Vierzon;;;2.09129;47.234033
18279_0890_00006;6;;Rue de la Convention;18100;18279;Vierzon;;;2.100752;47.217916
18279_0715_00012;12;;Chemin du Champ des Renards;18100;18279;Vierzon;;;2.093668;47.22701
18279_1230_00043;43;;Rue Etienne Marcel;18100;18279;Vierzon;;;2.099036;47.217867
18279_2180_00029;29;;Rue Marcel Cachin;18100;18279;Vierzon;;;2.088168;47.228981
18279_0450_00008;8;;Rue Blanche Baron;18100;18279;Vierzon;;;2.065697;47.222673
18279_2260_00024;24;;Route de Méreau;18100;18279;Vierzon;;;2.061829;47.208145
18279_2870_00015;15;;Route de Puits Berteau;18100;18279;Vierzon;;;2.078619;47.233786
18279_2520_00038;38;;Rue du Panorama;18100;18279;Vierzon;;;2.069057;47.210276
18279_a070_00065;65;;Residence des Bruyeres;18100;18279;Vierzon;;;2.06578;47.203876
18279_2610_00012;12;;Chemin des Pelles;18100;18279;Vierzon;;;2.04474;47.223851
18279_2211_00011;11;;rue du maréchal foch;18100;18279;Vierzon;;;2.067952;47.223032
18279_2155_00057_h;57;h;Avenue du 8 Mai 1945;18100;18279;Vierzon;;;2.079362;47.230759
18279_2710_00016;16;;Rue Pierre Debournou;18100;18279;Vierzon;;;2.062218;47.223266
18279_1270_00018_bis;18;bis;Petite Rue de Fay;18100;18279;Vierzon;;;2.050739;47.236575
18279_1062_00008_a;8;a;Rue du Docteur Pierre Roux;18100;18279;Vierzon;;;2.06929;47.224099
18279_0866_00021;21;;Avenue du Colonel Manhes;18100;18279;Vierzon;;;2.082385;47.223655
18279_2125_00015;15;;Rue Louise Michel;18100;18279;Vierzon;;;2.07079;47.235862
18279_2008_00004;4;;Impasse Karl Marx;18100;18279;Vierzon;;;2.050078;47.229404
18279_2720_00045;45;;Rue Pierre Dupont;18100;18279;Vierzon;;;2.04343;47.236827
18279_0951_00016;16;;Chemin des Grandes Crêles;18100;18279;Vierzon;;;2.070409;47.204425
18279_0095_00042;42;;Rue André Gide;18100;18279;Vierzon;;;2.094836;47.225901
18279_1020_00007;7;;Rue Descartes;18100;18279;Vierzon;;;2.08053;47.216719
18279_3141_00007;7;;Chemin de la Trietterie;18100;18279;Vierzon;;;2.096575;47.242534
18279_2290_00031;31;;Rue des Meunières;18100;18279;Vierzon;;;2.054626;47.234666
18279_0329_00008;8;;Impasse Baudin;18100;18279;Vierzon;;;2.060213;47.220635
18279_1732_00008;8;;Square Henriette Dumuin;18100;18279;Vierzon;;;2.078673;47.203066
18279_1230_00114;114;;Rue Etienne Marcel;18100;18279;Vierzon;;;2.102452;47.216604
18279_0270_00012;12;;Rue Babeuf;18100;18279;Vierzon;;;2.046454;47.233941
18279_1405_00007;7;;Rue Gagarine;18100;18279;Vierzon;;;2.078907;47.224345
18279_2180_00033;33;;Rue Marcel Cachin;18100;18279;Vierzon;;;2.088221;47.2291
18279_1230_00037;37;;Rue Etienne Marcel;18100;18279;Vierzon;;;2.098205;47.217883
18279_0866_00004;4;;Avenue du Colonel Manhes;18100;18279;Vierzon;;;2.078173;47.223594
18279_2220_00039;39;;Rue du Maréchal Joffre;18100;18279;Vierzon;;;2.069908;47.222896
18279_0080_00037;37;;Rue Anatole France;18100;18279;Vierzon;;;2.057919;47.221287
18279_1712_00011;11;;Hameau de la Dumonerie;18100;18279;Vierzon;;;2.094996;47.218606
18279_1290_00121;121;;Rue Félix Pyat;18100;18279;Vierzon;;;2.090099;47.22859
18279_1230_00004_quater;4;quater;Rue Etienne Marcel;18100;18279;Vierzon;;;2.092603;47.218684
18279_2100_00049;49;;Rue des Longueraies;18100;18279;Vierzon;;;2.05843;47.234172
18279_1560_00051;51;;Rue Gourdon;18100;18279;Vierzon;;;2.063325;47.224792
18279_0190_00090;90;;Rue de l'Armistice;18100;18279;Vierzon;;;2.055118;47.217255
18279_0978_00004_a;4;a;Passage du Crot à Foulon;18100;18279;Vierzon;;;2.063424;47.229719
18279_2980_00024;24;;Rue Riparia;18100;18279;Vierzon;;;2.059239;47.213417
18279_0095_00025;25;;Rue André Gide;18100;18279;Vierzon;;;2.095656;47.224837
18279_0150_00015;15;;Place Aristide Briand;18100;18279;Vierzon;;;2.067454;47.221644
18279_1460_00027_a;27;a;Rue Garibaldi;18100;18279;Vierzon;;;2.057244;47.222112
18279_0590_00010_a;10;a;Rue Camille Desmoulins;18100;18279;Vierzon;;;2.063602;47.22079
18279_1750_00039;39;;Rue Henri Sellier;18100;18279;Vierzon;;;2.056115;47.217755
18279_2200_00030;30;;Rue Marcel Sembat;18100;18279;Vierzon;;;2.051478;47.228615
18279_1840_00052;52;;Rue Jean-baptiste Clément;18100;18279;Vierzon;;;2.072019;47.230697
18279_0085_00039_a;39;a;Imp Ancienne Cite de la Verrerie;18100;18279;Vierzon;;;2.099816;47.210117
18279_0120_00024;24;;Rue André Ribaud;18100;18279;Vierzon;;;2.066478;47.230219
18279_1065_00005_b;5;b;Cour des Donneaux;18100;18279;Vierzon;;;2.044559;47.22737
18279_2910_00015;15;;Avenue du 14 Juillet;18100;18279;Vierzon;;;2.064825;47.215475
18279_3170_00014;14;;Rue de Valmy;18100;18279;Vierzon;;;2.068632;47.219048
18279_1536_00040;40;;Rue Georges Politzer;18100;18279;Vierzon;;;2.077923;47.203609
18279_1270_00009;9;;Petite Rue de Fay;18100;18279;Vierzon;;;2.050519;47.23721
18279_1210_00039;39;;Rue Etienne Desroches;18100;18279;Vierzon;;;2.103326;47.220267
18279_1980_00036_a;36;a;Rue Jules Guesde;18100;18279;Vierzon;;;2.044674;47.228322
18279_1240_00082;82;;Rue Etienne Nivet;18100;18279;Vierzon;;;2.088088;47.220573
18279_3046_00018;18;;Chemin des Sables de Saint Prié;18100;18279;Vierzon;;;2.037269;47.232099
18279_2157_00022_a;22;a;Chemin de la Maison Blanche;18100;18279;Vierzon;;;2.037444;47.224608
18279_0890_00074;74;;Rue de la Convention;18100;18279;Vierzon;;;2.107049;47.221228
18279_0794_00007;7;;Chemin des Chavannes;18100;18279;Vierzon;;;2.049304;47.213874
18279_2085_00029;29;;Rue des Lilas;18100;18279;Vierzon;;;2.056619;47.233528
18279_0740_00029;29;;Rue Charles Hurvoy;18100;18279;Vierzon;;;2.06835;47.227696
18279_1194_00023;23;;Chemin de l’Etang du Verdin;18100;18279;Vierzon;;;2.041554;47.237315
18279_0080_00058;58;;Rue Anatole France;18100;18279;Vierzon;;;2.055857;47.222355
18279_0310_00043;43;;Rue du Bas de Grange;18100;18279;Vierzon;;;2.055154;47.22438
18279_3135_00009;9;;Rue des Tramways de l'Indre;18100;18279;Vierzon;;;2.061407;47.214385
18279_1720_00049;49;;Rue Henri Barbusse;18100;18279;Vierzon;;;2.06499;47.233298
18279_3280_00071;71;;Rue de Villeneuve;18100;18279;Vierzon;;;2.070542;47.209426
18279_2890_00001;1;;Rue du Putet;18100;18279;Vierzon;;;2.057729;47.229899
18279_1549_00024;24;;Chemin de la Giraudiere;18100;18279;Vierzon;;;2.028303;47.236319
18279_2155_00057_l;57;l;Avenue du 8 Mai 1945;18100;18279;Vierzon;;;2.079307;47.230824
18279_yikw0f_00015;15;;ZA Pole d’Echanges A71;18100;18279;Vierzon;;;2.111203;47.215808
18279_2870_00062;62;;Route de Puits Berteau;18100;18279;Vierzon;;;2.076654;47.235985
18279_2080_00035;35;;Route de la Loeuf;18100;18279;Vierzon;;;2.03882;47.216205
18279_1696_00003;3;;Rue Gustave Flaubert;18100;18279;Vierzon;;;2.07761;47.200551
18279_0030_00045;45;;Rue de l'Abricot;18100;18279;Vierzon;;;2.054051;47.220697
18279_2390_00052;52;;Rue du Mouton;18100;18279;Vierzon;;;2.085859;47.230459
18279_1160_00068_a;68;a;Rue Emile Zola;18100;18279;Vierzon;;;2.037568;47.225739
18279_1165_00012;12;;Rue de l'Epargne;18100;18279;Vierzon;;;2.058076;47.235939
18279_1905_00058;58;;Rue Jean Picot;18100;18279;Vierzon;;;2.075334;47.210765
18279_3300_00005;5;;Rue Voltaire;18100;18279;Vierzon;;;2.067756;47.22147
18279_2390_00012;12;;Rue du Mouton;18100;18279;Vierzon;;;2.082199;47.230685
18279_0270_00042;42;;Rue Babeuf;18100;18279;Vierzon;;;2.043371;47.233361
18279_1160_00002;2;;Rue Emile Zola;18100;18279;Vierzon;;;2.047119;47.224387
18279_0817_00041;41;;Chemin du Chevry;18100;18279;Vierzon;;;2.116121;47.215935
18279_0160_00065_bis;65;bis;Rue Armand Bazile;18100;18279;Vierzon;;;2.076288;47.216227
18279_1375_00030;30;;Rue France Bloch-sérazin;18100;18279;Vierzon;;;2.077365;47.206275
18279_1180_00007;7;;Rue Ernest Renan;18100;18279;Vierzon;;;2.074521;47.217479
18279_2688_00059;59;;Rue Pierre Brossolette;18100;18279;Vierzon;;;2.075262;47.203951
18279_0352_00012;12;;Rue Beethoven;18100;18279;Vierzon;;;2.078615;47.234793
18279_2770_00049;49;;Rue de la Plaisance;18100;18279;Vierzon;;;2.094413;47.221233
18279_2920_00002;2;;Rue Rabelais;18100;18279;Vierzon;;;2.066782;47.219965
18279_0660_00018;18;;Rue Célestin Gérard;18100;18279;Vierzon;;;2.054023;47.225325
18279_0545_00010;10;;Route de Bourges;18100;18279;Vierzon;;;2.109616;47.215179
18279_2340_00018;18;;Rue Molière;18100;18279;Vierzon;;;2.065467;47.219203
18279_0370_00045_ter;45;ter;Route de Bellon;18100;18279;Vierzon;;;2.077166;47.212395
18279_2040_00032;32;;Avenue Mal Philippe Leclerc de Ha;18100;18279;Vierzon;;;2.055244;47.209044
18279_0495_00009;9;;Chemin des Grands Bois;18100;18279;Vierzon;;;2.052082;47.236647
18279_1375_00004;4;;Rue France Bloch-sérazin;18100;18279;Vierzon;;;2.077728;47.207572
18279_2910_00053;53;;Avenue du 14 Juillet;18100;18279;Vierzon;;;2.063926;47.213355
18279_2260_00013;13;;Route de Méreau;18100;18279;Vierzon;;;2.062231;47.208773
18279_1055_00006_a;6;a;Avenue du 19 Mars 1962;18100;18279;Vierzon;;;2.088834;47.237474
18279_1250_00019;19;;Rue Eugène Pottier;18100;18279;Vierzon;;;2.099504;47.219399
18279_1990_00063;63;;Rue Jules Louis Breton;18100;18279;Vierzon;;;2.08237;47.220144
18279_0045_00047;47;;Route d'Ainset;18100;18279;Vierzon;;;2.085196;47.246523
18279_1536_00052;52;;Rue Georges Politzer;18100;18279;Vierzon;;;2.078803;47.203743
18279_2688_00015;15;;Rue Pierre Brossolette;18100;18279;Vierzon;;;2.076932;47.204306
18279_0258_00010;10;;Impasse Babeuf;18100;18279;Vierzon;;;2.042311;47.233704
18279_1915_00008;8;;Rue Jean Vilar;18100;18279;Vierzon;;;2.084473;47.200449
18279_0568_00060;60;;Chemin du Briou;18100;18279;Vierzon;;;2.088162;47.227207
18279_3047_00084;84;;Rue Saint Exupéry;18100;18279;Vierzon;;;2.066838;47.200043
18279_2870_00179;179;;Route de Puits Berteau;18100;18279;Vierzon;;;2.062701;47.239672
18279_1160_00004;4;;Rue Emile Zola;18100;18279;Vierzon;;;2.046739;47.224455
18279_2155_00076;76;;Avenue du 8 Mai 1945;18100;18279;Vierzon;;;2.079885;47.23041
18279_0370_00034;34;;Route de Bellon;18100;18279;Vierzon;;;2.07407;47.213136
18279_2410_00010;10;;Boulevard de la Nation;18100;18279;Vierzon;;;2.060105;47.21606
18279_2870_00139_h;139;h;Route de Puits Berteau;18100;18279;Vierzon;;;2.067055;47.237867
18279_1185_00004;4;;Rue des Etablissements Merlin;18100;18279;Vierzon;;;2.083766;47.232366
18279_0140_00012;12;;Rue Antonin Lerault;18100;18279;Vierzon;;;2.068286;47.215296
18279_0290_00074;74;;Rue Barbès;18100;18279;Vierzon;;;2.058822;47.237176
18279_2080_00046_b;46;b;Route de la Loeuf;18100;18279;Vierzon;;;2.036539;47.217373
18279_1290_00095_bis;95;bis;Rue Félix Pyat;18100;18279;Vierzon;;;2.088332;47.227489
18279_1700_00046;46;;Rue Gustave Flourens;18100;18279;Vierzon;;;2.054315;47.231506
18279_2309_00013;13;;Chemin des Millards;18100;18279;Vierzon;;;2.101513;47.232459
18279_0310_00040_a;40;a;Rue du Bas de Grange;18100;18279;Vierzon;;;2.052205;47.224992
18279_2890_00011;11;;Rue du Putet;18100;18279;Vierzon;;;2.056866;47.230189
18279_1230_00128;128;;Rue Etienne Marcel;18100;18279;Vierzon;;;2.104849;47.215779
18279_0550_00009;9;;Rue du Bourgneuf;18100;18279;Vierzon;;;2.064358;47.215713
18279_1170_00046;46;;Rue des Epinettes;18100;18279;Vierzon;;;2.06987;47.227096
18279_1351_00002;2;;Chemin de la Fosse au Gue;18100;18279;Vierzon;;;2.03269;47.2173
18279_0922_00004;4;;Chemin de la Cour aux Taureaux;18100;18279;Vierzon;;;2.127288;47.215875
18279_2100_00028;28;;Rue des Longueraies;18100;18279;Vierzon;;;2.05804;47.232402
18279_3076_00030;30;;Route des Souchènes;18100;18279;Vierzon;;;2.028596;47.214601
18279_0500_00008;8;;Rue Boitard;18100;18279;Vierzon;;;2.069958;47.214673
18279_3133_00073;73;;Route de Tours;18100;18279;Vierzon;;;2.033818;47.236134
18279_0743_00016;16;;Rue Charlotte Delbo;18100;18279;Vierzon;;;2.087777;47.22255
18279_1230_00045;45;;Rue Etienne Marcel;18100;18279;Vierzon;;;2.099298;47.217701
18279_0385_00006_a;6;a;Chemin des Bergeries;18100;18279;Vierzon;;;2.054451;47.223483
18279_0uduo0_00001;1;;Chemin du Jouffroy;18100;18279;Vierzon;;;2.105555;47.221106
18279_1732_00074;74;;Square Henriette Dumuin;18100;18279;Vierzon;;;2.080036;47.202526
18279_1250_00051;51;;Rue Eugène Pottier;18100;18279;Vierzon;;;2.098119;47.22306
18279_0600_00017_b;17;b;Petite Rue du Camp;18100;18279;Vierzon;;;2.06665;47.206744
18279_0350_00046;46;;Rue Beau Site;18100;18279;Vierzon;;;2.071572;47.210056
18279_1032_00006;6;;Rue Diderot;18100;18279;Vierzon;;;2.071259;47.218288
18279_0660_00012;12;;Rue Célestin Gérard;18100;18279;Vierzon;;;2.054315;47.225714
18279_1980_00003;3;;Rue Jules Guesde;18100;18279;Vierzon;;;2.049862;47.227543
18279_1980_00040;40;;Rue Jules Guesde;18100;18279;Vierzon;;;2.044272;47.228458
18279_2776_00002;2;;Rue du Plessis;18100;18279;Vierzon;;;2.091218;47.228865
18279_2155_00035;35;;Avenue du 8 Mai 1945;18100;18279;Vierzon;;;2.07831;47.229324
18279_2211_00005;5;;rue du maréchal foch;18100;18279;Vierzon;;;2.067681;47.222708
18279_1951_00027_f;27;f;Passage du Jonc;18100;18279;Vierzon;;;2.066466;47.211054
18279_2795_00004;4;;Rue des Ponts;18100;18279;Vierzon;;;2.067269;47.220232
18279_0360_01070;1070;;Rue de Bellevue;18100;18279;Vierzon;;;2.071717;47.209029
18279_1770_00005;5;;Rue Honoré de Balzac;18100;18279;Vierzon;;;2.065604;47.21314
18279_1290_00122;122;;Rue Félix Pyat;18100;18279;Vierzon;;;2.090546;47.228369
18279_3207_00004;4;;Rue du Vert Pommier;18100;18279;Vierzon;;;2.067287;47.22376
18279_1990_00026_a;26;a;Rue Jules Louis Breton;18100;18279;Vierzon;;;2.076305;47.221369
18279_1460_00027_b;27;b;Rue Garibaldi;18100;18279;Vierzon;;;2.057191;47.222088
18279_2995_00014;14;;Rue Roland Champenier;18100;18279;Vierzon;;;2.069535;47.238506
18279_1128_00133;133;;Avenue Edouard Vaillant;18100;18279;Vierzon;;;2.060824;47.240314
18279_0151_00012;12;;Rue Aristide Briand;18100;18279;Vierzon;;;2.067218;47.222038
18279_0120_00105;105;;Rue André Ribaud;18100;18279;Vierzon;;;2.072384;47.234733
18279_671bao_00066_a;66;a;avenue maréchal philippe leclerc de hauteclocque;18100;18279;Vierzon;;;2.051366;47.208805
18279_2850_00010;10;;Rue Proudhon;18100;18279;Vierzon;;;2.049255;47.232743
18279_1060_00042;42;;Rue du Docteur Lobligeois;18100;18279;Vierzon;;;2.05538;47.217369
18279_lukrq1_00011;11;;Rue Rouget de Lisle;18100;18279;Vierzon;;;2.046809;47.232843
18279_2993_00020;20;;Rue Roger Faletto;18100;18279;Vierzon;;;2.086049;47.199908
18279_a070_00039;39;;Residence des Bruyeres;18100;18279;Vierzon;;;2.066188;47.205651
18279_0290_00071;71;;Rue Barbès;18100;18279;Vierzon;;;2.056348;47.235937
18279_0545_00085;85;;Route de Bourges;18100;18279;Vierzon;;;2.12537;47.21406
18279_2255_00016;16;;Place de la Mémoire;18100;18279;Vierzon;;;2.079622;47.199874
18279_1391_00003_b;3;b;Rue de la Fringale;18100;18279;Vierzon;;;2.040775;47.232481
18279_2910_00027;27;;Avenue du 14 Juillet;18100;18279;Vierzon;;;2.064359;47.214415
18279_3061_00018;18;;Boulevard Salvador Allende;18100;18279;Vierzon;;;2.086267;47.226706
18279_1950_00027_b;27;b;Avenue du Jonc;18100;18279;Vierzon;;;2.066358;47.210647
18279_2320_00001;1;;Rue Millière;18100;18279;Vierzon;;;2.050664;47.225263
18279_3091_00018;18;;Chemin des Tailles;18100;18279;Vierzon;;;2.058205;47.239075
18279_1230_00032;32;;Rue Etienne Marcel;18100;18279;Vierzon;;;2.096879;47.217895
18279_hv0stn_00006;6;;Impasse de Bel Air;18100;18279;Vierzon;;;2.076468;47.213258
18279_1370_00014;14;;Rue Fourier;18100;18279;Vierzon;;;2.059508;47.230188
18279_2685_00003;3;;Avenue Pierre Billes;18100;18279;Vierzon;;;2.112681;47.20242
18279_1520_00024_a;24;a;Rue George Sand;18100;18279;Vierzon;;;2.066736;47.226035
18279_1210_00020;20;;Rue Etienne Desroches;18100;18279;Vierzon;;;2.101217;47.220947
18279_3150_00009;9;;Place Vaillant Couturier;18100;18279;Vierzon;;;2.070043;47.223232
18279_1362_00012;12;;Chemin des Fougeres;18100;18279;Vierzon;;;2.031449;47.240734
18279_2085_00006;6;;Rue des Lilas;18100;18279;Vierzon;;;2.055357;47.232157
18279_0350_00070;70;;Rue Beau Site;18100;18279;Vierzon;;;2.070501;47.208001
18279_0080_00069;69;;Rue Anatole France;18100;18279;Vierzon;;;2.054117;47.221977
18279_2620_00001;1;;Rue des Pentecotes;18100;18279;Vierzon;;;2.061147;47.227473
18279_0360_00021;21;;Rue de Bellevue;18100;18279;Vierzon;;;2.07353;47.208556
18279_0712_00015_a;15;a;Rue du Champ Commun;18100;18279;Vierzon;;;2.068029;47.219534
18279_0085_00019;19;;Imp Ancienne Cite de la Verrerie;18100;18279;Vierzon;;;2.100489;47.21032
18279_0600_00019;19;;Petite Rue du Camp;18100;18279;Vierzon;;;2.066479;47.206767
18279_2070_00008;8;;Boulevard de la Liberté;18100;18279;Vierzon;;;2.067678;47.226439
18279_1693_00001;1;;Allee Guillaume Apollinaire;18100;18279;Vierzon;;;2.084949;47.22037
18279_1280_00049;49;;Rue de Fay;18100;18279;Vierzon;;;2.049393;47.239116
18279_1290_00176;176;;Rue Félix Pyat;18100;18279;Vierzon;;;2.096466;47.228342
18279_1760_00016;16;;Rue d'Héry;18100;18279;Vierzon;;;2.070443;47.213114
18279_2270_00002;2;;Rue Meunier;18100;18279;Vierzon;;;2.04581;47.230457
18279_1230_00013;13;;Rue Etienne Marcel;18100;18279;Vierzon;;;2.095549;47.218271
18279_2309_00024;24;;Chemin des Millards;18100;18279;Vierzon;;;2.103908;47.233013
18279_0290_00001;1;;Rue Barbès;18100;18279;Vierzon;;;2.051494;47.233097
18279_2993_00009;9;;Rue Roger Faletto;18100;18279;Vierzon;;;2.086881;47.20014
18279_0095_00007;7;;Rue André Gide;18100;18279;Vierzon;;;2.095086;47.222945
18279_0270_00003_a;3;a;Rue Babeuf;18100;18279;Vierzon;;;2.047279;47.234077
18279_0370_01060;1060;;Route de Bellon;18100;18279;Vierzon;;;2.070378;47.214211
18279_1830_00018;18;;Rue Jacques Decour;18100;18279;Vierzon;;;2.089444;47.229722
18279_1535_00050;50;;Rue Georges Fauconnier;18100;18279;Vierzon;;;2.069528;47.239344
18279_2330_00062;62;;Rue Mirabeau;18100;18279;Vierzon;;;2.05407;47.21102
18279_3133_00019_a;19;a;Route de Tours;18100;18279;Vierzon;;;2.038733;47.232919
18279_2491_00015;15;;Chemin de l’Orme a Lieue;18100;18279;Vierzon;;;2.126323;47.214996
18279_3047_00059;59;;Rue Saint Exupéry;18100;18279;Vierzon;;;2.067791;47.202822
18279_2058_00060;60;;Rue Léo Mérigot;18100;18279;Vierzon;;;2.052454;47.22764
18279_2405_00021;21;;Rue Mozart;18100;18279;Vierzon;;;2.078572;47.231871
18279_1250_00100_bis;100;bis;Rue Eugène Pottier;18100;18279;Vierzon;;;2.099419;47.224225
18279_0482_00026_a;26;a;Rue du Bois d'Yèvre;18100;18279;Vierzon;;;2.069913;47.217403
18279_1270_00008;8;;Petite Rue de Fay;18100;18279;Vierzon;;;2.051101;47.235838
18279_2688_00064;64;;Rue Pierre Brossolette;18100;18279;Vierzon;;;2.074072;47.204452
18279_0140_00017;17;;Rue Antonin Lerault;18100;18279;Vierzon;;;2.06812;47.215016
18279_0420_00003;3;;Rue de la Bidauderie;18100;18279;Vierzon;;;2.078605;47.23431
18279_2330_00022;22;;Rue Mirabeau;18100;18279;Vierzon;;;2.056149;47.213002
18279_1320_00002;2;;Route de Foëcy;18100;18279;Vierzon;;;2.100598;47.211934
18279_1210_00023;23;;Rue Etienne Desroches;18100;18279;Vierzon;;;2.101838;47.220742
18279_2640_00023;23;;Route du Petit Râteau;18100;18279;Vierzon;;;2.096634;47.23101
18279_3165_00006;6;;Chemin des Vallees;18100;18279;Vierzon;;;2.041273;47.223821
18279_0797_00006;6;;Rue du Chemin Vert;18100;18279;Vierzon;;;2.052099;47.21349
18279_0160_00059;59;;Rue Armand Bazile;18100;18279;Vierzon;;;2.075677;47.21641
18279_0082_00015;15;;Petite Rue Anatole France;18100;18279;Vierzon;;;2.049468;47.22057
18279_0963_00035;35;;Route de la Croix;18100;18279;Vierzon;;;2.105196;47.229597
18279_0710_00060;60;;Rue du Champanet;18100;18279;Vierzon;;;2.060162;47.220448
18279_2910_00028;28;;Avenue du 14 Juillet;18100;18279;Vierzon;;;2.064545;47.21439
18279_2688_00076;76;;Rue Pierre Brossolette;18100;18279;Vierzon;;;2.074633;47.204393
18279_1230_00116;116;;Rue Etienne Marcel;18100;18279;Vierzon;;;2.102405;47.216562
18279_0770_00006;6;;Place du Château;18100;18279;Vierzon;;;2.072008;47.222843
18279_1145_00009;9;;Rue Emile Accolas;18100;18279;Vierzon;;;2.062312;47.23179
18279_0942_00037;37;;Impasse de la Craillo;18100;18279;Vierzon;;;2.067365;47.237048
18279_1560_00017;17;;Rue Gourdon;18100;18279;Vierzon;;;2.066242;47.224491
18279_1128_00110;110;;Avenue Edouard Vaillant;18100;18279;Vierzon;;;2.060578;47.238176
18279_1980_00049;49;;Rue Jules Guesde;18100;18279;Vierzon;;;2.044658;47.22839
18279_0512_00010;10;;Route de Bonègue;18100;18279;Vierzon;;;2.07185;47.238222
18279_0042_00017;17;;Chemin des Ajoncs;18100;18279;Vierzon;;;2.081727;47.238188
18279_1870_00018;18;;Rue Jean Jacques Rousseau;18100;18279;Vierzon;;;2.07343;47.218502
18279_1870_00072;72;;Rue Jean Jacques Rousseau;18100;18279;Vierzon;;;2.083264;47.216522
18279_2410_00005;5;;Boulevard de la Nation;18100;18279;Vierzon;;;2.059511;47.215785
18279_2270_00010;10;;Rue Meunier;18100;18279;Vierzon;;;2.045519;47.229986
18279_1832_00021;21;;Square Jacques Duclos;18100;18279;Vierzon;;;2.088403;47.201291
18279_2510_00086;86;;Rue de la Paix;18100;18279;Vierzon;;;2.054576;47.217002
18279_0500_00014;14;;Rue Boitard;18100;18279;Vierzon;;;2.070634;47.214536
18279_0890_00026;26;;Rue de la Convention;18100;18279;Vierzon;;;2.102102;47.218825
18279_1520_00034;34;;Rue George Sand;18100;18279;Vierzon;;;2.066626;47.227711
18279_0978_00004_e;4;e;Passage du Crot à Foulon;18100;18279;Vierzon;;;2.063126;47.22983
18279_2070_00046;46;;Boulevard de la Liberté;18100;18279;Vierzon;;;2.062722;47.227568
18279_2710_00026_bis;26;bis;Rue Pierre Debournou;18100;18279;Vierzon;;;2.06243;47.223649
18279_1536_00088;88;;Rue Georges Politzer;18100;18279;Vierzon;;;2.080981;47.20305
18279_66j5mf_00018;18;;Chemin des Noues;18100;18279;Vierzon;;;2.049084;47.210354
18279_3053_00005;5;;Impasse Saint Leonard;18100;18279;Vierzon;;;2.067522;47.214718
18279_0545_00038;38;;Route de Bourges;18100;18279;Vierzon;;;2.119721;47.214295
18279_1537_00004;4;;Rue Gérard Philipe;18100;18279;Vierzon;;;2.081266;47.224855
18279_2990_00037;37;;Rue Robespierre;18100;18279;Vierzon;;;2.098574;47.221242
18279_1320_00036;36;;Route de Foëcy;18100;18279;Vierzon;;;2.103965;47.208531
18279_3280_00080;80;;Rue de Villeneuve;18100;18279;Vierzon;;;2.069665;47.208536
18279_0120_00031;31;;Rue André Ribaud;18100;18279;Vierzon;;;2.067138;47.230751
18279_0869_00004;4;;Chemin des Communaux de la Vevre;18100;18279;Vierzon;;;2.125605;47.213185
18279_1330_00008;8;;Impasse des Fontaines;18100;18279;Vierzon;;;2.065306;47.214517
18279_0710_00026_c;26;c;Rue du Champanet;18100;18279;Vierzon;;;2.063376;47.220558
18279_3086_00033;33;;Impasse Suzanne Masson;18100;18279;Vierzon;;;2.079372;47.20481
18279_0370_00057;57;;Route de Bellon;18100;18279;Vierzon;;;2.075641;47.212932
18279_0963_00062;62;;Route de la Croix;18100;18279;Vierzon;;;2.108272;47.22866
18279_2510_00082;82;;Rue de la Paix;18100;18279;Vierzon;;;2.054528;47.216588
18279_2412_00010;10;;Impasse de la Nation;18100;18279;Vierzon;;;2.058971;47.214484
18279_0260_00022;22;;Petite Rue Babeuf;18100;18279;Vierzon;;;2.045256;47.235429
18279_3202_00028;28;;Avenue de Verdun;18100;18279;Vierzon;;;2.073346;47.225314
18279_1720_00006_b;6;b;Rue Henri Barbusse;18100;18279;Vierzon;;;2.064257;47.229411
18279_2520_00040;40;;Rue du Panorama;18100;18279;Vierzon;;;2.068947;47.210139
18279_1810_00001_b;1;b;Rue de l'Ile du Cher;18100;18279;Vierzon;;;2.065153;47.216787
18279_3141_00006;6;;Chemin de la Trietterie;18100;18279;Vierzon;;;2.099372;47.243507
18279_0075_00013;13;;Rue Ambroise Croizat;18100;18279;Vierzon;;;2.069389;47.235606
18279_1870_00084;84;;Rue Jean Jacques Rousseau;18100;18279;Vierzon;;;2.084713;47.216165
18279_1290_00067;67;;Rue Félix Pyat;18100;18279;Vierzon;;;2.084734;47.227714
18279_1520_00030;30;;Rue George Sand;18100;18279;Vierzon;;;2.066665;47.227495
18279_1155_00006;6;;Rue Emile Desforges;18100;18279;Vierzon;;;2.081729;47.226642
18279_0389_00003;3;;Passage des Bergeries Est;18100;18279;Vierzon;;;2.051124;47.224718
18279_1430_00017_b;17;b;Rue Gallerand;18100;18279;Vierzon;;;2.068402;47.222799
18279_1650_00025;25;;Rue Grelon;18100;18279;Vierzon;;;2.060968;47.216121
18279_1360_00003;3;;Impasse des Fossés;18100;18279;Vierzon;;;2.068068;47.223601
18279_0025_00010;10;;Passage de l’Abricot;18100;18279;Vierzon;;;2.054409;47.220033
18279_0963_00039;39;;Route de la Croix;18100;18279;Vierzon;;;2.106841;47.229568
18279_1285_00005;5;;Rue Federico Garcia Lorca;18100;18279;Vierzon;;;2.086443;47.199393
18279_0726_00004;4;;Rue Baudelaire;18100;18279;Vierzon;;;2.082815;47.198399
18279_3226_00004;4;;Route du Vieux Domaine;18100;18279;Vierzon;;;2.082245;47.214568
18279_2950_00019;19;;Avenue de la République;18100;18279;Vierzon;;;2.06611;47.222853
18279_0275_00019;19;;Rue Bara;18100;18279;Vierzon;;;2.045226;47.233151
18279_0110_00010;10;;Rue André Hènault;18100;18279;Vierzon;;;2.063283;47.215506
18279_0150_00014;14;;Place Aristide Briand;18100;18279;Vierzon;;;2.06713;47.222151
18279_1640_00003;3;;Rue du Grelet;18100;18279;Vierzon;;;2.049796;47.230741
18279_1510_00047;47;;Grande Rue de la Genette;18100;18279;Vierzon;;;2.054616;47.216346
18279_1510_00051;51;;Grande Rue de la Genette;18100;18279;Vierzon;;;2.053749;47.216366
18279_0370_00045_bis;45;bis;Route de Bellon;18100;18279;Vierzon;;;2.077166;47.212395
18279_1713_00001;1;;Rue Hector Berlioz;18100;18279;Vierzon;;;2.082298;47.22613
18279_3133_00003;3;;Route de Tours;18100;18279;Vierzon;;;2.040653;47.232044
18279_1710_00020;20;;Rue Guy Môquet;18100;18279;Vierzon;;;2.076488;47.211489
18279_2870_00050;50;;Route de Puits Berteau;18100;18279;Vierzon;;;2.077064;47.235598
18279_1250_00079;79;;Rue Eugène Pottier;18100;18279;Vierzon;;;2.098294;47.224841
18279_2826_00012;12;;Chemin du Pre Long;18100;18279;Vierzon;;;2.051111;47.239737
18279_3202_00063;63;;Avenue de Verdun;18100;18279;Vierzon;;;2.074737;47.226514
18279_1290_00178;178;;Rue Félix Pyat;18100;18279;Vierzon;;;2.09664;47.228346
18279_1230_00012;12;;Rue Etienne Marcel;18100;18279;Vierzon;;;2.094102;47.21826
18279_1055_00001;1;;Avenue du 19 Mars 1962;18100;18279;Vierzon;;;2.087525;47.236564
18279_0275_00026;26;;Rue Bara;18100;18279;Vierzon;;;2.045476;47.231417
18279_1391_00008_bis;8;bis;Rue de la Fringale;18100;18279;Vierzon;;;2.040583;47.23292
18279_66j5mf_00005;5;;Chemin des Noues;18100;18279;Vierzon;;;2.048093;47.20973
18279_2189_00015;15;;Rue Marcel Paul;18100;18279;Vierzon;;;2.090775;47.234278
18279_0600_00024;24;;Petite Rue du Camp;18100;18279;Vierzon;;;2.06618;47.206868
18279_2025_00050;50;;avenue maréchal jean de lattre de tassigny;18100;18279;Vierzon;;;2.067872;47.207001
18279_2000_00015;15;;Rue Jules Vallès;18100;18279;Vierzon;;;2.064616;47.219414
18279_1712_00028;28;;Hameau de la Dumonerie;18100;18279;Vierzon;;;2.09524;47.219213
18279_0640_00025;25;;Rue Casimir Lecomte;18100;18279;Vierzon;;;2.064829;47.228359
18279_1980_00032;32;;Rue Jules Guesde;18100;18279;Vierzon;;;2.045184;47.228181
18279_2055_00012;12;;Rue Lénine;18100;18279;Vierzon;;;2.063753;47.233133
18279_2340_00019;19;;Rue Molière;18100;18279;Vierzon;;;2.06492;47.218794
18279_1128_00107_t;107;t;Avenue Edouard Vaillant;18100;18279;Vierzon;;;2.061443;47.238128
18279_1144_00034;34;;Rue Elsa Triolet;18100;18279;Vierzon;;;2.08576;47.230072
18279_2640_00024;24;;Route du Petit Râteau;18100;18279;Vierzon;;;2.09713;47.230258
18279_2770_00027;27;;Rue de la Plaisance;18100;18279;Vierzon;;;2.092984;47.220497
18279_2770_00071;71;;Rue de la Plaisance;18100;18279;Vierzon;;;2.09653;47.221487
18279_1430_00016;16;;Rue Gallerand;18100;18279;Vierzon;;;2.068049;47.222768
18279_2100_00008;8;;Rue des Longueraies;18100;18279;Vierzon;;;2.057298;47.231127
18279_1840_00020;20;;Rue Jean-baptiste Clément;18100;18279;Vierzon;;;2.070465;47.228279
18279_0951_00004_a;4;a;Chemin des Grandes Crêles;18100;18279;Vierzon;;;2.070483;47.205361
18279_1536_00056;56;;Rue Georges Politzer;18100;18279;Vierzon;;;2.080828;47.203506
18279_1250_00134;134;;Rue Eugène Pottier;18100;18279;Vierzon;;;2.097753;47.22701
18279_2220_00046;46;;Rue du Maréchal Joffre;18100;18279;Vierzon;;;2.06997;47.22307
18279_2870_00069;69;;Route de Puits Berteau;18100;18279;Vierzon;;;2.074119;47.236808
18279_2990_00020;20;;Rue Robespierre;18100;18279;Vierzon;;;2.096902;47.219672
18279_1391_00003_d;3;d;Rue de la Fringale;18100;18279;Vierzon;;;2.040743;47.23253
18279_1535_00010;10;;Rue Georges Fauconnier;18100;18279;Vierzon;;;2.071034;47.238114
18279_1155_00012;12;;Rue Emile Desforges;18100;18279;Vierzon;;;2.082045;47.22684
18279_a140_00010;10;;Résidence des Coumelins;18100;18279;Vierzon;;;2.100065;47.22198
18279_2710_00011;11;;Rue Pierre Debournou;18100;18279;Vierzon;;;2.062483;47.223542
18279_2520_00037;37;;Rue du Panorama;18100;18279;Vierzon;;;2.069138;47.209938
18279_0310_00072;72;;Rue du Bas de Grange;18100;18279;Vierzon;;;2.047459;47.225524
18279_0030_00004;4;;Rue de l'Abricot;18100;18279;Vierzon;;;2.058378;47.22086
18279_0415_00015;15;;Rue Bernard Dumont;18100;18279;Vierzon;;;2.070908;47.206127
18279_0160_00068_bis;68;bis;Rue Armand Bazile;18100;18279;Vierzon;;;2.079415;47.21543
18279_1910_00006;6;;Rue Jean Racine;18100;18279;Vierzon;;;2.046516;47.233314
18279_0350_00048;48;;Rue Beau Site;18100;18279;Vierzon;;;2.071531;47.209911
18279_1160_00054;54;;Rue Emile Zola;18100;18279;Vierzon;;;2.040152;47.22559
18279_1877_00024;24;;Avenue Jean Jaurès;18100;18279;Vierzon;;;2.047359;47.230575
18279_1775_00018_b;18;b;Rue des Hortensias;18100;18279;Vierzon;;;2.053347;47.233297
18279_0980_00032;32;;Rue du Crot à Foulon;18100;18279;Vierzon;;;2.062661;47.231175
18279_2330_00098_bis;98;bis;Rue Mirabeau;18100;18279;Vierzon;;;2.05139;47.210141
18279_a015_00003;3;;Résidence Anatole France;18100;18279;Vierzon;;;2.05607;47.222223
18279_le1ny7_00020;20;;Rue Jeanne Labourbe;18100;18279;Vierzon;;;2.062196;47.232481
18279_2583_00015;15;;Rue Paul Eluard;18100;18279;Vierzon;;;2.083697;47.201423
18279_1240_00084_bis;84;bis;Rue Etienne Nivet;18100;18279;Vierzon;;;2.082183;47.221521
18279_0370_00059;59;;Route de Bellon;18100;18279;Vierzon;;;2.075789;47.212901
18279_2630_00014;14;;Rue du Péry;18100;18279;Vierzon;;;2.082982;47.22545
18279_0120_00011;11;;Rue André Ribaud;18100;18279;Vierzon;;;2.065918;47.229818
18279_1940_00042;42;;Rue Joliot Curie;18100;18279;Vierzon;;;2.074515;47.210181
18279_1240_00072_a;72;a;Rue Etienne Nivet;18100;18279;Vierzon;;;2.085868;47.22118
18279_3195_00007;7;;Chemin du Verdin;18100;18279;Vierzon;;;2.03551;47.228335
18279_2800_00003_bis;3;bis;Rue Porte aux Boeufs;18100;18279;Vierzon;;;2.070781;47.223156
18279_2710_00014;14;;Rue Pierre Debournou;18100;18279;Vierzon;;;2.062177;47.22319
18279_3280_00034;34;;Rue de Villeneuve;18100;18279;Vierzon;;;2.071256;47.211358
18279_1640_00014;14;;Rue du Grelet;18100;18279;Vierzon;;;2.049967;47.231413
18279_2870_00139_f;139;f;Route de Puits Berteau;18100;18279;Vierzon;;;2.067367;47.237617
18279_1032_00005;5;;Rue Diderot;18100;18279;Vierzon;;;2.07119;47.218297
18279_2870_00005;5;;Route de Puits Berteau;18100;18279;Vierzon;;;2.079509;47.232685
18279_0080_00060;60;;Rue Anatole France;18100;18279;Vierzon;;;2.055128;47.221963
18279_0710_00015;15;;Rue du Champanet;18100;18279;Vierzon;;;2.062587;47.220251
18279_0842_00014;14;;Chemin du Cloître;18100;18279;Vierzon;;;2.031089;47.224894
18279_1150_00033;33;;Rue Emile Bouleau;18100;18279;Vierzon;;;2.067755;47.218236
18279_0151_00006;6;;Rue Aristide Briand;18100;18279;Vierzon;;;2.066948;47.221908
18279_2930_00029;29;;Rue Raspail;18100;18279;Vierzon;;;2.074781;47.223568
18279_2870_00111;111;;Route de Puits Berteau;18100;18279;Vierzon;;;2.069445;47.237421
18279_1375_00016;16;;Rue France Bloch-sérazin;18100;18279;Vierzon;;;2.077619;47.206896
18279_2265_00014;14;;Residence Mermoz Sud;18100;18279;Vierzon;;;2.062892;47.202953
18279_1470_00065;65;;Rue Gaston Cornavin;18100;18279;Vierzon;;;2.087238;47.228883
18279_1877_00030;30;;Avenue Jean Jaurès;18100;18279;Vierzon;;;2.04688;47.230683
18279_1230_00098;98;;Rue Etienne Marcel;18100;18279;Vierzon;;;2.101471;47.216924
18279_b2fplh_00010;10;;Residence Mermoz;18100;18279;Vierzon;;;2.062761;47.203252
18279_2055_01367;1367;;Rue Lénine;18100;18279;Vierzon;;;2.063202;47.233441
18279_0400_00018;18;;Rue des Berlurettes;18100;18279;Vierzon;;;2.063727;47.236246
18279_2260_00019;19;;Route de Méreau;18100;18279;Vierzon;;;2.062079;47.2084
18279_1670_00007;7;;Rue du Gros Caillou;18100;18279;Vierzon;;;2.069114;47.222492
18279_2720_00030;30;;Rue Pierre Dupont;18100;18279;Vierzon;;;2.044749;47.236093
18279_3086_00051;51;;Impasse Suzanne Masson;18100;18279;Vierzon;;;2.077991;47.205474
18279_0600_00044_a;44;a;Petite Rue du Camp;18100;18279;Vierzon;;;2.063804;47.207195
18279_2930_00002;2;;Rue Raspail;18100;18279;Vierzon;;;2.072244;47.224243
18279_0275_00007;7;;Rue Bara;18100;18279;Vierzon;;;2.045497;47.232366
18279_3202_00003_c;3;c;Avenue de Verdun;18100;18279;Vierzon;;;2.072008;47.224573
18279_2485_00016;16;;Rue du 11 Novembre 1918;18100;18279;Vierzon;;;2.065421;47.22159
18279_0542_00036;36;;Rue du Bourdoiseau;18100;18279;Vierzon;;;2.062795;47.233133
18279_0835_00001;1;;Rue Claude Chevalier;18100;18279;Vierzon;;;2.063462;47.222194
18279_3121_00020;20;;Chemin du Tertre;18100;18279;Vierzon;;;2.107896;47.215864
18279_2100_00019;19;;Rue des Longueraies;18100;18279;Vierzon;;;2.057995;47.232055
18279_1290_00173;173;;Rue Félix Pyat;18100;18279;Vierzon;;;2.094395;47.228797
18279_3170_00019;19;;Rue de Valmy;18100;18279;Vierzon;;;2.069505;47.218907
18279_1696_00005;5;;Rue Gustave Flaubert;18100;18279;Vierzon;;;2.077659;47.200365
18279_0310_00113;113;;Rue du Bas de Grange;18100;18279;Vierzon;;;2.044453;47.225365
18279_3079_00002;2;;Rue du Souvenir Français;18100;18279;Vierzon;;;2.073424;47.223154
18279_1460_00027;27;;Rue Garibaldi;18100;18279;Vierzon;;;2.057191;47.222088
18279_0942_00018;18;;Impasse de la Craillo;18100;18279;Vierzon;;;2.067386;47.236565
18279_1870_00001;1;;Rue Jean Jacques Rousseau;18100;18279;Vierzon;;;2.070035;47.218812
18279_0120_00040;40;;Rue André Ribaud;18100;18279;Vierzon;;;2.067666;47.231055
18279_3084_00003;3;;Chemin du Stade Constant Duval;18100;18279;Vierzon;;;2.058399;47.23983
18279_1535_00060;60;;Rue Georges Fauconnier;18100;18279;Vierzon;;;2.068571;47.239518
18279_2640_00018;18;;Route du Petit Râteau;18100;18279;Vierzon;;;2.097066;47.229561
18279_2220_00055;55;;Rue du Maréchal Joffre;18100;18279;Vierzon;;;2.070418;47.222913
18279_0195_00002;2;;Rue Arthur Rimbaud;18100;18279;Vierzon;;;2.084046;47.202977
18279_1895_00013;13;;Rue Jean Moulin;18100;18279;Vierzon;;;2.063594;47.23461
18279_1128_00104_bis;104;bis;Avenue Edouard Vaillant;18100;18279;Vierzon;;;2.060735;47.237635
18279_1240_00032;32;;Rue Etienne Nivet;18100;18279;Vierzon;;;2.080731;47.221532
18279_1990_01075;1075;;Rue Jules Louis Breton;18100;18279;Vierzon;;;2.08036;47.219745
18279_2720_00044;44;;Rue Pierre Dupont;18100;18279;Vierzon;;;2.041468;47.237686
18279_1155_00033;33;;Rue Emile Desforges;18100;18279;Vierzon;;;2.084037;47.228318
18279_1170_00001;1;;Rue des Epinettes;18100;18279;Vierzon;;;2.067771;47.223811
18279_1710_00013;13;;Rue Guy Môquet;18100;18279;Vierzon;;;2.075623;47.211923
18279_1405_00003;3;;Rue Gagarine;18100;18279;Vierzon;;;2.078663;47.224008
18279_3150_00008;8;;Place Vaillant Couturier;18100;18279;Vierzon;;;2.06968;47.223393
18279_2648_00020;20;;Chemin de la Petite Noue;18100;18279;Vierzon;;;2.063327;47.204187
18279_3055_00005;5;;Chemin de Saint Priest;18100;18279;Vierzon;;;2.034783;47.22718
18279_2125_00012;12;;Rue Louise Michel;18100;18279;Vierzon;;;2.07084;47.235347
18279_0542_00033;33;;Rue du Bourdoiseau;18100;18279;Vierzon;;;2.062636;47.233408
18279_1120_00040_b;40;b;Rue Edouard Branly;18100;18279;Vierzon;;;2.104896;47.219469
18279_2735_00017;17;;Rue Pierre Ferdonnet;18100;18279;Vierzon;;;2.090616;47.227043
18279_0075_00010;10;;Rue Ambroise Croizat;18100;18279;Vierzon;;;2.069536;47.23558
18279_0568_00046;46;;Chemin du Briou;18100;18279;Vierzon;;;2.086257;47.225768
18279_1290_00179;179;;Rue Félix Pyat;18100;18279;Vierzon;;;2.094622;47.228269
18279_2058_00040;40;;Rue Léo Mérigot;18100;18279;Vierzon;;;2.051344;47.228669
18279_3280_00107;107;;Rue de Villeneuve;18100;18279;Vierzon;;;2.069332;47.207136
18279_1840_00029;29;;Rue Jean-baptiste Clément;18100;18279;Vierzon;;;2.071682;47.229544
18279_0963_00014;14;;Route de la Croix;18100;18279;Vierzon;;;2.098798;47.228359
18279_1128_00118_b;118;b;Avenue Edouard Vaillant;18100;18279;Vierzon;;;2.06063;47.238937
18279_3061_00001;1;;Boulevard Salvador Allende;18100;18279;Vierzon;;;2.086104;47.226927
18279_2625_00008;8;;Chemin du Perdrier;18100;18279;Vierzon;;;2.097467;47.222293
18279_0590_00012_bis;12;bis;Rue Camille Desmoulins;18100;18279;Vierzon;;;2.063144;47.220779
18279_0830_00006;6;;Rue Claude Bernard;18100;18279;Vierzon;;;2.076975;47.217231
18279_2910_00031;31;;Avenue du 14 Juillet;18100;18279;Vierzon;;;2.064215;47.214057
18279_1940_00030;30;;Rue Joliot Curie;18100;18279;Vierzon;;;2.073989;47.209756
18279_1950_00028;28;;Avenue du Jonc;18100;18279;Vierzon;;;2.068267;47.209741
18279_1450_00022;22;;Rue Gambon;18100;18279;Vierzon;;;2.073494;47.227057
18279_0350_00092;92;;Rue Beau Site;18100;18279;Vierzon;;;2.069738;47.206596
18279_1240_00022;22;;Rue Etienne Nivet;18100;18279;Vierzon;;;2.079487;47.221548
18279_1730_00023_bis;23;bis;Avenue Henri Brisson;18100;18279;Vierzon;;;2.061416;47.228268
18279_2688_00025;25;;Rue Pierre Brossolette;18100;18279;Vierzon;;;2.077402;47.20429
18279_1150_00045;45;;Rue Emile Bouleau;18100;18279;Vierzon;;;2.067792;47.217632
18279_1062_01600;1600;;Rue du Docteur Pierre Roux;18100;18279;Vierzon;;;2.070762;47.224023
18279_2688_00068;68;;Rue Pierre Brossolette;18100;18279;Vierzon;;;2.074003;47.204258
18279_3150_00020;20;;Place Vaillant Couturier;18100;18279;Vierzon;;;2.070141;47.223523
18279_1580_00020;20;;Rue du Grand Clement;18100;18279;Vierzon;;;2.072118;47.228144
18279_0445_00021_b;21;b;Chemin Blanc;18100;18279;Vierzon;;;2.055164;47.207037
18279_0445_00043;43;;Chemin Blanc;18100;18279;Vierzon;;;2.058572;47.205485
18279_0395_00015;15;;Rue Henri Bergson;18100;18279;Vierzon;;;2.094281;47.224311
18279_0640_00013;13;;Rue Casimir Lecomte;18100;18279;Vierzon;;;2.063985;47.22691
18279_0095_00004;4;;Rue André Gide;18100;18279;Vierzon;;;2.094742;47.223315
18279_1250_00140;140;;Rue Eugène Pottier;18100;18279;Vierzon;;;2.097575;47.227499
18279_1480_00002;2;;Rue de la Gaucherie;18100;18279;Vierzon;;;2.066568;47.22163
18279_1155_00053;53;;Rue Emile Desforges;18100;18279;Vierzon;;;2.085478;47.229232
18279_0380_00012;12;;Chemin de la Bercetterie;18100;18279;Vierzon;;;2.032103;47.239345
18279_0950_00002;2;;Chemin des Crêles;18100;18279;Vierzon;;;2.081743;47.198389
18279_2472_00040;40;;Route des Noues;18100;18279;Vierzon;;;2.046049;47.210524
18279_3052_00011;11;;Route de Saint Lazare;18100;18279;Vierzon;;;2.097105;47.208138
18279_3160_00079;79;;Rue du Val Fleury;18100;18279;Vierzon;;;2.068312;47.207433
18279_2960_00003;3;;Place de la Résistance;18100;18279;Vierzon;;;2.071619;47.224233
18279_1520_00023_b;23;b;Rue George Sand;18100;18279;Vierzon;;;2.067073;47.227404
18279_0840_00001;1;;Rue Claude Michaud;18100;18279;Vierzon;;;2.064638;47.21364
18279_1405_00022;22;;Rue Gagarine;18100;18279;Vierzon;;;2.080984;47.224603
18279_1420_00013;13;;Rue Galilée;18100;18279;Vierzon;;;2.070492;47.222033
18279_1480_00013;13;;Rue de la Gaucherie;18100;18279;Vierzon;;;2.064071;47.223572
18279_0660_00016;16;;Rue Célestin Gérard;18100;18279;Vierzon;;;2.054118;47.225438
18279_1840_00011;11;;Rue Jean-baptiste Clément;18100;18279;Vierzon;;;2.070616;47.227852
18279_0350_00066;66;;Rue Beau Site;18100;18279;Vierzon;;;2.07061;47.208247
18279_0542_00060;60;;Rue du Bourdoiseau;18100;18279;Vierzon;;;2.062141;47.23494
18279_0890_00185;185;;Rue de la Convention;18100;18279;Vierzon;;;2.109947;47.228349
18279_1470_00040;40;;Rue Gaston Cornavin;18100;18279;Vierzon;;;2.087338;47.229754
18279_2560_00024_g;24;g;Rue Pasteur;18100;18279;Vierzon;;;2.086561;47.219875
18279_1950_00009;9;;Avenue du Jonc;18100;18279;Vierzon;;;2.064421;47.210461
18279_3202_00076;76;;Avenue de Verdun;18100;18279;Vierzon;;;2.075146;47.226663
18279_1480_00005_ter;5;ter;Rue de la Gaucherie;18100;18279;Vierzon;;;2.065649;47.222275
18279_1020_00011;11;;Rue Descartes;18100;18279;Vierzon;;;2.079965;47.2156
18279_0270_00052;52;;Rue Babeuf;18100;18279;Vierzon;;;2.041756;47.233132
18279_0100_00043;43;;Rue André Guillemain;18100;18279;Vierzon;;;2.080875;47.21416
18279_2973_00002;2;;Chemin des Riaux;18100;18279;Vierzon;;;2.110639;47.228139
18279_0512_00006;6;;Route de Bonègue;18100;18279;Vierzon;;;2.071919;47.237776
18279_2630_00025;25;;Rue du Péry;18100;18279;Vierzon;;;2.084778;47.225087
18279_2080_00084;84;;Route de la Loeuf;18100;18279;Vierzon;;;2.030717;47.214968
18279_3073_00037_b;37;b;Rue de la Société Française;18100;18279;Vierzon;;;2.057924;47.226128
18279_1536_00032;32;;Rue Georges Politzer;18100;18279;Vierzon;;;2.077843;47.203405
18279_0310_00014;14;;Rue du Bas de Grange;18100;18279;Vierzon;;;2.055935;47.22431
18279_1060_00052;52;;Rue du Docteur Lobligeois;18100;18279;Vierzon;;;2.054282;47.217475
18279_3086_00009;9;;Impasse Suzanne Masson;18100;18279;Vierzon;;;2.07875;47.205764
18279_1430_00017_c;17;c;Rue Gallerand;18100;18279;Vierzon;;;2.068424;47.22279
18279_1950_00035;35;;Avenue du Jonc;18100;18279;Vierzon;;;2.067107;47.210021
18279_1020_00024;24;;Rue Descartes;18100;18279;Vierzon;;;2.080137;47.215781
18279_2430_00022;22;;Rue Urbain Nègre;18100;18279;Vierzon;;;2.080331;47.228244
18279_2910_00049;49;;Avenue du 14 Juillet;18100;18279;Vierzon;;;2.06399;47.213514
18279_0370_00067;67;;Route de Bellon;18100;18279;Vierzon;;;2.076523;47.212687
18279_1229_00010;10;;Impasse Etienne Marcel;18100;18279;Vierzon;;;2.101218;47.217563
18279_0420_00032;32;;Rue de la Bidauderie;18100;18279;Vierzon;;;2.08099;47.235453
18279_1142_00004;4;;Rue Elisee Reclus;18100;18279;Vierzon;;;2.082379;47.203324
18279_0270_00037;37;;Rue Babeuf;18100;18279;Vierzon;;;2.043044;47.233262
18279_2080_00075;75;;Route de la Loeuf;18100;18279;Vierzon;;;2.032208;47.215705
18279_2155_00057_e;57;e;Avenue du 8 Mai 1945;18100;18279;Vierzon;;;2.079381;47.230739
18279_2260_00005;5;;Route de Méreau;18100;18279;Vierzon;;;2.062778;47.209215
18279_66j5mf_00009;9;;Chemin des Noues;18100;18279;Vierzon;;;2.047519;47.209889
18279_2040_00014;14;;Avenue Mal Philippe Leclerc de Ha;18100;18279;Vierzon;;;2.057017;47.209316
18279_1055_00018_f;18;f;Avenue du 19 Mars 1962;18100;18279;Vierzon;;;2.091669;47.239632
18279_0082_00011;11;;Petite Rue Anatole France;18100;18279;Vierzon;;;2.049825;47.220372
18279_2330_00090;90;;Rue Mirabeau;18100;18279;Vierzon;;;2.052097;47.209843
18279_2025_00039;39;;avenue maréchal jean de lattre de tassigny;18100;18279;Vierzon;;;2.068413;47.206847
18279_1830_00010;10;;Rue Jacques Decour;18100;18279;Vierzon;;;2.088878;47.229525
18279_1220_00002;2;;Rue Etienne Dolet;18100;18279;Vierzon;;;2.102773;47.215889
18279_2688_00056;56;;Rue Pierre Brossolette;18100;18279;Vierzon;;;2.074772;47.204667
18279_3222_00012;12;;Impasse de Vieilfond;18100;18279;Vierzon;;;2.06611;47.240665
18279_2850_00034;34;;Rue Proudhon;18100;18279;Vierzon;;;2.047991;47.233328
18279_1720_00071;71;;Rue Henri Barbusse;18100;18279;Vierzon;;;2.065542;47.237377
18279_1980_00044;44;;Rue Jules Guesde;18100;18279;Vierzon;;;2.044098;47.228522
18279_0972_00028;28;;Rue de la Croix Moreau;18100;18279;Vierzon;;;2.042021;47.225801
18279_2870_00109;109;;Route de Puits Berteau;18100;18279;Vierzon;;;2.069555;47.237573
18279_0465_00028;28;;Route du Bois Blanc;18100;18279;Vierzon;;;2.115939;47.201104
18279_1155_00049;49;;Rue Emile Desforges;18100;18279;Vierzon;;;2.085108;47.228995
18279_2810_00002;2;;Rue de la Poterie;18100;18279;Vierzon;;;2.072026;47.222393
18279_0420_00033_a;33;a;Rue de la Bidauderie;18100;18279;Vierzon;;;2.080611;47.236356
18279_0710_00062;62;;Rue du Champanet;18100;18279;Vierzon;;;2.05983;47.220309
18279_1230_00035;35;;Rue Etienne Marcel;18100;18279;Vierzon;;;2.098066;47.2179
18279_1270_00038;38;;Petite Rue de Fay;18100;18279;Vierzon;;;2.051067;47.238198
18279_2501_00009;9;;Rue Pablo Casals;18100;18279;Vierzon;;;2.082495;47.201368
18279_1365_00008;8;;Chemin de Fougery;18100;18279;Vierzon;;;2.070887;47.233485
18279_1210_00036_b;36;b;Rue Etienne Desroches;18100;18279;Vierzon;;;2.10278;47.219989
18279_2816_00013;13;;Passage du Pré d'Anet;18100;18279;Vierzon;;;2.075063;47.220306
18279_2100_00086;86;;Rue des Longueraies;18100;18279;Vierzon;;;2.060839;47.235412
18279_2910_00004;4;;Avenue du 14 Juillet;18100;18279;Vierzon;;;2.065128;47.215829
18279_0512_00023;23;;Route de Bonègue;18100;18279;Vierzon;;;2.072011;47.238726
18279_0840_00005;5;;Rue Claude Michaud;18100;18279;Vierzon;;;2.065514;47.213765
18279_2608_00005;5;;Chemin des Peages;18100;18279;Vierzon;;;2.033589;47.225813
18279_2870_00088;88;;Route de Puits Berteau;18100;18279;Vierzon;;;2.074936;47.237661
18279_1950_00012;12;;Avenue du Jonc;18100;18279;Vierzon;;;2.064618;47.210349
18279_1830_00039;39;;Rue Jacques Decour;18100;18279;Vierzon;;;2.088989;47.229117
18279_2058_00043;43;;Rue Léo Mérigot;18100;18279;Vierzon;;;2.053603;47.226975
18279_1870_00079;79;;Rue Jean Jacques Rousseau;18100;18279;Vierzon;;;2.076621;47.217856
18279_1860_00007;7;;Rue Jean de la Fontaine;18100;18279;Vierzon;;;2.059243;47.221676
18279_3073_00026_n;26;n;Rue de la Société Française;18100;18279;Vierzon;;;2.055868;47.224947
18279_1810_00007;7;;Rue de l'Ile du Cher;18100;18279;Vierzon;;;2.064531;47.217014
18279_2080_00056;56;;Route de la Loeuf;18100;18279;Vierzon;;;2.03485;47.21658
18279_0400_00025;25;;Rue des Berlurettes;18100;18279;Vierzon;;;2.063434;47.236242
18279_2620_00039;39;;Rue des Pentecotes;18100;18279;Vierzon;;;2.058827;47.228244
18279_0020_00056_bis;56;bis;Chemin de l’Abricot;18100;18279;Vierzon;;;2.047222;47.218355
18279_0310_00034;34;;Rue du Bas de Grange;18100;18279;Vierzon;;;2.052948;47.225017
18279_2608_00011;11;;Chemin des Peages;18100;18279;Vierzon;;;2.031077;47.225754
18279_1230_00105_a;105;a;Rue Etienne Marcel;18100;18279;Vierzon;;;2.104727;47.216384
18279_2309_00015;15;;Chemin des Millards;18100;18279;Vierzon;;;2.101782;47.232588
18279_0691_00008;8;;Passage du Chambon;18100;18279;Vierzon;;;2.0549;47.222897
18279_3048_00046;46;;Route de Saint Laurent;18100;18279;Vierzon;;;2.121104;47.220112
18279_1877_00039_b;39;b;Avenue Jean Jaurès;18100;18279;Vierzon;;;2.045336;47.23095
18279_2800_00013;13;;Rue Porte aux Boeufs;18100;18279;Vierzon;;;2.07135;47.223729
18279_3210_00021_a;21;a;Rue Victor Hugo;18100;18279;Vierzon;;;2.066628;47.223496
18279_2155_00103;103;;Avenue du 8 Mai 1945;18100;18279;Vierzon;;;2.087269;47.23637
18279_2190_00009;9;;Rue Marcel Perrin;18100;18279;Vierzon;;;2.071692;47.224603
18279_1072_00008;8;;Petite Rue des Donneaux;18100;18279;Vierzon;;;2.045643;47.226873
18279_2050_00006;6;;Rue Ledru Rollin;18100;18279;Vierzon;;;2.078884;47.216072
18279_0310_00059;59;;Rue du Bas de Grange;18100;18279;Vierzon;;;2.053526;47.224874
18279_1929_00006;6;;Impasse de Jérusalem;18100;18279;Vierzon;;;2.066627;47.218151
18279_2125_00001;1;;Rue Louise Michel;18100;18279;Vierzon;;;2.070536;47.235278
18279_0866_00025;25;;Avenue du Colonel Manhes;18100;18279;Vierzon;;;2.082618;47.223714
18279_2830_00056;56;;Rue du President Wilson;18100;18279;Vierzon;;;2.053373;47.216864
18279_0190_00105;105;;Rue de l'Armistice;18100;18279;Vierzon;;;2.055433;47.217104
18279_0310_00042;42;;Rue du Bas de Grange;18100;18279;Vierzon;;;2.052183;47.224973
18279_2735_00033;33;;Rue Pierre Ferdonnet;18100;18279;Vierzon;;;2.090812;47.225849
18279_2260_00033;33;;Route de Méreau;18100;18279;Vierzon;;;2.061579;47.207211
18279_1120_00009;9;;Rue Edouard Branly;18100;18279;Vierzon;;;2.10476;47.217079
18279_2750_00031;31;;Rue des Pillots;18100;18279;Vierzon;;;2.05239;47.213716
18279_671bao_00062;62;;avenue maréchal philippe leclerc de hauteclocque;18100;18279;Vierzon;;;2.051952;47.208537
18279_1456_00005;5;;Chemin du Gardois;18100;18279;Vierzon;;;2.033531;47.207599
18279_2560_00043;43;;Rue Pasteur;18100;18279;Vierzon;;;2.088988;47.219324
18279_1128_00129;129;;Avenue Edouard Vaillant;18100;18279;Vierzon;;;2.060937;47.239698
18279_3135_00001;1;;Rue des Tramways de l'Indre;18100;18279;Vierzon;;;2.063675;47.214547
18279_3305_01570;1570;;Rue de Wittelsheim;18100;18279;Vierzon;;;2.072148;47.223178
18279_1400_00007;7;;Place Gabriel Péri;18100;18279;Vierzon;;;2.061876;47.225145
18279_1290_00160;160;;Rue Félix Pyat;18100;18279;Vierzon;;;2.094881;47.228133
18279_1072_00007;7;;Petite Rue des Donneaux;18100;18279;Vierzon;;;2.046589;47.227029
18279_2500_00003;3;;Rue des Ormes;18100;18279;Vierzon;;;2.07615;47.232501
18279_0890_00120;120;;Rue de la Convention;18100;18279;Vierzon;;;2.109852;47.225078
18279_3170_00002_bis;2;bis;Rue de Valmy;18100;18279;Vierzon;;;2.067024;47.219115
18279_0020_00004_b;4;b;Chemin de l’Abricot;18100;18279;Vierzon;;;2.05304;47.220756
18279_3133_00010;10;;Route de Tours;18100;18279;Vierzon;;;2.039622;47.232835
18279_1240_01485;1485;;Rue Etienne Nivet;18100;18279;Vierzon;;;2.087362;47.220805
18279_1280_00053;53;;Rue de Fay;18100;18279;Vierzon;;;2.049268;47.239645
18279_3133_00021;21;;Route de Tours;18100;18279;Vierzon;;;2.038751;47.2332
18279_3202_00051;51;;Avenue de Verdun;18100;18279;Vierzon;;;2.073928;47.225869
18279_0542_00057;57;;Rue du Bourdoiseau;18100;18279;Vierzon;;;2.062091;47.234847
18279_0042_00003;3;;Chemin des Ajoncs;18100;18279;Vierzon;;;2.079488;47.238305
18279_3202_00067;67;;Avenue de Verdun;18100;18279;Vierzon;;;2.075064;47.226772
18279_0380_00011;11;;Chemin de la Bercetterie;18100;18279;Vierzon;;;2.03296;47.239419
18279_0714_00016;16;;Rue du Champ du Four;18100;18279;Vierzon;;;2.081432;47.234014
18279_1055_00018_p;18;p;Avenue du 19 Mars 1962;18100;18279;Vierzon;;;2.092772;47.240515
18279_1980_00012;12;;Rue Jules Guesde;18100;18279;Vierzon;;;2.049133;47.227525
18279_2735_00023;23;;Rue Pierre Ferdonnet;18100;18279;Vierzon;;;2.090663;47.226522
18279_1520_00026;26;;Rue George Sand;18100;18279;Vierzon;;;2.0668;47.226364
18279_p07zqe_00065;65;;Chemin du Pre d’Anet;18100;18279;Vierzon;;;2.081309;47.218431
18279_1693_00012;12;;Allee Guillaume Apollinaire;18100;18279;Vierzon;;;2.085493;47.220733
18279_0482_00035;35;;Rue du Bois d'Yèvre;18100;18279;Vierzon;;;2.069347;47.217332
18279_1155_00032;32;;Rue Emile Desforges;18100;18279;Vierzon;;;2.083654;47.227957
18279_1940_00056;56;;Rue Joliot Curie;18100;18279;Vierzon;;;2.073477;47.209936
18279_3073_00001;1;;Rue de la Société Française;18100;18279;Vierzon;;;2.06155;47.224785
18279_3135_00022;22;;Rue des Tramways de l'Indre;18100;18279;Vierzon;;;2.058182;47.213506
18279_1032_00009;9;;Rue Diderot;18100;18279;Vierzon;;;2.071095;47.218042
18279_0170_00028;28;;Rue Armand Brunet;18100;18279;Vierzon;;;2.069707;47.221863
18279_2190_00057;57;;Rue Marcel Perrin;18100;18279;Vierzon;;;2.07069;47.227123
18279_1440_00029;29;;Rue Gambetta;18100;18279;Vierzon;;;2.09893;47.219258
18279_3076_00008;8;;Route des Souchènes;18100;18279;Vierzon;;;2.036534;47.21355
18279_1430_00001_bis;1;bis;Rue Gallerand;18100;18279;Vierzon;;;2.067817;47.222298
18279_2309_00035;35;;Chemin des Millards;18100;18279;Vierzon;;;2.10587;47.234105
18279_3210_00018;18;;Rue Victor Hugo;18100;18279;Vierzon;;;2.066469;47.223242
18279_0358_00001;1;;Impasse de Bellevue;18100;18279;Vierzon;;;2.073516;47.224332
18279_2630_00016;16;;Rue du Péry;18100;18279;Vierzon;;;2.083226;47.225418
18279_1155_00021;21;;Rue Emile Desforges;18100;18279;Vierzon;;;2.083043;47.227553
18279_2750_00028;28;;Rue des Pillots;18100;18279;Vierzon;;;2.05385;47.213795
18279_0500_00009;9;;Rue Boitard;18100;18279;Vierzon;;;2.069625;47.214966
18279_2688_00036;36;;Rue Pierre Brossolette;18100;18279;Vierzon;;;2.075631;47.204938
18279_0310_00049;49;;Rue du Bas de Grange;18100;18279;Vierzon;;;2.054622;47.22453
18279_0400_00024;24;;Rue des Berlurettes;18100;18279;Vierzon;;;2.064349;47.236355
18279_2688_00035;35;;Rue Pierre Brossolette;18100;18279;Vierzon;;;2.07676;47.203868
18279_1320_00022_a;22;a;Route de Foëcy;18100;18279;Vierzon;;;2.102497;47.209401
18279_2605_00003;3;;Ruelle du Pavillon;18100;18279;Vierzon;;;2.071009;47.224611
18279_1950_00049;49;;Avenue du Jonc;18100;18279;Vierzon;;;2.068369;47.209798
18279_2290_00037;37;;Rue des Meunières;18100;18279;Vierzon;;;2.054198;47.234471
18279_1980_00010_bis;10;bis;Rue Jules Guesde;18100;18279;Vierzon;;;2.049268;47.227471
18279_0120_00003;3;;Rue André Ribaud;18100;18279;Vierzon;;;2.065172;47.229096
18279_1700_00021;21;;Rue Gustave Flourens;18100;18279;Vierzon;;;2.055493;47.231025
18279_1405_00012;12;;Rue Gagarine;18100;18279;Vierzon;;;2.080448;47.224056
18279_1290_00029;29;;Rue Félix Pyat;18100;18279;Vierzon;;;2.081738;47.229607
18279_0120_00006;6;;Rue André Ribaud;18100;18279;Vierzon;;;2.065335;47.229133
18279_0395_00030;30;;Rue Henri Bergson;18100;18279;Vierzon;;;2.093927;47.224443
18279_2210_00001_bis;1;bis;Place du Maréchal Foch;18100;18279;Vierzon;;;2.067802;47.222882
18279_1990_00054;54;;Rue Jules Louis Breton;18100;18279;Vierzon;;;2.080529;47.220452
18279_1270_00028;28;;Petite Rue de Fay;18100;18279;Vierzon;;;2.050609;47.237362
18279_1158_00009;9;;Rue du Square Emile Peraudin;18100;18279;Vierzon;;;2.063104;47.223771
18279_2190_00025_b;25;b;Rue Marcel Perrin;18100;18279;Vierzon;;;2.071401;47.225314
18279_1720_00023;23;;Rue Henri Barbusse;18100;18279;Vierzon;;;2.06439;47.231105
18279_0080_00091;91;;Rue Anatole France;18100;18279;Vierzon;;;2.051371;47.222335
18279_a130_00009;9;;Lotissement de la Colline;18100;18279;Vierzon;;;2.072619;47.232011
18279_2973_00013;13;;Chemin des Riaux;18100;18279;Vierzon;;;2.113094;47.228189
18279_1870_00032;32;;Rue Jean Jacques Rousseau;18100;18279;Vierzon;;;2.075241;47.21817
18279_0836_00004;4;;Rue Claude Levi-strauss;18100;18279;Vierzon;;;2.080682;47.233571
18279_2410_00002;2;;Boulevard de la Nation;18100;18279;Vierzon;;;2.060922;47.216652
18279_2740_00034_ter;34;ter;Avenue Pierre Sémard;18100;18279;Vierzon;;;2.058351;47.226303
18279_2750_00015_b;15;b;Rue des Pillots;18100;18279;Vierzon;;;2.054359;47.213759
18279_1990_00044_bis;44;bis;Rue Jules Louis Breton;18100;18279;Vierzon;;;2.078536;47.220919
18279_0660_00004_b;4;b;Rue Célestin Gérard;18100;18279;Vierzon;;;2.055554;47.226441
18279_66j5mf_00039;39;;Chemin des Noues;18100;18279;Vierzon;;;2.042666;47.211467
18279_0370_00147;147;;Route de Bellon;18100;18279;Vierzon;;;2.082508;47.201892
18279_3048_00038;38;;Route de Saint Laurent;18100;18279;Vierzon;;;2.120096;47.219214
18279_3300_00014;14;;Rue Voltaire;18100;18279;Vierzon;;;2.067688;47.221853
18279_2040_00020;20;;Avenue Mal Philippe Leclerc de Ha;18100;18279;Vierzon;;;2.056455;47.209358
18279_1840_00038;38;;Rue Jean-baptiste Clément;18100;18279;Vierzon;;;2.071174;47.229528
18279_2816_00071;71;;Passage du Pré d'Anet;18100;18279;Vierzon;;;2.081729;47.218455
18279_0497_00020;20;;Chemin de Bois Marteau;18100;18279;Vierzon;;;2.055748;47.239577
18279_2688_00030;30;;Rue Pierre Brossolette;18100;18279;Vierzon;;;2.075828;47.205187
18279_0082_00005;5;;Petite Rue Anatole France;18100;18279;Vierzon;;;2.050951;47.220009
18279_0568_00002;2;;Chemin du Briou;18100;18279;Vierzon;;;2.084885;47.224472
18279_2620_00029;29;;Rue des Pentecotes;18100;18279;Vierzon;;;2.059218;47.227935
18279_0220_00028;28;;Rue Auber;18100;18279;Vierzon;;;2.082209;47.21504
18279_3047_00041;41;;Rue Saint Exupéry;18100;18279;Vierzon;;;2.068049;47.203781
18279_1185_00007;7;;Rue des Etablissements Merlin;18100;18279;Vierzon;;;2.085209;47.232589
18279_2560_00026;26;;Rue Pasteur;18100;18279;Vierzon;;;2.086804;47.219931
18279_1290_00174;174;;Rue Félix Pyat;18100;18279;Vierzon;;;2.096332;47.228342
18279_2870_00136;136;;Route de Puits Berteau;18100;18279;Vierzon;;;2.06923;47.237832
18279_1070_00007;7;;Rue des Donneaux;18100;18279;Vierzon;;;2.04523;47.227548
18279_0951_00010;10;;Chemin des Grandes Crêles;18100;18279;Vierzon;;;2.0705;47.204968
18279_66j5mf_00017;17;;Chemin des Noues;18100;18279;Vierzon;;;2.046404;47.210106
18279_3195_00002;2;;Chemin du Verdin;18100;18279;Vierzon;;;2.040949;47.232012
18279_2520_00008;8;;Rue du Panorama;18100;18279;Vierzon;;;2.070142;47.212312
18279_0750_00020;20;;Allee des Chataigniers;18100;18279;Vierzon;;;2.043005;47.229407
18279_1535_00042;42;;Rue Georges Fauconnier;18100;18279;Vierzon;;;2.070281;47.239206
18279_0743_00009;9;;Rue Charlotte Delbo;18100;18279;Vierzon;;;2.087995;47.222774
18279_2260_00012;12;;Route de Méreau;18100;18279;Vierzon;;;2.06221;47.209061
18279_3202_00068;68;;Avenue de Verdun;18100;18279;Vierzon;;;2.074763;47.226359
18279_0310_00090_bis;90;bis;Rue du Bas de Grange;18100;18279;Vierzon;;;2.04556;47.225848
18279_0711_00003_bis;3;bis;Chemin du Champ Chapelet;18100;18279;Vierzon;;;2.086769;47.236556
18279_1870_00029;29;;Rue Jean Jacques Rousseau;18100;18279;Vierzon;;;2.072084;47.21861
18279_1250_00030_c;30;c;Rue Eugène Pottier;18100;18279;Vierzon;;;2.099642;47.219285
18279_1870_00089_bis;89;bis;Rue Jean Jacques Rousseau;18100;18279;Vierzon;;;2.079834;47.217261
18279_0740_00014;14;;Rue Charles Hurvoy;18100;18279;Vierzon;;;2.067289;47.227902
18279_1170_00018_a;18;a;Rue des Epinettes;18100;18279;Vierzon;;;2.068998;47.225489
18279_1980_00023_ter;23;ter;Rue Jules Guesde;18100;18279;Vierzon;;;2.047432;47.227596
18279_0465_00024;24;;Route du Bois Blanc;18100;18279;Vierzon;;;2.113765;47.202299
18279_a255_00003;3;;Residence d’Hery;18100;18279;Vierzon;;;2.074114;47.208797
18279_0400_00010;10;;Rue des Berlurettes;18100;18279;Vierzon;;;2.062865;47.235957
18279_1470_00022;22;;Rue Gaston Cornavin;18100;18279;Vierzon;;;2.087333;47.228702
18279_3280_00035;35;;Rue de Villeneuve;18100;18279;Vierzon;;;2.071728;47.211302
18279_1690_00012;12;;Route de Guérigny;18100;18279;Vierzon;;;2.134124;47.214768
18279_1472_00002;2;;Rue Gaston Monmousseau;18100;18279;Vierzon;;;2.062261;47.204045
18279_le1ny7_00018;18;;Rue Jeanne Labourbe;18100;18279;Vierzon;;;2.061953;47.232364
18279_3133_00001;1;;Route de Tours;18100;18279;Vierzon;;;2.040789;47.231974
18279_2406_00004;4;;Impasse Mozart;18100;18279;Vierzon;;;2.078549;47.231617
18279_2095_00002;2;;Allee des Longueraies;18100;18279;Vierzon;;;2.059275;47.232943
18279_2583_00014;14;;Rue Paul Eluard;18100;18279;Vierzon;;;2.084054;47.200994
18279_0890_00029;29;;Rue de la Convention;18100;18279;Vierzon;;;2.102337;47.219068
18279_2795_00027;27;;Rue des Ponts;18100;18279;Vierzon;;;2.066365;47.219218
18279_2688_00070;70;;Rue Pierre Brossolette;18100;18279;Vierzon;;;2.074182;47.204274
18279_p07zqe_00063;63;;Chemin du Pre d’Anet;18100;18279;Vierzon;;;2.08233;47.218175
18279_0415_00024;24;;Rue Bernard Dumont;18100;18279;Vierzon;;;2.071041;47.206772
18279_1194_00007_bis;7;bis;Chemin de l’Etang du Verdin;18100;18279;Vierzon;;;2.040654;47.235403
18279_0780_00004;4;;Rue du Château;18100;18279;Vierzon;;;2.07121;47.222811
18279_0120_00091;91;;Rue André Ribaud;18100;18279;Vierzon;;;2.071122;47.234322
18279_0160_00077_bis;77;bis;Rue Armand Bazile;18100;18279;Vierzon;;;2.077214;47.215984
18279_0082_00031;31;;Petite Rue Anatole France;18100;18279;Vierzon;;;2.048795;47.222064
18279_0750_00018;18;;Allee des Chataigniers;18100;18279;Vierzon;;;2.043142;47.229634
18279_1710_00088;88;;Rue Guy Môquet;18100;18279;Vierzon;;;2.074849;47.211655
18279_1230_00079;79;;Rue Etienne Marcel;18100;18279;Vierzon;;;2.101951;47.217162
18279_a400_00008;8;;Residence les Pommiers;18100;18279;Vierzon;;;2.092151;47.227989
18279_2560_00047;47;;Rue Pasteur;18100;18279;Vierzon;;;2.089177;47.219234
18279_1530_00013;13;;Rue Georges Clémenceau;18100;18279;Vierzon;;;2.05695;47.21572
18279_1144_00018;18;;Rue Elsa Triolet;18100;18279;Vierzon;;;2.083763;47.229512
18279_1128_00100;100;;Avenue Edouard Vaillant;18100;18279;Vierzon;;;2.060744;47.236962
18279_2770_00055;55;;Rue de la Plaisance;18100;18279;Vierzon;;;2.095065;47.221204
18279_2105_00001_a;1;a;Petite Rue des Longueraies;18100;18279;Vierzon;;;2.058596;47.235886
18279_1712_00003;3;;Hameau de la Dumonerie;18100;18279;Vierzon;;;2.09589;47.219661
18279_3202_00045;45;;Avenue de Verdun;18100;18279;Vierzon;;;2.073755;47.225731
18279_1460_00007;7;;Rue Garibaldi;18100;18279;Vierzon;;;2.059624;47.222112
18279_1070_00014;14;;Rue des Donneaux;18100;18279;Vierzon;;;2.044788;47.226516
18279_2770_00081;81;;Rue de la Plaisance;18100;18279;Vierzon;;;2.097392;47.221617
18279_2058_00064_bis;64;bis;Rue Léo Mérigot;18100;18279;Vierzon;;;2.052718;47.227355
18279_3202_00041;41;;Avenue de Verdun;18100;18279;Vierzon;;;2.073654;47.225655
18279_2025_00045;45;;avenue maréchal jean de lattre de tassigny;18100;18279;Vierzon;;;2.070785;47.20568
18279_2080_00126;126;;Route de la Loeuf;18100;18279;Vierzon;;;2.030055;47.213588
18279_0280_00004;4;;Impasse Barbes;18100;18279;Vierzon;;;2.053117;47.234115
18279_2502_00019;19;;Rue Pablo Neruda;18100;18279;Vierzon;;;2.083167;47.226695
18279_0080_00072;72;;Rue Anatole France;18100;18279;Vierzon;;;2.053905;47.22205
18279_2620_00059;59;;Rue des Pentecotes;18100;18279;Vierzon;;;2.058342;47.229565
18279_2360_00013;13;;Rue de la Monnaie;18100;18279;Vierzon;;;2.070412;47.222779
18279_0866_00032;32;;Avenue du Colonel Manhes;18100;18279;Vierzon;;;2.07988;47.223286
18279_1128_01620;1620;;Avenue Edouard Vaillant;18100;18279;Vierzon;;;2.061202;47.230559
18279_1710_00023;23;;Rue Guy Môquet;18100;18279;Vierzon;;;2.075152;47.212173
18279_1825_00004;4;;Rue Jacques Brel;18100;18279;Vierzon;;;2.078419;47.201029
18279_1930_00012;12;;Rue de Jérusalem;18100;18279;Vierzon;;;2.06708;47.21768
18279_2155_00097_ter;97;ter;Avenue du 8 Mai 1945;18100;18279;Vierzon;;;2.086974;47.236139
18279_0310_00041;41;;Rue du Bas de Grange;18100;18279;Vierzon;;;2.055408;47.224318
18279_1905_00060;60;;Rue Jean Picot;18100;18279;Vierzon;;;2.075161;47.2108
18279_1980_00006;6;;Rue Jules Guesde;18100;18279;Vierzon;;;2.049618;47.227506
18279_0745_00009;9;;Chemin de Charnay;18100;18279;Vierzon;;;2.028824;47.240522
18279_2155_00057_d;57;d;Avenue du 8 Mai 1945;18100;18279;Vierzon;;;2.079398;47.230714
18279_1290_00062;62;;Rue Félix Pyat;18100;18279;Vierzon;;;2.084388;47.227745
18279_0712_00004;4;;Rue du Champ Commun;18100;18279;Vierzon;;;2.068149;47.219977
18279_0225_00005;5;;Allée Auguste Rodin;18100;18279;Vierzon;;;2.080899;47.232477
18279_2188_00003;3;;Rue Marcel Pagnol;18100;18279;Vierzon;;;2.077202;47.210903
18279_0370_00109;109;;Route de Bellon;18100;18279;Vierzon;;;2.078976;47.209869
18279_2100_00075;75;;Rue des Longueraies;18100;18279;Vierzon;;;2.059805;47.235432
18279_3133_00025_c;25;c;Route de Tours;18100;18279;Vierzon;;;2.03677;47.233459
18279_2688_00079;79;;Rue Pierre Brossolette;18100;18279;Vierzon;;;2.075045;47.2039
18279_2210_00006;6;;Place du Maréchal Foch;18100;18279;Vierzon;;;2.067457;47.222627
18279_3133_00064;64;;Route de Tours;18100;18279;Vierzon;;;2.033021;47.236757
18279_0140_00019_a;19;a;Rue Antonin Lerault;18100;18279;Vierzon;;;2.068703;47.215028
18279_1840_00104;104;;Rue Jean-baptiste Clément;18100;18279;Vierzon;;;2.076761;47.233264
18279_cjssze_00003;3;;L’Aujonniere;18100;18279;Vierzon;;;2.087236;47.235048
18279_1838_00005;5;;impasse jean-baptiste clément;18100;18279;Vierzon;;;2.074904;47.231554
18279_3210_00049;49;;Rue Victor Hugo;18100;18279;Vierzon;;;2.065374;47.223629
18279_2485_00042;42;;Rue du 11 Novembre 1918;18100;18279;Vierzon;;;2.062046;47.222175
18279_2309_00036;36;;Chemin des Millards;18100;18279;Vierzon;;;2.106366;47.23402
18279_1535_00026;26;;Rue Georges Fauconnier;18100;18279;Vierzon;;;2.071102;47.238857
18279_1990_00052_bis;52;bis;Rue Jules Louis Breton;18100;18279;Vierzon;;;2.080109;47.220548
18279_2870_00064;64;;Route de Puits Berteau;18100;18279;Vierzon;;;2.076524;47.236093
18279_0726_00007;7;;Rue Baudelaire;18100;18279;Vierzon;;;2.083558;47.198604
18279_1940_00005;5;;Rue Joliot Curie;18100;18279;Vierzon;;;2.073361;47.208843
18279_0435_00013;13;;Rue de Bitterfeld;18100;18279;Vierzon;;;2.083362;47.203572
18279_3271_00011;11;;Route du Village d’En Haut;18100;18279;Vierzon;;;2.11077;47.231513
18279_0710_00027;27;;Rue du Champanet;18100;18279;Vierzon;;;2.06109;47.220241
18279_0495_00007;7;;Chemin des Grands Bois;18100;18279;Vierzon;;;2.051727;47.236529
18279_2189_00011;11;;Rue Marcel Paul;18100;18279;Vierzon;;;2.09021;47.234575
18279_0085_00001;1;;Imp Ancienne Cite de la Verrerie;18100;18279;Vierzon;;;2.10104;47.210541
18279_0865_00009;9;;Rue du Colonel Fabien;18100;18279;Vierzon;;;2.063852;47.234326
18279_3053_00002;2;;Impasse Saint Leonard;18100;18279;Vierzon;;;2.067747;47.214555
18279_1308_00011;11;;Impasse des Feuillures;18100;18279;Vierzon;;;2.065521;47.211071
18279_1230_00091;91;;Rue Etienne Marcel;18100;18279;Vierzon;;;2.102524;47.216851
18279_0100_00008;8;;Rue André Guillemain;18100;18279;Vierzon;;;2.082222;47.217023
18279_1832_00007;7;;Square Jacques Duclos;18100;18279;Vierzon;;;2.087713;47.201853
18279_2870_00005_bis;5;bis;Route de Puits Berteau;18100;18279;Vierzon;;;2.079509;47.232685
18279_2610_00021_a;21;a;Chemin des Pelles;18100;18279;Vierzon;;;2.044355;47.222181
18279_2430_00001;1;;Rue Urbain Nègre;18100;18279;Vierzon;;;2.080925;47.226597
18279_2080_00050_a;50;a;Route de la Loeuf;18100;18279;Vierzon;;;2.035986;47.216989
18279_0400_00011;11;;Rue des Berlurettes;18100;18279;Vierzon;;;2.062389;47.235879
18279_2040_00070;70;;Avenue Mal Philippe Leclerc de Ha;18100;18279;Vierzon;;;2.05121;47.208417
18279_2450_00004;4;;Route de Neuvy;18100;18279;Vierzon;;;2.095275;47.243091
18279_1430_00011_ter;11;ter;Rue Gallerand;18100;18279;Vierzon;;;2.068081;47.222709
18279_1560_00005;5;;Rue Gourdon;18100;18279;Vierzon;;;2.067833;47.224326
18279_2085_00012;12;;Rue des Lilas;18100;18279;Vierzon;;;2.056052;47.233097
18279_3061_00020;20;;Boulevard Salvador Allende;18100;18279;Vierzon;;;2.086635;47.226715
18279_1520_00028;28;;Rue George Sand;18100;18279;Vierzon;;;2.06647;47.227179
18279_1120_00013;13;;Rue Edouard Branly;18100;18279;Vierzon;;;2.10463;47.217401
18279_1832_00013;13;;Square Jacques Duclos;18100;18279;Vierzon;;;2.088168;47.201706
18279_0130_00011;11;;Rue Antoine Parmentier;18100;18279;Vierzon;;;2.046199;47.229353
18279_2405_00001;1;;Rue Mozart;18100;18279;Vierzon;;;2.079747;47.232304
18279_2510_00077;77;;Rue de la Paix;18100;18279;Vierzon;;;2.054219;47.216762
18279_1877_00047;47;;Avenue Jean Jaurès;18100;18279;Vierzon;;;2.043827;47.231066
18279_1870_00097;97;;Rue Jean Jacques Rousseau;18100;18279;Vierzon;;;2.08095;47.217004
18279_2360_00001;1;;Rue de la Monnaie;18100;18279;Vierzon;;;2.069469;47.2223
18279_1821_00007;7;;Rue Jacqueline Auriol;18100;18279;Vierzon;;;2.065145;47.202872
18279_2950_00058_a;58;a;Avenue de la République;18100;18279;Vierzon;;;2.063057;47.224404
18279_2302_00015;15;;Rue Michel Lucas;18100;18279;Vierzon;;;2.085103;47.231001
18279_0080_00124_a;124;a;Rue Anatole France;18100;18279;Vierzon;;;2.049348;47.223122
18279_2080_00104_a;104;a;Route de la Loeuf;18100;18279;Vierzon;;;2.029617;47.21295
18279_1696_00001;1;;Rue Gustave Flaubert;18100;18279;Vierzon;;;2.077727;47.200827
18279_0095_00010;10;;Rue André Gide;18100;18279;Vierzon;;;2.095746;47.222581
18279_2155_00008;8;;Avenue du 8 Mai 1945;18100;18279;Vierzon;;;2.076103;47.227432
18279_p07zqe_00031;31;;Chemin du Pre d’Anet;18100;18279;Vierzon;;;2.077214;47.219325
18279_1870_00061;61;;Rue Jean Jacques Rousseau;18100;18279;Vierzon;;;2.074301;47.218284
18279_3133_00070;70;;Route de Tours;18100;18279;Vierzon;;;2.032112;47.237301
18279_1280_00011;11;;Rue de Fay;18100;18279;Vierzon;;;2.051112;47.234184
18279_1194_00021;21;;Chemin de l’Etang du Verdin;18100;18279;Vierzon;;;2.040941;47.236638
18279_2870_00060;60;;Route de Puits Berteau;18100;18279;Vierzon;;;2.076787;47.235875
18279_0925_00011;11;;La Cour d’En Haut;18100;18279;Vierzon;;;2.032939;47.208197
18279_2720_00055;55;;Rue Pierre Dupont;18100;18279;Vierzon;;;2.04101;47.238031
18279_0110_00006;6;;Rue André Hènault;18100;18279;Vierzon;;;2.063677;47.215525
18279_1400_00010;10;;Place Gabriel Péri;18100;18279;Vierzon;;;2.06216;47.225371
18279_1290_00004_a;4;a;Rue Félix Pyat;18100;18279;Vierzon;;;2.080614;47.230387
18279_1840_00003;3;;Rue Jean-baptiste Clément;18100;18279;Vierzon;;;2.070662;47.227521
18279_0420_00017;17;;Rue de la Bidauderie;18100;18279;Vierzon;;;2.079648;47.234836
18279_0400_00007;7;;Rue des Berlurettes;18100;18279;Vierzon;;;2.062055;47.235763
18279_1720_00038;38;;Rue Henri Barbusse;18100;18279;Vierzon;;;2.064552;47.231401
18279_2461_00001;1;;Rue Nicolas Copernic;18100;18279;Vierzon;;;2.083594;47.233685
18279_2650_00002;2;;Rue de la Petite Noue;18100;18279;Vierzon;;;2.058272;47.208241
18279_1230_00028;28;;Rue Etienne Marcel;18100;18279;Vierzon;;;2.096624;47.21796
18279_0951_00001;1;;Chemin des Grandes Crêles;18100;18279;Vierzon;;;2.071188;47.203367
18279_1720_00065;65;;Rue Henri Barbusse;18100;18279;Vierzon;;;2.064822;47.236282
18279_0542_00044_bis;44;bis;Rue du Bourdoiseau;18100;18279;Vierzon;;;2.062846;47.234051
18279_0030_00048;48;;Rue de l'Abricot;18100;18279;Vierzon;;;2.053891;47.220769
18279_2520_00001;1;;Rue du Panorama;18100;18279;Vierzon;;;2.070715;47.212749
18279_2255_00006;6;;Place de la Mémoire;18100;18279;Vierzon;;;2.079802;47.20023
18279_0850_00005;5;;Rue Cognacq Jay;18100;18279;Vierzon;;;2.058155;47.216837
18279_1950_00027;27;;Avenue du Jonc;18100;18279;Vierzon;;;2.066015;47.2102
18279_2950_00029;29;;Avenue de la République;18100;18279;Vierzon;;;2.065435;47.22317
18279_2060_00009;9;;Rue Léon Bourgeois;18100;18279;Vierzon;;;2.058646;47.212977
18279_3052_00005;5;;Route de Saint Lazare;18100;18279;Vierzon;;;2.097565;47.208732
18279_a600_00006;6;;Residence Val d’Yevre;18100;18279;Vierzon;;;2.094191;47.218718
18279_0080_00074;74;;Rue Anatole France;18100;18279;Vierzon;;;2.053604;47.222027
18279_1930_00001;1;;Rue de Jérusalem;18100;18279;Vierzon;;;2.067435;47.217642
18279_1055_00018_a;18;a;Avenue du 19 Mars 1962;18100;18279;Vierzon;;;2.09114;47.239255
18279_1490_00011_bis;11;bis;Chemin des Gaudrets;18100;18279;Vierzon;;;2.088783;47.221677
18279_2648_00027;27;;Chemin de la Petite Noue;18100;18279;Vierzon;;;2.064891;47.203965
18279_1700_00042;42;;Rue Gustave Flourens;18100;18279;Vierzon;;;2.054473;47.231455
18279_2080_00066;66;;Route de la Loeuf;18100;18279;Vierzon;;;2.032539;47.216669
18279_1115_00006;6;;Rue Edmond Rostand;18100;18279;Vierzon;;;2.076436;47.200685
18279_1250_00010;10;;Rue Eugène Pottier;18100;18279;Vierzon;;;2.099064;47.21811
18279_2070_00033;33;;Boulevard de la Liberté;18100;18279;Vierzon;;;2.064724;47.227274
18279_3020_00017;17;;Rue de Ronvaux;18100;18279;Vierzon;;;2.053272;47.225206
18279_0370_00079_a;79;a;Route de Bellon;18100;18279;Vierzon;;;2.077904;47.212039
18279_2910_00033;33;;Avenue du 14 Juillet;18100;18279;Vierzon;;;2.064294;47.214202
18279_2070_00035_bis;35;bis;Boulevard de la Liberté;18100;18279;Vierzon;;;2.064463;47.227388
18279_2155_00034;34;;Avenue du 8 Mai 1945;18100;18279;Vierzon;;;2.077179;47.228288
18279_2650_00025;25;;Rue de la Petite Noue;18100;18279;Vierzon;;;2.058795;47.207219
18279_1480_00044_b;44;b;Rue de la Gaucherie;18100;18279;Vierzon;;;2.063432;47.223287
18279_0890_00179;179;;Rue de la Convention;18100;18279;Vierzon;;;2.110093;47.22769
18279_1538_00013;13;;Rue Georges Rousseau;18100;18279;Vierzon;;;2.05773;47.213054
18279_0568_00004;4;;Chemin du Briou;18100;18279;Vierzon;;;2.085007;47.224614
18279_2750_00036;36;;Rue des Pillots;18100;18279;Vierzon;;;2.052656;47.213758
18279_0160_00057_b;57;b;Rue Armand Bazile;18100;18279;Vierzon;;;2.075644;47.216415
18279_0710_00005;5;;Rue du Champanet;18100;18279;Vierzon;;;2.064718;47.220294
18279_a600_00012;12;;Residence Val d’Yevre;18100;18279;Vierzon;;;2.09368;47.218827
18279_0350_00097;97;;Rue Beau Site;18100;18279;Vierzon;;;2.070167;47.206773
18279_0745_00010;10;;Chemin de Charnay;18100;18279;Vierzon;;;2.02889;47.240617
18279_1535_00068;68;;Rue Georges Fauconnier;18100;18279;Vierzon;;;2.067979;47.239541
18279_2190_00040;40;;Rue Marcel Perrin;18100;18279;Vierzon;;;2.071026;47.22573
18279_0170_00065_bis;65;bis;Rue Armand Brunet;18100;18279;Vierzon;;;2.073003;47.221218
18279_3048_00049;49;;Route de Saint Laurent;18100;18279;Vierzon;;;2.121598;47.22055
18279_2950_00032;32;;Avenue de la République;18100;18279;Vierzon;;;2.065203;47.223403
18279_1990_00054_bis;54;bis;Rue Jules Louis Breton;18100;18279;Vierzon;;;2.080766;47.220421
18279_0275_00001;1;;Rue Bara;18100;18279;Vierzon;;;2.045485;47.231042
18279_0712_00017;17;;Rue du Champ Commun;18100;18279;Vierzon;;;2.068261;47.219481
18279_3073_00026_d;26;d;Rue de la Société Française;18100;18279;Vierzon;;;2.057376;47.224783
18279_0045_00005;5;;Route d'Ainset;18100;18279;Vierzon;;;2.076719;47.237302
18279_3133_00084;84;;Route de Tours;18100;18279;Vierzon;;;2.028378;47.238718
18279_3086_00011;11;;Impasse Suzanne Masson;18100;18279;Vierzon;;;2.078841;47.205915
18279_0370_00025;25;;Route de Bellon;18100;18279;Vierzon;;;2.072875;47.213921
18279_1870_00007;7;;Rue Jean Jacques Rousseau;18100;18279;Vierzon;;;2.070462;47.218798
18279_2055_00002;2;;Rue Lénine;18100;18279;Vierzon;;;2.064693;47.232908
18279_2830_00070;70;;Rue du President Wilson;18100;18279;Vierzon;;;2.053785;47.217376
18279_2125_00011;11;;Rue Louise Michel;18100;18279;Vierzon;;;2.070735;47.235503
18279_2770_00013;13;;Rue de la Plaisance;18100;18279;Vierzon;;;2.091432;47.219966
18279_1250_00144_a;144;a;Rue Eugène Pottier;18100;18279;Vierzon;;;2.097864;47.227765
18279_2980_00004_a;4;a;Rue Riparia;18100;18279;Vierzon;;;2.060338;47.214796
18279_3305_00001_bis;1;bis;Rue de Wittelsheim;18100;18279;Vierzon;;;2.072059;47.223271
18279_3160_00003;3;;Rue du Val Fleury;18100;18279;Vierzon;;;2.071047;47.212433
18279_2260_00009;9;;Route de Méreau;18100;18279;Vierzon;;;2.062362;47.20909
18279_2270_00009;9;;Rue Meunier;18100;18279;Vierzon;;;2.045405;47.22993
18279_0360_00002_b;2;b;Rue de Bellevue;18100;18279;Vierzon;;;2.069108;47.2094
18279_1870_00011;11;;Rue Jean Jacques Rousseau;18100;18279;Vierzon;;;2.07071;47.218769
18279_2560_00010_a;10;a;Rue Pasteur;18100;18279;Vierzon;;;2.084593;47.220121
18279_0220_00040;40;;Rue Auber;18100;18279;Vierzon;;;2.081587;47.21383
18279_3160_00039;39;;Rue du Val Fleury;18100;18279;Vierzon;;;2.069931;47.210019
18279_2330_00029;29;;Rue Mirabeau;18100;18279;Vierzon;;;2.054503;47.211294
18279_1230_00062_bis;62;bis;Rue Etienne Marcel;18100;18279;Vierzon;;;2.09936;47.217562
18279_1857_00001;1;;Rue Jean Cocteau;18100;18279;Vierzon;;;2.085246;47.227419
18279_0270_00050_b;50;b;Rue Babeuf;18100;18279;Vierzon;;;2.040701;47.232804
18279_0715_00007;7;;Chemin du Champ des Renards;18100;18279;Vierzon;;;2.094328;47.227877
18279_2085_00005;5;;Rue des Lilas;18100;18279;Vierzon;;;2.056174;47.231723
18279_1128_03415;3415;;Avenue Edouard Vaillant;18100;18279;Vierzon;;;2.061769;47.230368
18279_0890_00003;3;;Rue de la Convention;18100;18279;Vierzon;;;2.100851;47.218117
18279_1128_00008;8;;Avenue Edouard Vaillant;18100;18279;Vierzon;;;2.061019;47.230312
18279_1320_00051_c;51;c;Route de Foëcy;18100;18279;Vierzon;;;2.106388;47.207337
18279_3160_00046;46;;Rue du Val Fleury;18100;18279;Vierzon;;;2.068916;47.209001
18279_2750_00006;6;;Rue des Pillots;18100;18279;Vierzon;;;2.056498;47.213976
18279_2370_00014;14;;Rue de la Montagne;18100;18279;Vierzon;;;2.073203;47.22272
18279_2155_00079;79;;Avenue du 8 Mai 1945;18100;18279;Vierzon;;;2.084543;47.234222
18279_1180_00020;20;;Rue Ernest Renan;18100;18279;Vierzon;;;2.074407;47.216973
18279_1535_00031;31;;Rue Georges Fauconnier;18100;18279;Vierzon;;;2.067336;47.238929
18279_1250_00090;90;;Rue Eugène Pottier;18100;18279;Vierzon;;;2.098477;47.223499
18279_1230_00067;67;;Rue Etienne Marcel;18100;18279;Vierzon;;;2.101281;47.217154
18279_1870_00006;6;;Rue Jean Jacques Rousseau;18100;18279;Vierzon;;;2.07175;47.218714
18279_1250_00144;144;;Rue Eugène Pottier;18100;18279;Vierzon;;;2.098001;47.22784
18279_2450_00024;24;;Route de Neuvy;18100;18279;Vierzon;;;2.095568;47.245173
18279_2560_00054;54;;Rue Pasteur;18100;18279;Vierzon;;;2.089268;47.219417
18279_1393_00003;3;;Chemin des Fromenteaux;18100;18279;Vierzon;;;2.108316;47.229071
18279_1060_00019;19;;Rue du Docteur Lobligeois;18100;18279;Vierzon;;;2.057391;47.217097
18279_3300_00002;2;;Rue Voltaire;18100;18279;Vierzon;;;2.067601;47.221337
18279_1115_00010;10;;Rue Edmond Rostand;18100;18279;Vierzon;;;2.076471;47.200428
18279_1732_00068;68;;Square Henriette Dumuin;18100;18279;Vierzon;;;2.079425;47.202273
18279_1065_00011;11;;Cour des Donneaux;18100;18279;Vierzon;;;2.044326;47.227381
18279_1990_00017;17;;Rue Jules Louis Breton;18100;18279;Vierzon;;;2.076251;47.221062
18279_0740_00087_a;87;a;Rue Charles Hurvoy;18100;18279;Vierzon;;;2.061876;47.229696
18279_671bao_00038;38;;avenue maréchal philippe leclerc de hauteclocque;18100;18279;Vierzon;;;2.054577;47.20895
18279_3053_00007;7;;Impasse Saint Leonard;18100;18279;Vierzon;;;2.066959;47.214702
18279_2430_00026;26;;Rue Urbain Nègre;18100;18279;Vierzon;;;2.080183;47.228458
18279_0890_00152;152;;Rue de la Convention;18100;18279;Vierzon;;;2.110233;47.227666
18279_0972_00052;52;;Rue de la Croix Moreau;18100;18279;Vierzon;;;2.035222;47.22703
18279_2737_00006;6;;Allée Pierre-gilles de Gennes;18100;18279;Vierzon;;;2.078873;47.245927
18279_2502_00009;9;;Rue Pablo Neruda;18100;18279;Vierzon;;;2.083126;47.226136
18279_0095_00038;38;;Rue André Gide;18100;18279;Vierzon;;;2.095542;47.225749
18279_0370_00115;115;;Route de Bellon;18100;18279;Vierzon;;;2.081222;47.209655
18279_0726_00014;14;;Rue Baudelaire;18100;18279;Vierzon;;;2.084104;47.198586
18279_0817_00018_b;18;b;Chemin du Chevry;18100;18279;Vierzon;;;2.118938;47.215013
18279_1840_00027;27;;Rue Jean-baptiste Clément;18100;18279;Vierzon;;;2.071207;47.229398
18279_1128_00023_b;23;b;Avenue Edouard Vaillant;18100;18279;Vierzon;;;2.061463;47.231124
18279_1840_00047;47;;Rue Jean-baptiste Clément;18100;18279;Vierzon;;;2.073166;47.231291
18279_1840_00008_b;8;b;Rue Jean-baptiste Clément;18100;18279;Vierzon;;;2.070268;47.22754
18279_3170_00016;16;;Rue de Valmy;18100;18279;Vierzon;;;2.069047;47.219005
18279_2720_00002;2;;Rue Pierre Dupont;18100;18279;Vierzon;;;2.047636;47.23463
18279_1857_00016;16;;Rue Jean Cocteau;18100;18279;Vierzon;;;2.083802;47.227292
18279_2125_00025;25;;Rue Louise Michel;18100;18279;Vierzon;;;2.070922;47.236423
18279_2510_00085;85;;Rue de la Paix;18100;18279;Vierzon;;;2.054576;47.21689
18279_1480_00048;48;;Rue de la Gaucherie;18100;18279;Vierzon;;;2.063834;47.223332
18279_2058_00031;31;;Rue Léo Mérigot;18100;18279;Vierzon;;;2.051233;47.228487
18279_0290_00095;95;;Rue Barbès;18100;18279;Vierzon;;;2.057898;47.236952
18279_b2fplh_00007;7;;Residence Mermoz;18100;18279;Vierzon;;;2.063525;47.205089
18279_3073_00026_f;26;f;Rue de la Société Française;18100;18279;Vierzon;;;2.056376;47.225304
18279_3310_00004;4;;Quai d'Yèvre;18100;18279;Vierzon;;;2.065442;47.219796
18279_0417_00001;1;;Rue Berty Albrecht;18100;18279;Vierzon;;;2.057464;47.211587
18279_0417_00009;9;;Rue Berty Albrecht;18100;18279;Vierzon;;;2.056739;47.211681
18279_a070_00061;61;;Residence des Bruyeres;18100;18279;Vierzon;;;2.06588;47.204173
18279_2055_00003;3;;Rue Lénine;18100;18279;Vierzon;;;2.064406;47.232791
18279_2189_00033;33;;Rue Marcel Paul;18100;18279;Vierzon;;;2.094756;47.232103
18279_1870_00045;45;;Rue Jean Jacques Rousseau;18100;18279;Vierzon;;;2.073076;47.218498
18279_1520_00023_e;23;e;Rue George Sand;18100;18279;Vierzon;;;2.06681;47.227307
18279_2620_00033;33;;Rue des Pentecotes;18100;18279;Vierzon;;;2.059279;47.227926
18279_1250_00085;85;;Rue Eugène Pottier;18100;18279;Vierzon;;;2.098177;47.225307
18279_3170_00001;1;;Rue de Valmy;18100;18279;Vierzon;;;2.066816;47.219055
18279_2025_00078_a;78;a;avenue maréchal jean de lattre de tassigny;18100;18279;Vierzon;;;2.07225;47.204796
18279_1150_00046_a;46;a;Rue Emile Bouleau;18100;18279;Vierzon;;;2.06782;47.217532
18279_1980_00052;52;;Rue Jules Guesde;18100;18279;Vierzon;;;2.04117;47.228773
18279_0417_00037;37;;Rue Berty Albrecht;18100;18279;Vierzon;;;2.053761;47.210095
18279_2816_00079;79;;Passage du Pré d'Anet;18100;18279;Vierzon;;;2.082305;47.218176
18279_0600_00009;9;;Petite Rue du Camp;18100;18279;Vierzon;;;2.067338;47.206573
18279_1280_00043_e;43;e;Rue de Fay;18100;18279;Vierzon;;;2.049978;47.238052
18279_671bao_00016;16;;avenue maréchal philippe leclerc de hauteclocque;18100;18279;Vierzon;;;2.056741;47.209274
18279_2795_00023;23;;Rue des Ponts;18100;18279;Vierzon;;;2.066641;47.219307
18279_0080_00055;55;;Rue Anatole France;18100;18279;Vierzon;;;2.055981;47.221694
18279_2583_00016;16;;Rue Paul Eluard;18100;18279;Vierzon;;;2.084252;47.200921
18279_1500_00015;15;;Rue Gay Lussac;18100;18279;Vierzon;;;2.076738;47.223953
18279_1120_00034;34;;Rue Edouard Branly;18100;18279;Vierzon;;;2.104263;47.219088
18279_0045_00012;12;;Route d'Ainset;18100;18279;Vierzon;;;2.077212;47.237536
18279_3226_00031;31;;Route du Vieux Domaine;18100;18279;Vierzon;;;2.094174;47.211436
18279_1430_00017_d;17;d;Rue Gallerand;18100;18279;Vierzon;;;2.068445;47.222782
18279_0310_00020_a;20;a;Rue du Bas de Grange;18100;18279;Vierzon;;;2.054744;47.224913
18279_2870_00134;134;;Route de Puits Berteau;18100;18279;Vierzon;;;2.069331;47.237815
18279_0225_00006;6;;Allée Auguste Rodin;18100;18279;Vierzon;;;2.080743;47.232397
18279_0420_00007;7;;Rue de la Bidauderie;18100;18279;Vierzon;;;2.079113;47.234619
18279_0800_00039;39;;Quai du Cher;18100;18279;Vierzon;;;2.061901;47.216622
18279_3110_00020_a;20;a;Rue des Terres Mortes;18100;18279;Vierzon;;;2.056748;47.207574
18279_3061_00022;22;;Boulevard Salvador Allende;18100;18279;Vierzon;;;2.086754;47.22671
18279_0075_00019;19;;Rue Ambroise Croizat;18100;18279;Vierzon;;;2.068894;47.235819
18279_671bao_01435;1435;;avenue maréchal philippe leclerc de hauteclocque;18100;18279;Vierzon;;;2.060363;47.209626
18279_3133_00005;5;;Route de Tours;18100;18279;Vierzon;;;2.040544;47.232099
18279_1895_00012;12;;Rue Jean Moulin;18100;18279;Vierzon;;;2.063642;47.234531
18279_1840_00014_a;14;a;Rue Jean-baptiste Clément;18100;18279;Vierzon;;;2.070558;47.22792
18279_3222_00026;26;;Impasse de Vieilfond;18100;18279;Vierzon;;;2.067398;47.242542
18279_0815_00006;6;;Ruelle du Chevrier;18100;18279;Vierzon;;;2.069718;47.222915
18279_3202_00061;61;;Avenue de Verdun;18100;18279;Vierzon;;;2.074572;47.226385
18279_1535_00086;86;;Rue Georges Fauconnier;18100;18279;Vierzon;;;2.067293;47.239009
18279_2485_00036;36;;Rue du 11 Novembre 1918;18100;18279;Vierzon;;;2.063017;47.222006
18279_0980_00026;26;;Rue du Crot à Foulon;18100;18279;Vierzon;;;2.062965;47.230905
18279_3133_00056_b;56;b;Route de Tours;18100;18279;Vierzon;;;2.035481;47.236469
18279_0160_00006;6;;Rue Armand Bazile;18100;18279;Vierzon;;;2.070504;47.217905
18279_3222_00003;3;;Impasse de Vieilfond;18100;18279;Vierzon;;;2.065844;47.239365
18279_1790_00012;12;;Rue de l'Hospice;18100;18279;Vierzon;;;2.050973;47.226065
18279_2485_00014;14;;Rue du 11 Novembre 1918;18100;18279;Vierzon;;;2.065606;47.221554
18279_1530_00022;22;;Rue Georges Clémenceau;18100;18279;Vierzon;;;2.057025;47.215789
18279_0543_00005;5;;Petite Rue du Bourdoiseau;18100;18279;Vierzon;;;2.063931;47.232236
18279_2220_00012;12;;Rue du Maréchal Joffre;18100;18279;Vierzon;;;2.068612;47.223239
18279_0275_00027;27;;Rue Bara;18100;18279;Vierzon;;;2.044807;47.234007
18279_0085_00021;21;;Imp Ancienne Cite de la Verrerie;18100;18279;Vierzon;;;2.100434;47.210298
18279_0600_00036;36;;Petite Rue du Camp;18100;18279;Vierzon;;;2.064744;47.20706
18279_0590_00012_ter;12;ter;Rue Camille Desmoulins;18100;18279;Vierzon;;;2.063211;47.220922
18279_2260_00014;14;;Route de Méreau;18100;18279;Vierzon;;;2.062148;47.208916
18279_2735_00002;2;;Rue Pierre Ferdonnet;18100;18279;Vierzon;;;2.089645;47.2275
18279_0978_00006;6;;Passage du Crot à Foulon;18100;18279;Vierzon;;;2.063699;47.23018
18279_1230_00140;140;;Rue Etienne Marcel;18100;18279;Vierzon;;;2.106014;47.215331
18279_2870_00170;170;;Route de Puits Berteau;18100;18279;Vierzon;;;2.064474;47.239256
18279_0350_00022;22;;Rue Beau Site;18100;18279;Vierzon;;;2.072616;47.211924
18279_2850_00030;30;;Rue Proudhon;18100;18279;Vierzon;;;2.047999;47.2329
18279_0220_00010;10;;Rue Auber;18100;18279;Vierzon;;;2.082928;47.216439
18279_2290_00027;27;;Rue des Meunières;18100;18279;Vierzon;;;2.0552;47.234663
18279_2625_00042_bis;42;bis;Chemin du Perdrier;18100;18279;Vierzon;;;2.095733;47.227349
18279_1700_00028;28;;Rue Gustave Flourens;18100;18279;Vierzon;;;2.055681;47.231058
18279_0715_00003;3;;Chemin du Champ des Renards;18100;18279;Vierzon;;;2.093954;47.227819
18279_0215_00006;6;;Passage de l’Aubepine;18100;18279;Vierzon;;;2.046841;47.231259
18279_2206_00007;7;;Rue Maryse Bastié;18100;18279;Vierzon;;;2.064292;47.203379
18279_2260_00010;10;;Route de Méreau;18100;18279;Vierzon;;;2.06226;47.209183
18279_0030_00047;47;;Rue de l'Abricot;18100;18279;Vierzon;;;2.053892;47.220709
18279_1760_00003;3;;Rue d'Héry;18100;18279;Vierzon;;;2.069391;47.213875
18279_2309_00037;37;;Chemin des Millards;18100;18279;Vierzon;;;2.106023;47.234729
18279_2845_00007;7;;Passage Proudhon;18100;18279;Vierzon;;;2.049136;47.232706
18279_0085_00007;7;;Imp Ancienne Cite de la Verrerie;18100;18279;Vierzon;;;2.100838;47.21046
18279_2688_00028;28;;Rue Pierre Brossolette;18100;18279;Vierzon;;;2.07596;47.205246
18279_1172_00007;7;;Passage des Epinettes;18100;18279;Vierzon;;;2.070638;47.225583
18279_0714_00030;30;;Rue du Champ du Four;18100;18279;Vierzon;;;2.080459;47.23495
18279_0980_00008;8;;Rue du Crot à Foulon;18100;18279;Vierzon;;;2.064923;47.22995
18279_2870_00075;75;;Route de Puits Berteau;18100;18279;Vierzon;;;2.073577;47.236906
18279_3084_00009;9;;Chemin du Stade Constant Duval;18100;18279;Vierzon;;;2.057811;47.240284
18279_0450_00009;9;;Rue Blanche Baron;18100;18279;Vierzon;;;2.065605;47.222421
18279_3052_00003;3;;Route de Saint Lazare;18100;18279;Vierzon;;;2.097869;47.209025
18279_0170_00034;34;;Rue Armand Brunet;18100;18279;Vierzon;;;2.070297;47.221725
18279_0962_00012;12;;Chemin de la Croix;18100;18279;Vierzon;;;2.109014;47.230552
18279_2220_00011;11;;Rue du Maréchal Joffre;18100;18279;Vierzon;;;2.068897;47.223161
18279_1160_00022;22;;Rue Emile Zola;18100;18279;Vierzon;;;2.044707;47.22482
18279_1290_00072;72;;Rue Félix Pyat;18100;18279;Vierzon;;;2.085319;47.227453
18279_1020_00016;16;;Rue Descartes;18100;18279;Vierzon;;;2.080399;47.216289
18279_3280_00055;55;;Rue de Villeneuve;18100;18279;Vierzon;;;2.071066;47.210336
18279_0370_00005;5;;Route de Bellon;18100;18279;Vierzon;;;2.069743;47.214295
18279_0310_00105;105;;Rue du Bas de Grange;18100;18279;Vierzon;;;2.045607;47.225347
18279_3285_00023;23;;Rue Vincent Auriol;18100;18279;Vierzon;;;2.087386;47.199884
18279_3061_00011;11;;Boulevard Salvador Allende;18100;18279;Vierzon;;;2.084411;47.226768
18279_1128_00036;36;;Avenue Edouard Vaillant;18100;18279;Vierzon;;;2.061024;47.232097
18279_0743_00030;30;;Rue Charlotte Delbo;18100;18279;Vierzon;;;2.086599;47.222553
18279_3160_00022;22;;Rue du Val Fleury;18100;18279;Vierzon;;;2.070022;47.210976
18279_1065_00005;5;;Cour des Donneaux;18100;18279;Vierzon;;;2.044615;47.227221
18279_1255_00035;35;;Rue Evariste Galois;18100;18279;Vierzon;;;2.084634;47.201362
18279_0865_00004;4;;Rue du Colonel Fabien;18100;18279;Vierzon;;;2.064157;47.234427
18279_le1ny7_00005_a;5;a;Rue Jeanne Labourbe;18100;18279;Vierzon;;;2.058552;47.231159
18279_0030_00063;63;;Rue de l'Abricot;18100;18279;Vierzon;;;2.053524;47.221584
18279_0310_00016_k;16;k;Rue du Bas de Grange;18100;18279;Vierzon;;;2.055197;47.224442
18279_3133_00017;17;;Route de Tours;18100;18279;Vierzon;;;2.039045;47.233022
18279_2330_00098;98;;Rue Mirabeau;18100;18279;Vierzon;;;2.051438;47.209608
18279_0482_00019;19;;Rue du Bois d'Yèvre;18100;18279;Vierzon;;;2.069632;47.218081
18279_1128_00031;31;;Avenue Edouard Vaillant;18100;18279;Vierzon;;;2.061262;47.231531
18279_2950_00028;28;;Avenue de la République;18100;18279;Vierzon;;;2.065478;47.223255
18279_0417_00014;14;;Rue Berty Albrecht;18100;18279;Vierzon;;;2.056421;47.211902
18279_2040_00009;9;;Avenue Mal Philippe Leclerc de Ha;18100;18279;Vierzon;;;2.058833;47.209413
18279_1580_00017;17;;Rue du Grand Clement;18100;18279;Vierzon;;;2.072564;47.228243
18279_1375_00028;28;;Rue France Bloch-sérazin;18100;18279;Vierzon;;;2.077217;47.206223
18279_0435_00023;23;;Rue de Bitterfeld;18100;18279;Vierzon;;;2.0845;47.202986
18279_0370_00096_c;96;c;Route de Bellon;18100;18279;Vierzon;;;2.078749;47.208389
18279_1870_00083;83;;Rue Jean Jacques Rousseau;18100;18279;Vierzon;;;2.078635;47.217469
18279_2100_00053;53;;Rue des Longueraies;18100;18279;Vierzon;;;2.05846;47.234458
18279_3110_00007;7;;Rue des Terres Mortes;18100;18279;Vierzon;;;2.057034;47.207905
18279_1128_00113;113;;Avenue Edouard Vaillant;18100;18279;Vierzon;;;2.060979;47.238749
18279_3200_00007;7;;Rue du Verdin;18100;18279;Vierzon;;;2.0418;47.232919
18279_3310_00009;9;;Quai d'Yèvre;18100;18279;Vierzon;;;2.064709;47.21953
18279_1155_00041;41;;Rue Emile Desforges;18100;18279;Vierzon;;;2.084579;47.228661
18279_1362_00016;16;;Chemin des Fougeres;18100;18279;Vierzon;;;2.030683;47.240743
18279_2816_00015;15;;Passage du Pré d'Anet;18100;18279;Vierzon;;;2.075011;47.219729
18279_2995_00012;12;;Rue Roland Champenier;18100;18279;Vierzon;;;2.069372;47.238552
18279_1720_00072;72;;Rue Henri Barbusse;18100;18279;Vierzon;;;2.065021;47.235272
18279_0800_00005;5;;Quai du Cher;18100;18279;Vierzon;;;2.064121;47.216163
18279_2340_00011;11;;Rue Molière;18100;18279;Vierzon;;;2.065207;47.219072
18279_2290_00025;25;;Rue des Meunières;18100;18279;Vierzon;;;2.055543;47.234602
18279_0590_00008_a;8;a;Rue Camille Desmoulins;18100;18279;Vierzon;;;2.064109;47.220919
18279_0395_00016;16;;Rue Henri Bergson;18100;18279;Vierzon;;;2.094984;47.224925
18279_0460_00007;7;;Rue Blanqui;18100;18279;Vierzon;;;2.050315;47.227407
18279_2050_00008;8;;Rue Ledru Rollin;18100;18279;Vierzon;;;2.079081;47.216025
18279_1128_00017_bis;17;bis;Avenue Edouard Vaillant;18100;18279;Vierzon;;;2.061158;47.231695
18279_2210_00008_bis;8;bis;Place du Maréchal Foch;18100;18279;Vierzon;;;2.06725;47.222807
18279_1460_00005;5;;Rue Garibaldi;18100;18279;Vierzon;;;2.059841;47.222073
18279_1518_00003;3;;Impasse George Sand;18100;18279;Vierzon;;;2.066324;47.224602
18279_1250_00063;63;;Rue Eugène Pottier;18100;18279;Vierzon;;;2.098355;47.223805
18279_3280_00095_bis;95;bis;Rue de Villeneuve;18100;18279;Vierzon;;;2.06967;47.20776
18279_2058_00023;23;;Rue Léo Mérigot;18100;18279;Vierzon;;;2.050408;47.229107
18279_2845_00004;4;;Passage Proudhon;18100;18279;Vierzon;;;2.048973;47.232554
18279_1929_00005;5;;Impasse de Jérusalem;18100;18279;Vierzon;;;2.066579;47.21815
18279_1128_00117;117;;Avenue Edouard Vaillant;18100;18279;Vierzon;;;2.060968;47.238984
18279_1990_00006;6;;Rue Jules Louis Breton;18100;18279;Vierzon;;;2.074521;47.221218
18279_1650_00024;24;;Rue Grelon;18100;18279;Vierzon;;;2.061274;47.216166
18279_2945_00021;21;;Rue de Rendsburg;18100;18279;Vierzon;;;2.085409;47.199963
18279_1128_00076_b;76;b;Avenue Edouard Vaillant;18100;18279;Vierzon;;;2.060792;47.235299
18279_3207_01330;1330;;Rue du Vert Pommier;18100;18279;Vierzon;;;2.06696;47.224126
18279_0013_00001;1;;Rue Abbé Pierre;18100;18279;Vierzon;;;2.080307;47.234289
18279_0070_00012;12;;Rue Alphonse Pradat;18100;18279;Vierzon;;;2.047522;47.223478
18279_0150_00001;1;;Place Aristide Briand;18100;18279;Vierzon;;;2.06745;47.222195
18279_0310_00040;40;;Rue du Bas de Grange;18100;18279;Vierzon;;;2.052525;47.225321
18279_1230_00077_bis;77;bis;Rue Etienne Marcel;18100;18279;Vierzon;;;2.101965;47.216884
18279_1055_00031;31;;Avenue du 19 Mars 1962;18100;18279;Vierzon;;;2.092508;47.240496
18279_1530_00048;48;;Rue Georges Clémenceau;18100;18279;Vierzon;;;2.054512;47.215968
18279_1591_00008;8;;Chemin du Grand Orme;18100;18279;Vierzon;;;2.101912;47.230635
18279_1128_00069_bis;69;bis;Avenue Edouard Vaillant;18100;18279;Vierzon;;;2.061049;47.23453
18279_3047_00052;52;;Rue Saint Exupéry;18100;18279;Vierzon;;;2.067578;47.202594
18279_2648_00038;38;;Chemin de la Petite Noue;18100;18279;Vierzon;;;2.065842;47.203736
18279_1375_00044;44;;Rue France Bloch-sérazin;18100;18279;Vierzon;;;2.077025;47.205843
18279_2850_00036;36;;Rue Proudhon;18100;18279;Vierzon;;;2.047983;47.233481
18279_1170_00038;38;;Rue des Epinettes;18100;18279;Vierzon;;;2.069737;47.226589
18279_1549_00016;16;;Chemin de la Giraudiere;18100;18279;Vierzon;;;2.028857;47.234966
18279_2560_00037;37;;Rue Pasteur;18100;18279;Vierzon;;;2.087853;47.219641
18279_0568_00011_a;11;a;Chemin du Briou;18100;18279;Vierzon;;;2.085564;47.225319
18279_1870_00065_bis;65;bis;Rue Jean Jacques Rousseau;18100;18279;Vierzon;;;2.074548;47.218225
18279_1560_00003;3;;Rue Gourdon;18100;18279;Vierzon;;;2.068122;47.224285
18279_0568_00054;54;;Chemin du Briou;18100;18279;Vierzon;;;2.087776;47.226937
18279_1990_00064;64;;Rue Jules Louis Breton;18100;18279;Vierzon;;;2.082233;47.220261
18279_0660_00021;21;;Rue Célestin Gérard;18100;18279;Vierzon;;;2.053889;47.225321
18279_1160_00044;44;;Rue Emile Zola;18100;18279;Vierzon;;;2.041875;47.225313
18279_0512_00058;58;;Route de Bonègue;18100;18279;Vierzon;;;2.070087;47.248545
18279_671bao_00017;17;;avenue maréchal philippe leclerc de hauteclocque;18100;18279;Vierzon;;;2.056663;47.209053
18279_3280_00024;24;;Rue de Villeneuve;18100;18279;Vierzon;;;2.071675;47.212095
18279_1770_00017_bis;17;bis;Rue Honoré de Balzac;18100;18279;Vierzon;;;2.065753;47.211931
18279_1270_00024;24;;Petite Rue de Fay;18100;18279;Vierzon;;;2.050629;47.23703
18279_0951_00017;17;;Chemin des Grandes Crêles;18100;18279;Vierzon;;;2.070215;47.20148
18279_1128_00141;141;;Avenue Edouard Vaillant;18100;18279;Vierzon;;;2.060882;47.241051
18279_3160_00081;81;;Rue du Val Fleury;18100;18279;Vierzon;;;2.068261;47.207186
18279_1710_00005;5;;Rue Guy Môquet;18100;18279;Vierzon;;;2.075788;47.212256
18279_1840_00060_bis;60;bis;Rue Jean-baptiste Clément;18100;18279;Vierzon;;;2.072984;47.231262
18279_2461_00008;8;;Rue Nicolas Copernic;18100;18279;Vierzon;;;2.083196;47.234087
18279_2309_00025;25;;Chemin des Millards;18100;18279;Vierzon;;;2.103419;47.233327
18279_1128_00050_bis;50;bis;Avenue Edouard Vaillant;18100;18279;Vierzon;;;2.060911;47.233035
18279_2320_00020;20;;Rue Millière;18100;18279;Vierzon;;;2.050447;47.226099
18279_2560_00030;30;;Rue Pasteur;18100;18279;Vierzon;;;2.087235;47.219906
18279_0599_00003;3;;Chemin du Camp;18100;18279;Vierzon;;;2.063537;47.206605
18279_2688_00011;11;;Rue Pierre Brossolette;18100;18279;Vierzon;;;2.076475;47.204417
18279_3202_00065;65;;Avenue de Verdun;18100;18279;Vierzon;;;2.074934;47.226668
18279_3280_00033;33;;Rue de Villeneuve;18100;18279;Vierzon;;;2.071756;47.211415
18279_1020_00005_ter;5;ter;Rue Descartes;18100;18279;Vierzon;;;2.080643;47.216918
18279_2058_00035;35;;Rue Léo Mérigot;18100;18279;Vierzon;;;2.052942;47.227015
18279_0844_00012;12;;Impasse du Clos Chabot;18100;18279;Vierzon;;;2.080664;47.229391
18279_1155_00038;38;;Rue Emile Desforges;18100;18279;Vierzon;;;2.084491;47.228519
18279_1720_00074;74;;Rue Henri Barbusse;18100;18279;Vierzon;;;2.065676;47.236391
18279_0140_00033;33;;Rue Antonin Lerault;18100;18279;Vierzon;;;2.068823;47.214394
18279_1591_00015;15;;Chemin du Grand Orme;18100;18279;Vierzon;;;2.100948;47.231577
18279_3073_00028_bis;28;bis;Rue de la Société Française;18100;18279;Vierzon;;;2.055763;47.226139
18279_1840_00053;53;;Rue Jean-baptiste Clément;18100;18279;Vierzon;;;2.073907;47.231735
18279_0140_00019_b;19;b;Rue Antonin Lerault;18100;18279;Vierzon;;;2.068172;47.214893
18279_1375_00039;39;;Rue France Bloch-sérazin;18100;18279;Vierzon;;;2.077942;47.205782
18279_0710_00026_b;26;b;Rue du Champanet;18100;18279;Vierzon;;;2.063198;47.220565
18279_0745_00014;14;;Chemin de Charnay;18100;18279;Vierzon;;;2.027782;47.241553
18279_1370_00007;7;;Rue Fourier;18100;18279;Vierzon;;;2.060212;47.229973
18279_0445_00013_a;13;a;Chemin Blanc;18100;18279;Vierzon;;;2.054013;47.207031
18279_0390_00018;18;;Passage des Bergeries Ouest;18100;18279;Vierzon;;;2.050709;47.224204
18279_3202_00062_bis;62;bis;Avenue de Verdun;18100;18279;Vierzon;;;2.07509;47.225889
18279_0710_00052;52;;Rue du Champanet;18100;18279;Vierzon;;;2.061487;47.220301
18279_0310_00033;33;;Rue du Bas de Grange;18100;18279;Vierzon;;;2.056452;47.224172
18279_0972_00042;42;;Rue de la Croix Moreau;18100;18279;Vierzon;;;2.040068;47.226437
18279_2520_00014;14;;Rue du Panorama;18100;18279;Vierzon;;;2.069994;47.211933
18279_0963_00007;7;;Route de la Croix;18100;18279;Vierzon;;;2.098565;47.228391
18279_vf0i5v_00009;9;;Chemin rural Dit des Ajoncs;18100;18279;Vierzon;;;2.080797;47.237931
18279_1990_00008;8;;Rue Jules Louis Breton;18100;18279;Vierzon;;;2.074915;47.221216
18279_2795_00970_e;970;e;Rue des Ponts;18100;18279;Vierzon;;;2.066926;47.218578
18279_1750_00043;43;;Rue Henri Sellier;18100;18279;Vierzon;;;2.056047;47.217433
18279_1530_00018;18;;Rue Georges Clémenceau;18100;18279;Vierzon;;;2.057398;47.215722
18279_1194_00011;11;;Chemin de l’Etang du Verdin;18100;18279;Vierzon;;;2.04119;47.235709
18279_0482_00031_b;31;b;Rue du Bois d'Yèvre;18100;18279;Vierzon;;;2.069428;47.217487
18279_3202_00057;57;;Avenue de Verdun;18100;18279;Vierzon;;;2.07426;47.22613
18279_0963_00016;16;;Route de la Croix;18100;18279;Vierzon;;;2.098985;47.228395
18279_3280_00067;67;;Rue de Villeneuve;18100;18279;Vierzon;;;2.070676;47.209651
18279_1170_00032;32;;Rue des Epinettes;18100;18279;Vierzon;;;2.069629;47.226347
18279_0512_00046;46;;Route de Bonègue;18100;18279;Vierzon;;;2.076817;47.248897
18279_1870_00022;22;;Rue Jean Jacques Rousseau;18100;18279;Vierzon;;;2.073982;47.218401
18279_0140_00013_a;13;a;Rue Antonin Lerault;18100;18279;Vierzon;;;2.06746;47.21543
18279_1230_00088_a;88;a;Rue Etienne Marcel;18100;18279;Vierzon;;;2.100976;47.217116
18279_2743_00006;6;;Rue Pierre et Jean Serpaud;18100;18279;Vierzon;;;2.088224;47.241156
18279_1370_00002_a;2;a;Rue Fourier;18100;18279;Vierzon;;;2.060755;47.229658
18279_0890_00039;39;;Rue de la Convention;18100;18279;Vierzon;;;2.103498;47.219733
18279_2290_00015;15;;Rue des Meunières;18100;18279;Vierzon;;;2.056669;47.234393
18279_2608_00023;23;;Chemin des Peages;18100;18279;Vierzon;;;2.029145;47.225962
18279_1790_00014;14;;Rue de l'Hospice;18100;18279;Vierzon;;;2.050798;47.225969
18279_0030_00022;22;;Rue de l'Abricot;18100;18279;Vierzon;;;2.056225;47.220574
18279_2290_00026;26;;Rue des Meunières;18100;18279;Vierzon;;;2.054776;47.234902
18279_2870_00045;45;;Route de Puits Berteau;18100;18279;Vierzon;;;2.076362;47.236024
18279_3073_00016;16;;Rue de la Société Française;18100;18279;Vierzon;;;2.059654;47.224868
18279_0160_00095;95;;Rue Armand Bazile;18100;18279;Vierzon;;;2.080681;47.215012
18279_a150_00006;6;;Residence les Dumaines;18100;18279;Vierzon;;;2.093301;47.219709
18279_1591_00007;7;;Chemin du Grand Orme;18100;18279;Vierzon;;;2.101521;47.230539
18279_0290_00064;64;;Rue Barbès;18100;18279;Vierzon;;;2.057587;47.236607
18279_1144_00008;8;;Rue Elsa Triolet;18100;18279;Vierzon;;;2.083059;47.230083
18279_2410_00015;15;;Boulevard de la Nation;18100;18279;Vierzon;;;2.058818;47.215291
18279_0290_00052;52;;Rue Barbès;18100;18279;Vierzon;;;2.05604;47.235673
18279_0170_00064;64;;Rue Armand Brunet;18100;18279;Vierzon;;;2.073312;47.2213
18279_0095_00018;18;;Rue André Gide;18100;18279;Vierzon;;;2.09628;47.22283
18279_1510_00053;53;;Grande Rue de la Genette;18100;18279;Vierzon;;;2.053561;47.216371
18279_b2fplh_00012;12;;Residence Mermoz;18100;18279;Vierzon;;;2.062847;47.203148
18279_2390_00008;8;;Rue du Mouton;18100;18279;Vierzon;;;2.081855;47.230796
18279_0350_00042;42;;Rue Beau Site;18100;18279;Vierzon;;;2.071839;47.210546
18279_0120_00056;56;;Rue André Ribaud;18100;18279;Vierzon;;;2.068527;47.23228
18279_3133_00075;75;;Route de Tours;18100;18279;Vierzon;;;2.032597;47.235449
18279_2058_00021;21;;Rue Léo Mérigot;18100;18279;Vierzon;;;2.050286;47.229383
18279_0080_00089;89;;Rue Anatole France;18100;18279;Vierzon;;;2.051501;47.222312
18279_0495_00003;3;;Chemin des Grands Bois;18100;18279;Vierzon;;;2.051266;47.236378
18279_2025_00009;9;;avenue maréchal jean de lattre de tassigny;18100;18279;Vierzon;;;2.063778;47.209341
18279_1549_00032_bis;32;bis;Chemin de la Giraudiere;18100;18279;Vierzon;;;2.028817;47.237219
18279_0020_00008;8;;Chemin de l’Abricot;18100;18279;Vierzon;;;2.051354;47.220875
18279_0120_00007;7;;Rue André Ribaud;18100;18279;Vierzon;;;2.065554;47.22947
18279_0400_00033_bis;33;bis;Rue des Berlurettes;18100;18279;Vierzon;;;2.06418;47.237307
18279_3280_00096;96;;Rue de Villeneuve;18100;18279;Vierzon;;;2.069131;47.207566
18279_0980_00007;7;;Rue du Crot à Foulon;18100;18279;Vierzon;;;2.065011;47.229891
18279_0890_00009;9;;Rue de la Convention;18100;18279;Vierzon;;;2.101051;47.218265
18279_0714_00008_a;8;a;Rue du Champ du Four;18100;18279;Vierzon;;;2.08264;47.233754
18279_1065_00007;7;;Cour des Donneaux;18100;18279;Vierzon;;;2.044472;47.22735
18279_3310_00015;15;;Quai d'Yèvre;18100;18279;Vierzon;;;2.063698;47.219069
18279_1128_00001;1;;Avenue Edouard Vaillant;18100;18279;Vierzon;;;2.061333;47.229566
18279_0840_00015;15;;Rue Claude Michaud;18100;18279;Vierzon;;;2.066239;47.213848
18279_0120_00052;52;;Rue André Ribaud;18100;18279;Vierzon;;;2.0684;47.232099
18279_1670_00002_bis;2;bis;Rue du Gros Caillou;18100;18279;Vierzon;;;2.069154;47.22206
18279_0170_00055;55;;Rue Armand Brunet;18100;18279;Vierzon;;;2.072146;47.221315
18279_1870_00049;49;;Rue Jean Jacques Rousseau;18100;18279;Vierzon;;;2.073292;47.21847
18279_2770_00061_a;61;a;Rue de la Plaisance;18100;18279;Vierzon;;;2.095379;47.221659
18279_2890_00005;5;;Rue du Putet;18100;18279;Vierzon;;;2.05738;47.230014
18279_1929_00009;9;;Impasse de Jérusalem;18100;18279;Vierzon;;;2.066818;47.218187
18279_0420_00020;20;;Rue de la Bidauderie;18100;18279;Vierzon;;;2.07986;47.234684
18279_2155_00057_s;57;s;Avenue du 8 Mai 1945;18100;18279;Vierzon;;;2.079198;47.230959
18279_0963_00052;52;;Route de la Croix;18100;18279;Vierzon;;;2.108582;47.229192
18279_2200_00015_bis;15;bis;Rue Marcel Sembat;18100;18279;Vierzon;;;2.054231;47.228625
18279_2080_00096;96;;Route de la Loeuf;18100;18279;Vierzon;;;2.0301;47.213825
18279_3222_00018_a;18;a;Impasse de Vieilfond;18100;18279;Vierzon;;;2.06611;47.240733
18279_1250_00069;69;;Rue Eugène Pottier;18100;18279;Vierzon;;;2.098317;47.224197
18279_2610_00031;31;;Chemin des Pelles;18100;18279;Vierzon;;;2.041722;47.222723
18279_1290_00002_bis;2;bis;Rue Félix Pyat;18100;18279;Vierzon;;;2.080285;47.230277
18279_1308_00009;9;;Impasse des Feuillures;18100;18279;Vierzon;;;2.065149;47.211075
18279_1560_00026_bis;26;bis;Rue Gourdon;18100;18279;Vierzon;;;2.065385;47.224504
18279_0435_00031;31;;Rue de Bitterfeld;18100;18279;Vierzon;;;2.085084;47.202591
18279_0385_00006;6;;Chemin des Bergeries;18100;18279;Vierzon;;;2.054451;47.223484
18279_0060_00003;3;;Rue Alphonse Daudet;18100;18279;Vierzon;;;2.078751;47.217207
18279_1950_00051;51;;Avenue du Jonc;18100;18279;Vierzon;;;2.068659;47.209821
18279_2390_00026;26;;Rue du Mouton;18100;18279;Vierzon;;;2.083798;47.230007
18279_2270_00004;4;;Rue Meunier;18100;18279;Vierzon;;;2.045698;47.23025
18279_0968_00012;12;;Impasse de la Croix Moreau;18100;18279;Vierzon;;;2.032394;47.226529
18279_0415_00003;3;;Rue Bernard Dumont;18100;18279;Vierzon;;;2.071253;47.206879
18279_3251_00019;19;;Rue du Village Aubry;18100;18279;Vierzon;;;2.100102;47.218197
18279_1142_00018;18;;Rue Elisee Reclus;18100;18279;Vierzon;;;2.082227;47.202557
18279_1915_00018;18;;Rue Jean Vilar;18100;18279;Vierzon;;;2.08344;47.200223
18279_2679_00007;7;;Chemin de la Picardière;18100;18279;Vierzon;;;2.125996;47.2398
18279_0440_00011;11;;Rue Blaise Pascal;18100;18279;Vierzon;;;2.075487;47.216826
18279_1128_00015_l;15;l;Avenue Edouard Vaillant;18100;18279;Vierzon;;;2.062216;47.230267
18279_2620_00051;51;;Rue des Pentecotes;18100;18279;Vierzon;;;2.0586;47.228637
18279_2055_00005;5;;Rue Lénine;18100;18279;Vierzon;;;2.064256;47.232804
18279_2720_00049;49;;Rue Pierre Dupont;18100;18279;Vierzon;;;2.042514;47.237777
18279_3047_00060;60;;Rue Saint Exupéry;18100;18279;Vierzon;;;2.067363;47.201845
18279_0215_00012;12;;Passage de l’Aubepine;18100;18279;Vierzon;;;2.047347;47.231738
18279_0370_00098_b;98;b;Route de Bellon;18100;18279;Vierzon;;;2.078591;47.207996
18279_0170_00044;44;;Rue Armand Brunet;18100;18279;Vierzon;;;2.070821;47.221601
18279_671bao_00018;18;;avenue maréchal philippe leclerc de hauteclocque;18100;18279;Vierzon;;;2.056643;47.209347
18279_0417_00029;29;;Rue Berty Albrecht;18100;18279;Vierzon;;;2.054776;47.210185
18279_3180_00015;15;;Rue Van Craeynest;18100;18279;Vierzon;;;2.064787;47.20947
18279_1250_00036_c;36;c;Rue Eugène Pottier;18100;18279;Vierzon;;;2.09862;47.222076
18279_1128_00073;73;;Avenue Edouard Vaillant;18100;18279;Vierzon;;;2.061037;47.23483
18279_3133_00101;101;;Route de Tours;18100;18279;Vierzon;;;2.024672;47.239063
18279_2910_01015;1015;;Avenue du 14 Juillet;18100;18279;Vierzon;;;2.064549;47.21508
18279_1128_00098;98;;Avenue Edouard Vaillant;18100;18279;Vierzon;;;2.060754;47.236864
18279_1732_00014;14;;Square Henriette Dumuin;18100;18279;Vierzon;;;2.078375;47.203203
18279_0160_00079;79;;Rue Armand Bazile;18100;18279;Vierzon;;;2.077388;47.215934
18279_1128_00070;70;;Avenue Edouard Vaillant;18100;18279;Vierzon;;;2.060839;47.23487
18279_2055_00007;7;;Rue Lénine;18100;18279;Vierzon;;;2.064092;47.232817
18279_2406_00014;14;;Impasse Mozart;18100;18279;Vierzon;;;2.078878;47.231161
18279_1518_00009;9;;Impasse George Sand;18100;18279;Vierzon;;;2.066407;47.224883
18279_a210_00015;15;;Residence de la Foret;18100;18279;Vierzon;;;2.063801;47.238285
18279_3202_00013;13;;Avenue de Verdun;18100;18279;Vierzon;;;2.072589;47.224841
18279_2430_00006;6;;Rue Urbain Nègre;18100;18279;Vierzon;;;2.08084;47.226906
18279_1720_00006_a;6;a;Rue Henri Barbusse;18100;18279;Vierzon;;;2.063993;47.229465
18279_0uduo0_00011;11;;Chemin du Jouffroy;18100;18279;Vierzon;;;2.104261;47.222932
18279_3020_00005;5;;Rue de Ronvaux;18100;18279;Vierzon;;;2.053761;47.226112
18279_1950_00011;11;;Avenue du Jonc;18100;18279;Vierzon;;;2.06463;47.210426
18279_0650_00026;26;;Rue du Cavalier;18100;18279;Vierzon;;;2.064604;47.226238
18279_1128_00069_ter;69;ter;Avenue Edouard Vaillant;18100;18279;Vierzon;;;2.061049;47.234519
18279_0025_00007;7;;Passage de l’Abricot;18100;18279;Vierzon;;;2.054529;47.220082
18279_0497_00054;54;;Chemin de Bois Marteau;18100;18279;Vierzon;;;2.048573;47.24246
18279_2180_00039;39;;Rue Marcel Cachin;18100;18279;Vierzon;;;2.088908;47.229006
18279_0220_00008;8;;Rue Auber;18100;18279;Vierzon;;;2.083063;47.216693
18279_1020_00005;5;;Rue Descartes;18100;18279;Vierzon;;;2.080885;47.217396
18279_3133_00096_bis;96;bis;Route de Tours;18100;18279;Vierzon;;;2.026562;47.239041
18279_1115_00005;5;;Rue Edmond Rostand;18100;18279;Vierzon;;;2.076767;47.200431
18279_0740_00025;25;;Rue Charles Hurvoy;18100;18279;Vierzon;;;2.068689;47.227617
18279_3160_00044;44;;Rue du Val Fleury;18100;18279;Vierzon;;;2.068971;47.209143
18279_1720_00042;42;;Rue Henri Barbusse;18100;18279;Vierzon;;;2.064684;47.231718
18279_2735_00009;9;;Rue Pierre Ferdonnet;18100;18279;Vierzon;;;2.090373;47.227444
18279_2770_00054;54;;Rue de la Plaisance;18100;18279;Vierzon;;;2.095814;47.221239
18279_1060_00003;3;;Rue du Docteur Lobligeois;18100;18279;Vierzon;;;2.059431;47.216683
18279_1940_00016;16;;Rue Joliot Curie;18100;18279;Vierzon;;;2.073997;47.209248
18279_1360_00017;17;;Impasse des Fossés;18100;18279;Vierzon;;;2.068476;47.224073
18279_0387_00014;14;;Passage des Bergeries;18100;18279;Vierzon;;;2.050439;47.22471
18279_0082_00013;13;;Petite Rue Anatole France;18100;18279;Vierzon;;;2.049682;47.220451
18279_3170_00006_bis;6;bis;Rue de Valmy;18100;18279;Vierzon;;;2.067482;47.2191
18279_1000_00014;14;;Rue Danton;18100;18279;Vierzon;;;2.048014;47.227101
18279_2155_00095_b;95;b;Avenue du 8 Mai 1945;18100;18279;Vierzon;;;2.085707;47.236267
18279_2795_00015;15;;Rue des Ponts;18100;18279;Vierzon;;;2.066814;47.219627
18279_2206_00005;5;;Rue Maryse Bastié;18100;18279;Vierzon;;;2.064588;47.203384
18279_2845_00018;18;;Passage Proudhon;18100;18279;Vierzon;;;2.049197;47.232884
18279_1732_00056;56;;Square Henriette Dumuin;18100;18279;Vierzon;;;2.079963;47.201653
18279_2870_00011;11;;Route de Puits Berteau;18100;18279;Vierzon;;;2.078901;47.233446
18279_1128_00016;16;;Avenue Edouard Vaillant;18100;18279;Vierzon;;;2.060997;47.230793
18279_1285_00019;19;;Rue Federico Garcia Lorca;18100;18279;Vierzon;;;2.085677;47.199312
18279_2620_00041_a;41;a;Rue des Pentecotes;18100;18279;Vierzon;;;2.058748;47.228352
18279_0310_00022_bis;22;bis;Rue du Bas de Grange;18100;18279;Vierzon;;;2.054449;47.225028
18279_1230_00110;110;;Rue Etienne Marcel;18100;18279;Vierzon;;;2.102138;47.21674
18279_1730_00024;24;;Avenue Henri Brisson;18100;18279;Vierzon;;;2.061083;47.228297
18279_3222_00014;14;;Impasse de Vieilfond;18100;18279;Vierzon;;;2.066247;47.241027
18279_1520_00021_bis;21;bis;Rue George Sand;18100;18279;Vierzon;;;2.066821;47.227228
18279_2390_00040;40;;Rue du Mouton;18100;18279;Vierzon;;;2.084451;47.230526
18279_1526_00002;2;;Square Georges Brassens;18100;18279;Vierzon;;;2.077657;47.20155
18279_1290_00133;133;;Rue Félix Pyat;18100;18279;Vierzon;;;2.090189;47.22884
18279_1440_00007;7;;Rue Gambetta;18100;18279;Vierzon;;;2.096844;47.220833
18279_1255_00021;21;;Rue Evariste Galois;18100;18279;Vierzon;;;2.084777;47.201971
18279_2155_00071;71;;Avenue du 8 Mai 1945;18100;18279;Vierzon;;;2.083501;47.233415
18279_2055_00013_a;13;a;Rue Lénine;18100;18279;Vierzon;;;2.063734;47.232879
18279_3115_00076;76;;Chemin des Terres du Verdin;18100;18279;Vierzon;;;2.031386;47.238528
18279_1250_00074;74;;Rue Eugène Pottier;18100;18279;Vierzon;;;2.098624;47.222267
18279_3086_00041;41;;Impasse Suzanne Masson;18100;18279;Vierzon;;;2.078828;47.205208
18279_2080_00108;108;;Route de la Loeuf;18100;18279;Vierzon;;;2.029581;47.212655
18279_1128_01625;1625;;Avenue Edouard Vaillant;18100;18279;Vierzon;;;2.060665;47.241394
18279_1870_00055_bis;55;bis;Rue Jean Jacques Rousseau;18100;18279;Vierzon;;;2.073909;47.218253
18279_0260_00011;11;;Petite Rue Babeuf;18100;18279;Vierzon;;;2.045525;47.235129
18279_0120_00101;101;;Rue André Ribaud;18100;18279;Vierzon;;;2.072037;47.234629
18279_1750_00021;21;;Rue Henri Sellier;18100;18279;Vierzon;;;2.054587;47.217561
18279_0120_00053;53;;Rue André Ribaud;18100;18279;Vierzon;;;2.067765;47.232147
18279_0120_00150;150;;Rue André Ribaud;18100;18279;Vierzon;;;2.075501;47.236358
18279_3160_00056;56;;Rue du Val Fleury;18100;18279;Vierzon;;;2.068518;47.208399
18279_2190_00056;56;;Rue Marcel Perrin;18100;18279;Vierzon;;;2.070823;47.22659
18279_0170_00022;22;;Rue Armand Brunet;18100;18279;Vierzon;;;2.06939;47.221939
18279_1110_00011;11;;Rue Edgar Quinet;18100;18279;Vierzon;;;2.066206;47.223682
18279_1810_00008;8;;Rue de l'Ile du Cher;18100;18279;Vierzon;;;2.065117;47.21711
18279_0890_00053_bis;53;bis;Rue de la Convention;18100;18279;Vierzon;;;2.104931;47.220277
18279_1230_00121;121;;Rue Etienne Marcel;18100;18279;Vierzon;;;2.106671;47.215599
18279_3150_00018;18;;Place Vaillant Couturier;18100;18279;Vierzon;;;2.070013;47.223597
18279_1940_00028;28;;Rue Joliot Curie;18100;18279;Vierzon;;;2.074167;47.209667
18279_1380_00012;12;;Rue des Francs Tireurs;18100;18279;Vierzon;;;2.105607;47.217722
18279_1220_00027;27;;Rue Etienne Dolet;18100;18279;Vierzon;;;2.101723;47.213947
18279_3133_00089;89;;Route de Tours;18100;18279;Vierzon;;;2.03023;47.238257
18279_0190_00099;99;;Rue de l'Armistice;18100;18279;Vierzon;;;2.055357;47.216463
18279_1929_00011;11;;Impasse de Jérusalem;18100;18279;Vierzon;;;2.066852;47.218193
18279_1830_00014;14;;Rue Jacques Decour;18100;18279;Vierzon;;;2.089297;47.229602
18279_1732_00026;26;;Square Henriette Dumuin;18100;18279;Vierzon;;;2.077874;47.202504
18279_0275_00018;18;;Rue Bara;18100;18279;Vierzon;;;2.04515;47.233132
18279_1128_00157;157;;Avenue Edouard Vaillant;18100;18279;Vierzon;;;2.060802;47.242917
18279_p07zqe_00053;53;;Chemin du Pre d’Anet;18100;18279;Vierzon;;;2.080074;47.218702
18279_0uduo0_00001_bis;1;bis;Chemin du Jouffroy;18100;18279;Vierzon;;;2.105715;47.220892
18279_2910_00080;80;;Avenue du 14 Juillet;18100;18279;Vierzon;;;2.062979;47.210546
18279_0310_00063;63;;Rue du Bas de Grange;18100;18279;Vierzon;;;2.053111;47.224462
18279_0942_00019;19;;Impasse de la Craillo;18100;18279;Vierzon;;;2.067432;47.236115
18279_1250_00144_b;144;b;Rue Eugène Pottier;18100;18279;Vierzon;;;2.098001;47.22784
18279_0800_00007;7;;Quai du Cher;18100;18279;Vierzon;;;2.063921;47.216205
18279_1580_00030;30;;Rue du Grand Clement;18100;18279;Vierzon;;;2.072406;47.228545
18279_2993_00007;7;;Rue Roger Faletto;18100;18279;Vierzon;;;2.08711;47.200148
18279_1536_00014;14;;Rue Georges Politzer;18100;18279;Vierzon;;;2.077768;47.203874
18279_2155_00060;60;;Avenue du 8 Mai 1945;18100;18279;Vierzon;;;2.078469;47.229294
18279_3280_00028;28;;Rue de Villeneuve;18100;18279;Vierzon;;;2.071454;47.211793
18279_2501_00015;15;;Rue Pablo Casals;18100;18279;Vierzon;;;2.082755;47.20123
18279_0568_00044;44;;Chemin du Briou;18100;18279;Vierzon;;;2.086127;47.225658
18279_0968_00014;14;;Impasse de la Croix Moreau;18100;18279;Vierzon;;;2.031386;47.226545
18279_3060_00002_bis;2;bis;Rue du Sergent Bobillot;18100;18279;Vierzon;;;2.048755;47.229814
18279_0350_00002;2;;Rue Beau Site;18100;18279;Vierzon;;;2.07355;47.213373
18279_3133_00103;103;;Route de Tours;18100;18279;Vierzon;;;2.024725;47.239056
18279_1210_00003;3;;Rue Etienne Desroches;18100;18279;Vierzon;;;2.099466;47.221563
18279_0075_00026;26;;Rue Ambroise Croizat;18100;18279;Vierzon;;;2.06991;47.237109
18279_1821_00011;11;;Rue Jacqueline Auriol;18100;18279;Vierzon;;;2.064561;47.20241
18279_2770_00065;65;;Rue de la Plaisance;18100;18279;Vierzon;;;2.095995;47.221429
18279_0726_00009;9;;Rue Baudelaire;18100;18279;Vierzon;;;2.083817;47.19864
18279_0310_00016_c;16;c;Rue du Bas de Grange;18100;18279;Vierzon;;;2.055388;47.224399
18279_1750_00009;9;;Rue Henri Sellier;18100;18279;Vierzon;;;2.054918;47.217887
18279_2870_00154;154;;Route de Puits Berteau;18100;18279;Vierzon;;;2.067212;47.238517
18279_1990_00023;23;;Rue Jules Louis Breton;18100;18279;Vierzon;;;2.077206;47.221006
18279_0866_00028;28;;Avenue du Colonel Manhes;18100;18279;Vierzon;;;2.079643;47.22332
18279_2743_00010;10;;Rue Pierre et Jean Serpaud;18100;18279;Vierzon;;;2.088224;47.241156
18279_2302_00005;5;;Rue Michel Lucas;18100;18279;Vierzon;;;2.084433;47.230882
18279_1220_00029;29;;Rue Etienne Dolet;18100;18279;Vierzon;;;2.101601;47.213765
18279_2410_00038;38;;Boulevard de la Nation;18100;18279;Vierzon;;;2.058243;47.214098
18279_0290_00057;57;;Rue Barbès;18100;18279;Vierzon;;;2.055322;47.235469
18279_1320_00060;60;;Route de Foëcy;18100;18279;Vierzon;;;2.105443;47.207666
18279_1980_00020;20;;Rue Jules Guesde;18100;18279;Vierzon;;;2.048194;47.227451
18279_0460_00023;23;;Rue Blanqui;18100;18279;Vierzon;;;2.048998;47.225921
18279_1569_00001_bis;1;bis;Chemin de Grands Champs;18100;18279;Vierzon;;;2.085533;47.247299
18279_1145_00011;11;;Rue Emile Accolas;18100;18279;Vierzon;;;2.062581;47.231796
18279_2472_00044;44;;Route des Noues;18100;18279;Vierzon;;;2.045328;47.210827
18279_2472_00060;60;;Route des Noues;18100;18279;Vierzon;;;2.043499;47.211415
18279_2795_00011;11;;Rue des Ponts;18100;18279;Vierzon;;;2.066848;47.219693
18279_0110_00048;48;;Rue André Hènault;18100;18279;Vierzon;;;2.059163;47.215303
18279_0417_00019;19;;Rue Berty Albrecht;18100;18279;Vierzon;;;2.056125;47.210678
18279_1834_00007;7;;Rue Jacques Richard;18100;18279;Vierzon;;;2.080589;47.200339
18279_0740_00065;65;;Rue Charles Hurvoy;18100;18279;Vierzon;;;2.064829;47.228756
18279_3207_00011_a;11;a;Rue du Vert Pommier;18100;18279;Vierzon;;;2.066759;47.224172
18279_2290_00011;11;;Rue des Meunières;18100;18279;Vierzon;;;2.05713;47.234271
18279_0465_00014;14;;Route du Bois Blanc;18100;18279;Vierzon;;;2.111238;47.203781
18279_1536_00023;23;;Rue Georges Politzer;18100;18279;Vierzon;;;2.079747;47.204202
18279_3047_01265;1265;;Rue Saint Exupéry;18100;18279;Vierzon;;;2.068736;47.205972
18279_2870_00175;175;;Route de Puits Berteau;18100;18279;Vierzon;;;2.063052;47.239548
18279_0495_00020;20;;Chemin des Grands Bois;18100;18279;Vierzon;;;2.052717;47.237429
18279_0120_00054_a;54;a;Rue André Ribaud;18100;18279;Vierzon;;;2.068595;47.232148
18279_1220_00031;31;;Rue Etienne Dolet;18100;18279;Vierzon;;;2.101382;47.213425
18279_0435_00022;22;;Rue de Bitterfeld;18100;18279;Vierzon;;;2.085164;47.202247
18279_1170_00024;24;;Rue des Epinettes;18100;18279;Vierzon;;;2.069272;47.225677
18279_1720_00021;21;;Rue Henri Barbusse;18100;18279;Vierzon;;;2.064334;47.230858
18279_2220_00018;18;;Rue du Maréchal Joffre;18100;18279;Vierzon;;;2.068816;47.223236
18279_1535_00082;82;;Rue Georges Fauconnier;18100;18279;Vierzon;;;2.067443;47.239126
18279_2950_00006;6;;Avenue de la République;18100;18279;Vierzon;;;2.067073;47.222522
18279_1290_00112;112;;Rue Félix Pyat;18100;18279;Vierzon;;;2.089753;47.227957
18279_2155_00040;40;;Avenue du 8 Mai 1945;18100;18279;Vierzon;;;2.077711;47.228707
18279_2330_00027;27;;Rue Mirabeau;18100;18279;Vierzon;;;2.054597;47.211388
18279_2105_00006;6;;Petite Rue des Longueraies;18100;18279;Vierzon;;;2.058805;47.236266
18279_1229_00002_bis;2;bis;Impasse Etienne Marcel;18100;18279;Vierzon;;;2.101179;47.217349
18279_1490_00013;13;;Chemin des Gaudrets;18100;18279;Vierzon;;;2.088698;47.221839
18279_a210_00005;5;;Residence de la Foret;18100;18279;Vierzon;;;2.064219;47.238667
18279_0042_00014;14;;Chemin des Ajoncs;18100;18279;Vierzon;;;2.080572;47.238792
18279_1875_00004;4;;Rue Jean Giono;18100;18279;Vierzon;;;2.077775;47.209434
18279_0710_00054;54;;Rue du Champanet;18100;18279;Vierzon;;;2.06135;47.2203
18279_1055_00014;14;;Avenue du 19 Mars 1962;18100;18279;Vierzon;;;2.090535;47.238812
18279_0710_00061;61;;Rue du Champanet;18100;18279;Vierzon;;;2.05875;47.220107
18279_3076_00023;23;;Route des Souchènes;18100;18279;Vierzon;;;2.029437;47.214047
18279_1840_00013_b;13;b;Rue Jean-baptiste Clément;18100;18279;Vierzon;;;2.070746;47.228012
18279_1190_00016;16;;Quai de l’Etang;18100;18279;Vierzon;;;2.103911;47.214766
18279_1128_00109;109;;Avenue Edouard Vaillant;18100;18279;Vierzon;;;2.061;47.238292
18279_1128_00004;4;;Avenue Edouard Vaillant;18100;18279;Vierzon;;;2.061034;47.229998
18279_2714_00024;24;;Allée Pierre de Coubertin;18100;18279;Vierzon;;;2.076975;47.208722
18279_1375_00022;22;;Rue France Bloch-sérazin;18100;18279;Vierzon;;;2.077457;47.20649
18279_0850_00010;10;;Rue Cognacq Jay;18100;18279;Vierzon;;;2.05804;47.216856
18279_0395_00020;20;;Rue Henri Bergson;18100;18279;Vierzon;;;2.094459;47.224941
18279_0310_00107;107;;Rue du Bas de Grange;18100;18279;Vierzon;;;2.045427;47.225368
18279_1535_00017;17;;Rue Georges Fauconnier;18100;18279;Vierzon;;;2.069872;47.239199
18279_2390_00003;3;;Rue du Mouton;18100;18279;Vierzon;;;2.083117;47.231172
18279_1929_00004;4;;Impasse de Jérusalem;18100;18279;Vierzon;;;2.066527;47.218139
18279_0030_00025;25;;Rue de l'Abricot;18100;18279;Vierzon;;;2.055698;47.220571
18279_2080_00089;89;;Route de la Loeuf;18100;18279;Vierzon;;;2.031675;47.215417
18279_2870_00157;157;;Route de Puits Berteau;18100;18279;Vierzon;;;2.064847;47.238954
18279_2220_00063_a;63;a;Rue du Maréchal Joffre;18100;18279;Vierzon;;;2.070715;47.222907
18279_0980_00009;9;;Rue du Crot à Foulon;18100;18279;Vierzon;;;2.064653;47.229953
18279_0710_00053;53;;Rue du Champanet;18100;18279;Vierzon;;;2.059402;47.220279
18279_0052_00031;31;;Rue Albert et Paul Thouvenin;18100;18279;Vierzon;;;2.111215;47.207174
18279_1940_00034;34;;Rue Joliot Curie;18100;18279;Vierzon;;;2.074357;47.209875
18279_1990_00014_b;14;b;Rue Jules Louis Breton;18100;18279;Vierzon;;;2.075304;47.2212
18279_0120_00022;22;;Rue André Ribaud;18100;18279;Vierzon;;;2.066263;47.230019
18279_3197_00005;5;;Levee de l’Etang du Verdin;18100;18279;Vierzon;;;2.04388;47.234373
18279_3222_00030;30;;Impasse de Vieilfond;18100;18279;Vierzon;;;2.067392;47.243173
18279_1775_00016;16;;Rue des Hortensias;18100;18279;Vierzon;;;2.053348;47.233215
18279_3060_00019;19;;Rue du Sergent Bobillot;18100;18279;Vierzon;;;2.047503;47.228721
18279_0140_00016_b;16;b;Rue Antonin Lerault;18100;18279;Vierzon;;;2.068703;47.215028
18279_1715_00004;4;;Allee Hoche;18100;18279;Vierzon;;;2.045914;47.227498
18279_a255_00004;4;;Residence d’Hery;18100;18279;Vierzon;;;2.074144;47.208929
18279_3226_00025_b;25;b;Route du Vieux Domaine;18100;18279;Vierzon;;;2.09322;47.214845
18279_1400_00004;4;;Place Gabriel Péri;18100;18279;Vierzon;;;2.062616;47.224978
18279_2070_00042;42;;Boulevard de la Liberté;18100;18279;Vierzon;;;2.063891;47.227267
18279_2980_00021;21;;Rue Riparia;18100;18279;Vierzon;;;2.060022;47.213299
18279_1450_00032;32;;Rue Gambon;18100;18279;Vierzon;;;2.074433;47.227005
18279_1300_00029;29;;Rue Fernand Léger;18100;18279;Vierzon;;;2.08574;47.228173
18279_2870_00120;120;;Route de Puits Berteau;18100;18279;Vierzon;;;2.070732;47.23756
18279_1550_00001;1;;Petit Chemin de la Giraudiere;18100;18279;Vierzon;;;2.031775;47.236707
18279_0350_00003;3;;Rue Beau Site;18100;18279;Vierzon;;;2.073681;47.213213
18279_0691_00016;16;;Passage du Chambon;18100;18279;Vierzon;;;2.054909;47.222723
18279_3150_00017_a;17;a;Place Vaillant Couturier;18100;18279;Vierzon;;;2.069119;47.223133
18279_1877_00037;37;;Avenue Jean Jaurès;18100;18279;Vierzon;;;2.04606;47.230752
18279_2260_00049;49;;Route de Méreau;18100;18279;Vierzon;;;2.060997;47.205769
18279_3133_00016;16;;Route de Tours;18100;18279;Vierzon;;;2.039255;47.233051
18279_3226_00027;27;;Route du Vieux Domaine;18100;18279;Vierzon;;;2.092905;47.211623
18279_2320_00031;31;;Rue Millière;18100;18279;Vierzon;;;2.05014;47.226698
18279_2211_00005_bis;5;bis;rue du maréchal foch;18100;18279;Vierzon;;;2.067744;47.222787
18279_2748_00044;44;;Chemin des Pillots;18100;18279;Vierzon;;;2.051521;47.214106
18279_1290_00150_bis;150;bis;Rue Félix Pyat;18100;18279;Vierzon;;;2.094025;47.228083
18279_3207_00006;6;;Rue du Vert Pommier;18100;18279;Vierzon;;;2.067121;47.223915
18279_1120_00023_ter;23;ter;Rue Edouard Branly;18100;18279;Vierzon;;;2.104243;47.218337
18279_3133_01615;1615;;Route de Tours;18100;18279;Vierzon;;;2.037569;47.233593
18279_3137_00014;14;;Rue du Travail;18100;18279;Vierzon;;;2.043168;47.23228
18279_2069_00001;1;;Place de la Libération;18100;18279;Vierzon;;;2.065044;47.218313
18279_0120_00141;141;;Rue André Ribaud;18100;18279;Vierzon;;;2.075439;47.236419
18279_2000_00004_a;4;a;Rue Jules Vallès;18100;18279;Vierzon;;;2.066198;47.21923
18279_1366_00017;17;;Cours de Fougery;18100;18279;Vierzon;;;2.072705;47.234363
18279_0100_00047;47;;Rue André Guillemain;18100;18279;Vierzon;;;2.080742;47.213903
18279_0125_00002;2;;Rue Anne Franck;18100;18279;Vierzon;;;2.080178;47.232365
18279_1240_00056;56;;Rue Etienne Nivet;18100;18279;Vierzon;;;2.083745;47.221456
18279_2930_00035_a;35;a;Rue Raspail;18100;18279;Vierzon;;;2.075107;47.223479
18279_3088_00005;5;;Place du Tacot;18100;18279;Vierzon;;;2.043643;47.229446
18279_1530_00034;34;;Rue Georges Clémenceau;18100;18279;Vierzon;;;2.055618;47.215931
18279_0568_00014;14;;Chemin du Briou;18100;18279;Vierzon;;;2.086043;47.224663
18279_0170_00052;52;;Rue Armand Brunet;18100;18279;Vierzon;;;2.07225;47.221388
18279_0568_00050;50;;Chemin du Briou;18100;18279;Vierzon;;;2.087058;47.226399
18279_1650_00014;14;;Rue Grelon;18100;18279;Vierzon;;;2.062014;47.216053
18279_2015_00004;4;;Impasse Kléber;18100;18279;Vierzon;;;2.057219;47.215295
18279_2648_00024;24;;Chemin de la Petite Noue;18100;18279;Vierzon;;;2.063771;47.204082
18279_3046_00008;8;;Chemin des Sables de Saint Prié;18100;18279;Vierzon;;;2.038355;47.232451
18279_2025_00018;18;;avenue maréchal jean de lattre de tassigny;18100;18279;Vierzon;;;2.064696;47.208708
18279_1536_00012;12;;Rue Georges Politzer;18100;18279;Vierzon;;;2.077884;47.203979
18279_1938_00009;9;;Chemin des Joffrois;18100;18279;Vierzon;;;2.105202;47.222599
18279_2080_00101;101;;Route de la Loeuf;18100;18279;Vierzon;;;2.030492;47.214388
18279_3150_00026;26;;Place Vaillant Couturier;18100;18279;Vierzon;;;2.07073;47.223372
18279_0495_00032;32;;Chemin des Grands Bois;18100;18279;Vierzon;;;2.051839;47.237906
18279_2870_00025;25;;Route de Puits Berteau;18100;18279;Vierzon;;;2.077749;47.234765
18279_1450_00010;10;;Rue Gambon;18100;18279;Vierzon;;;2.072245;47.227128
18279_1875_00009;9;;Rue Jean Giono;18100;18279;Vierzon;;;2.077806;47.209145
18279_0052_00016;16;;Rue Albert et Paul Thouvenin;18100;18279;Vierzon;;;2.109307;47.207778
18279_2100_00017;17;;Rue des Longueraies;18100;18279;Vierzon;;;2.057944;47.231928
18279_3086_00003;3;;Impasse Suzanne Masson;18100;18279;Vierzon;;;2.078347;47.205551
18279_3084_00025_a;25;a;Chemin du Stade Constant Duval;18100;18279;Vierzon;;;2.056193;47.241524
18279_1910_00001;1;;Rue Jean Racine;18100;18279;Vierzon;;;2.0466;47.232995
18279_1128_00044_b;44;b;Avenue Edouard Vaillant;18100;18279;Vierzon;;;2.060935;47.232419
18279_2410_00019;19;;Boulevard de la Nation;18100;18279;Vierzon;;;2.058627;47.215138
18279_2870_00039;39;;Route de Puits Berteau;18100;18279;Vierzon;;;2.076686;47.235757
18279_1110_00007;7;;Rue Edgar Quinet;18100;18279;Vierzon;;;2.066161;47.223535
18279_2950_00025;25;;Avenue de la République;18100;18279;Vierzon;;;2.065657;47.223068
18279_1060_00004;4;;Rue du Docteur Lobligeois;18100;18279;Vierzon;;;2.059699;47.216691
18279_2560_00024_e;24;e;Rue Pasteur;18100;18279;Vierzon;;;2.086444;47.219883
18279_1770_00022;22;;Rue Honoré de Balzac;18100;18279;Vierzon;;;2.064621;47.212421
18279_2520_00012;12;;Rue du Panorama;18100;18279;Vierzon;;;2.070026;47.21203
18279_0100_00009;9;;Rue André Guillemain;18100;18279;Vierzon;;;2.082138;47.216613
18279_0075_00024;24;;Rue Ambroise Croizat;18100;18279;Vierzon;;;2.06981;47.236874
18279_1536_00078;78;;Rue Georges Politzer;18100;18279;Vierzon;;;2.080981;47.202765
18279_1265_00011;11;;Impasse de Fay;18100;18279;Vierzon;;;2.052319;47.235582
18279_1535_00070;70;;Rue Georges Fauconnier;18100;18279;Vierzon;;;2.06791;47.239487
18279_1290_00145;145;;Rue Félix Pyat;18100;18279;Vierzon;;;2.09153;47.228788
18279_1120_00040;40;;Rue Edouard Branly;18100;18279;Vierzon;;;2.104219;47.219131
18279_0060_00012;12;;Rue Alphonse Daudet;18100;18279;Vierzon;;;2.07821;47.216074
18279_1230_00004;4;;Rue Etienne Marcel;18100;18279;Vierzon;;;2.092034;47.218892
18279_0568_00056;56;;Chemin du Briou;18100;18279;Vierzon;;;2.087948;47.227055
18279_1700_00039;39;;Rue Gustave Flourens;18100;18279;Vierzon;;;2.054093;47.231496
18279_1950_00019;19;;Avenue du Jonc;18100;18279;Vierzon;;;2.065262;47.210322
18279_0160_00081_q;81;q;Rue Armand Bazile;18100;18279;Vierzon;;;2.077727;47.215839
18279_1144_00002_a;2;a;Rue Elsa Triolet;18100;18279;Vierzon;;;2.082927;47.230317
18279_0462_00005;5;;Rue Bobby Sands;18100;18279;Vierzon;;;2.063656;47.222783
18279_0310_00006_bis;6;bis;Rue du Bas de Grange;18100;18279;Vierzon;;;2.060667;47.222974
18279_1530_00021;21;;Rue Georges Clémenceau;18100;18279;Vierzon;;;2.05578;47.215858
18279_2501_00007;7;;Rue Pablo Casals;18100;18279;Vierzon;;;2.082382;47.201252
18279_3160_00005;5;;Rue du Val Fleury;18100;18279;Vierzon;;;2.071071;47.212271
18279_1775_00015;15;;Rue des Hortensias;18100;18279;Vierzon;;;2.053985;47.233696
18279_2610_00009;9;;Chemin des Pelles;18100;18279;Vierzon;;;2.04503;47.22398
18279_2070_00005;5;;Boulevard de la Liberté;18100;18279;Vierzon;;;2.068665;47.226397
18279_1720_00082_bis;82;bis;Rue Henri Barbusse;18100;18279;Vierzon;;;2.065525;47.23714
18279_2710_00010;10;;Rue Pierre Debournou;18100;18279;Vierzon;;;2.062062;47.222975
18279_2930_00047;47;;Rue Raspail;18100;18279;Vierzon;;;2.078269;47.222634
18279_1990_00002;2;;Rue Jules Louis Breton;18100;18279;Vierzon;;;2.073696;47.221263
18279_1825_00029;29;;Rue Jacques Brel;18100;18279;Vierzon;;;2.081446;47.199316
18279_2270_00021_bis;21;bis;Rue Meunier;18100;18279;Vierzon;;;2.044764;47.228821
18279_1730_00018;18;;Avenue Henri Brisson;18100;18279;Vierzon;;;2.061116;47.22777
18279_1560_00009;9;;Rue Gourdon;18100;18279;Vierzon;;;2.067341;47.224378
18279_2189_00006;6;;Rue Marcel Paul;18100;18279;Vierzon;;;2.087182;47.234972
18279_671bao_00003_b;3;b;avenue maréchal philippe leclerc de hauteclocque;18100;18279;Vierzon;;;2.061634;47.209854
18279_1480_00052_a;52;a;Rue de la Gaucherie;18100;18279;Vierzon;;;2.063945;47.223545
18279_1750_00036;36;;Rue Henri Sellier;18100;18279;Vierzon;;;2.056165;47.217998
18279_0599_00013_bis;13;bis;Chemin du Camp;18100;18279;Vierzon;;;2.063258;47.205805
18279_1857_00007;7;;Rue Jean Cocteau;18100;18279;Vierzon;;;2.084804;47.226808
18279_1535_00016;16;;Rue Georges Fauconnier;18100;18279;Vierzon;;;2.070487;47.238478
18279_2265_00004;4;;Residence Mermoz Sud;18100;18279;Vierzon;;;2.062707;47.203715
18279_cjssze_00013;13;;L’Aujonniere;18100;18279;Vierzon;;;2.090539;47.234407
18279_0726_00018;18;;Rue Baudelaire;18100;18279;Vierzon;;;2.08467;47.198733
18279_0417_00007;7;;Rue Berty Albrecht;18100;18279;Vierzon;;;2.05701;47.211647
18279_0420_00038;38;;Rue de la Bidauderie;18100;18279;Vierzon;;;2.08144;47.235814
18279_1510_00049;49;;Grande Rue de la Genette;18100;18279;Vierzon;;;2.054042;47.21636
18279_0830_00003;3;;Rue Claude Bernard;18100;18279;Vierzon;;;2.076979;47.217452
18279_0417_00030;30;;Rue Berty Albrecht;18100;18279;Vierzon;;;2.055508;47.210407
18279_0978_00008;8;;Passage du Crot à Foulon;18100;18279;Vierzon;;;2.063446;47.230063
18279_3269_00021;21;;Chemin du Village d’En Haut;18100;18279;Vierzon;;;2.124907;47.240674
18279_0890_00158;158;;Rue de la Convention;18100;18279;Vierzon;;;2.109739;47.228657
18279_2390_00058;58;;Rue du Mouton;18100;18279;Vierzon;;;2.08644;47.230382
18279_1538_00058_bis;58;bis;Rue Georges Rousseau;18100;18279;Vierzon;;;2.057767;47.209962
18279_2180_00031;31;;Rue Marcel Cachin;18100;18279;Vierzon;;;2.088166;47.229094
18279_0370_00139;139;;Route de Bellon;18100;18279;Vierzon;;;2.081777;47.203225
18279_1915_00004;4;;Rue Jean Vilar;18100;18279;Vierzon;;;2.084304;47.200177
18279_2188_00001;1;;Rue Marcel Pagnol;18100;18279;Vierzon;;;2.077345;47.211041
18279_0042_00021;21;;Chemin des Ajoncs;18100;18279;Vierzon;;;2.082601;47.238577
18279_3138_00008;8;;Chemin de la Touche;18100;18279;Vierzon;;;2.127867;47.214818
18279_2080_00025;25;;Route de la Loeuf;18100;18279;Vierzon;;;2.04219;47.215401
18279_2648_00005;5;;Chemin de la Petite Noue;18100;18279;Vierzon;;;2.061751;47.204634
18279_0951_00020_bis;20;bis;Chemin des Grandes Crêles;18100;18279;Vierzon;;;2.070321;47.203818
18279_0801_00025;25;;Rive du Cher Nord Est;18100;18279;Vierzon;;;2.078416;47.214704
18279_2085_00015;15;;Rue des Lilas;18100;18279;Vierzon;;;2.056505;47.232335
18279_1160_00068;68;;Rue Emile Zola;18100;18279;Vierzon;;;2.037465;47.225748
18279_3251_00011_b;11;b;Rue du Village Aubry;18100;18279;Vierzon;;;2.099304;47.217893
18279_1143_00001;1;;Rue Eirick Labonne;18100;18279;Vierzon;;;2.086544;47.199913
18279_1320_00054;54;;Route de Foëcy;18100;18279;Vierzon;;;2.104914;47.207978
18279_0745_00006_a;6;a;Chemin de Charnay;18100;18279;Vierzon;;;2.029198;47.239802
18279_2990_00033;33;;Rue Robespierre;18100;18279;Vierzon;;;2.098128;47.22087
18279_1950_00020;20;;Avenue du Jonc;18100;18279;Vierzon;;;2.067009;47.209954
18279_1470_00013;13;;Rue Gaston Cornavin;18100;18279;Vierzon;;;2.087321;47.228155
18279_1070_00017;17;;Rue des Donneaux;18100;18279;Vierzon;;;2.045044;47.226814
18279_le1ny7_00021;21;;Rue Jeanne Labourbe;18100;18279;Vierzon;;;2.060413;47.231856
18279_2910_00049_bis;49;bis;Avenue du 14 Juillet;18100;18279;Vierzon;;;2.063995;47.213449
18279_2870_00052;52;;Route de Puits Berteau;18100;18279;Vierzon;;;2.077184;47.235804
18279_3133_00019_b;19;b;Route de Tours;18100;18279;Vierzon;;;2.038612;47.232876
18279_0482_00024;24;;Rue du Bois d'Yèvre;18100;18279;Vierzon;;;2.069836;47.217651
18279_0080_00032;32;;Rue Anatole France;18100;18279;Vierzon;;;2.057967;47.221359
18279_2155_00024;24;;Avenue du 8 Mai 1945;18100;18279;Vierzon;;;2.076674;47.22789
18279_1180_00014;14;;Rue Ernest Renan;18100;18279;Vierzon;;;2.07451;47.217243
18279_2189_00014;14;;Rue Marcel Paul;18100;18279;Vierzon;;;2.088743;47.233656
18279_0590_00014;14;;Rue Camille Desmoulins;18100;18279;Vierzon;;;2.062865;47.220923
18279_0270_00013;13;;Rue Babeuf;18100;18279;Vierzon;;;2.045722;47.2337
18279_1535_00003;3;;Rue Georges Fauconnier;18100;18279;Vierzon;;;2.070135;47.237894
18279_0030_00003;3;;Rue de l'Abricot;18100;18279;Vierzon;;;2.05843;47.220788
18279_1950_00018;18;;Avenue du Jonc;18100;18279;Vierzon;;;2.066764;47.209997
18279_1391_00018;18;;Rue de la Fringale;18100;18279;Vierzon;;;2.039918;47.233608
18279_0710_00010;10;;Rue du Champanet;18100;18279;Vierzon;;;2.064575;47.220496
18279_1128_00108_e;108;e;Avenue Edouard Vaillant;18100;18279;Vierzon;;;2.060277;47.238052
18279_0110_00008;8;;Rue André Hènault;18100;18279;Vierzon;;;2.063423;47.215512
18279_3084_00015;15;;Chemin du Stade Constant Duval;18100;18279;Vierzon;;;2.057204;47.240753
18279_2910_00073;73;;Avenue du 14 Juillet;18100;18279;Vierzon;;;2.063487;47.21229
18279_2080_00001;1;;Route de la Loeuf;18100;18279;Vierzon;;;2.049652;47.214078
18279_1780_00009;9;;Passage de l’Hospice;18100;18279;Vierzon;;;2.05267;47.226405
18279_0980_00004;4;;Rue du Crot à Foulon;18100;18279;Vierzon;;;2.065306;47.229891
18279_2008_00016;16;;Impasse Karl Marx;18100;18279;Vierzon;;;2.049257;47.228617
18279_0710_00024_a;24;a;Rue du Champanet;18100;18279;Vierzon;;;2.063468;47.220617
18279_0045_00010;10;;Route d'Ainset;18100;18279;Vierzon;;;2.077118;47.237487
18279_3060_00012;12;;Rue du Sergent Bobillot;18100;18279;Vierzon;;;2.047966;47.228932
18279_0080_00125;125;;Rue Anatole France;18100;18279;Vierzon;;;2.048126;47.222932
18279_1450_00034;34;;Rue Gambon;18100;18279;Vierzon;;;2.074617;47.226995
18279_1510_00033;33;;Grande Rue de la Genette;18100;18279;Vierzon;;;2.056176;47.216302
18279_1280_00021;21;;Rue de Fay;18100;18279;Vierzon;;;2.050851;47.235111
18279_3019_00001_bis;1;bis;Passage de Ronvaux;18100;18279;Vierzon;;;2.055693;47.226407
18279_1832_00011;11;;Square Jacques Duclos;18100;18279;Vierzon;;;2.088052;47.2018
18279_0352_00005;5;;Rue Beethoven;18100;18279;Vierzon;;;2.078508;47.235489
18279_1230_00122;122;;Rue Etienne Marcel;18100;18279;Vierzon;;;2.103704;47.216168
18279_0990_00112;112;;Rue Danielle Casanova;18100;18279;Vierzon;;;2.073994;47.21256
18279_1072_00003;3;;Petite Rue des Donneaux;18100;18279;Vierzon;;;2.047224;47.227227
18279_3055_00023;23;;Chemin de Saint Priest;18100;18279;Vierzon;;;2.033873;47.232943
18279_0785_00006;6;;Rue aux Chats;18100;18279;Vierzon;;;2.064189;47.226838
18279_0082_00001;1;;Petite Rue Anatole France;18100;18279;Vierzon;;;2.052925;47.220286
18279_1750_00017;17;;Rue Henri Sellier;18100;18279;Vierzon;;;2.055292;47.21797
18279_3086_00007;7;;Impasse Suzanne Masson;18100;18279;Vierzon;;;2.078741;47.205624
18279_1320_00005;5;;Route de Foëcy;18100;18279;Vierzon;;;2.100744;47.21189
18279_0460_00003;3;;Rue Blanqui;18100;18279;Vierzon;;;2.051076;47.228172
18279_1290_00060;60;;Rue Félix Pyat;18100;18279;Vierzon;;;2.084209;47.227808
18279_1700_00080;80;;Rue Gustave Flourens;18100;18279;Vierzon;;;2.051847;47.232518
18279_0310_00007_b;7;b;Rue du Bas de Grange;18100;18279;Vierzon;;;2.060811;47.222738
18279_1480_00023;23;;Rue de la Gaucherie;18100;18279;Vierzon;;;2.064974;47.223003
18279_2058_00026;26;;Rue Léo Mérigot;18100;18279;Vierzon;;;2.050628;47.229335
18279_1190_00020;20;;Quai de l’Etang;18100;18279;Vierzon;;;2.104204;47.214678
18279_2993_00010;10;;Rue Roger Faletto;18100;18279;Vierzon;;;2.08678;47.20037
18279_1732_00050;50;;Square Henriette Dumuin;18100;18279;Vierzon;;;2.079556;47.201879
18279_1690_00031;31;;Route de Guérigny;18100;18279;Vierzon;;;2.139797;47.216407
18279_3073_00019_a;19;a;Rue de la Société Française;18100;18279;Vierzon;;;2.058646;47.225503
18279_1250_00023_bis;23;bis;Rue Eugène Pottier;18100;18279;Vierzon;;;2.099633;47.21987
18279_3052_00020;20;;Route de Saint Lazare;18100;18279;Vierzon;;;2.096918;47.208122
18279_1230_00112;112;;Rue Etienne Marcel;18100;18279;Vierzon;;;2.102311;47.216653
18279_1290_00170;170;;Rue Félix Pyat;18100;18279;Vierzon;;;2.096137;47.228104
18279_3086_00027;27;;Impasse Suzanne Masson;18100;18279;Vierzon;;;2.079224;47.205049
18279_2330_00112;112;;Rue Mirabeau;18100;18279;Vierzon;;;2.050067;47.209218
18279_2870_00183;183;;Route de Puits Berteau;18100;18279;Vierzon;;;2.062151;47.239854
18279_1290_00040;40;;Rue Félix Pyat;18100;18279;Vierzon;;;2.08303;47.22847
18279_2080_00031;31;;Route de la Loeuf;18100;18279;Vierzon;;;2.039316;47.215966
18279_2155_00097_bis;97;bis;Avenue du 8 Mai 1945;18100;18279;Vierzon;;;2.086679;47.235912
18279_2069_01380;1380;;Place de la Libération;18100;18279;Vierzon;;;2.065248;47.218106
18279_0482_00004;4;;Rue du Bois d'Yèvre;18100;18279;Vierzon;;;2.069931;47.218663
18279_1710_00092;92;;Rue Guy Môquet;18100;18279;Vierzon;;;2.074323;47.211717
18279_3060_00006;6;;Rue du Sergent Bobillot;18100;18279;Vierzon;;;2.048411;47.229431
18279_3160_00064;64;;Rue du Val Fleury;18100;18279;Vierzon;;;2.068253;47.207829
18279_2290_00008;8;;Rue des Meunières;18100;18279;Vierzon;;;2.057289;47.234307
18279_2995_00025;25;;Rue Roland Champenier;18100;18279;Vierzon;;;2.069487;47.238873
18279_3073_00026_v;26;v;Rue de la Société Française;18100;18279;Vierzon;;;2.057184;47.226045
18279_1732_00066;66;;Square Henriette Dumuin;18100;18279;Vierzon;;;2.079585;47.202082
18279_1640_00022;22;;Rue du Grelet;18100;18279;Vierzon;;;2.050241;47.232072
18279_1700_00010;10;;Rue Gustave Flourens;18100;18279;Vierzon;;;2.057884;47.230552
18279_3045_00019;19;;Chemin Ruisseau des Rechignardes;18100;18279;Vierzon;;;2.077565;47.23201
18279_1290_00156;156;;Rue Félix Pyat;18100;18279;Vierzon;;;2.094493;47.228136
18279_1877_00059;59;;Avenue Jean Jaurès;18100;18279;Vierzon;;;2.043674;47.231248
18279_1180_00001_bis;1;bis;Rue Ernest Renan;18100;18279;Vierzon;;;2.074686;47.217932
18279_0542_00034;34;;Rue du Bourdoiseau;18100;18279;Vierzon;;;2.06282;47.233046
18279_2005_00008;8;;Rue Julian Grimau;18100;18279;Vierzon;;;2.085957;47.201354
18279_1072_00017;17;;Petite Rue des Donneaux;18100;18279;Vierzon;;;2.044925;47.226659
18279_2688_00077;77;;Rue Pierre Brossolette;18100;18279;Vierzon;;;2.075174;47.203811
18279_2735_00025;25;;Rue Pierre Ferdonnet;18100;18279;Vierzon;;;2.090755;47.226389
18279_1750_00007;7;;Rue Henri Sellier;18100;18279;Vierzon;;;2.054719;47.217779
18279_3125_00005;5;;Rue Theodore Monod;18100;18279;Vierzon;;;2.081197;47.233381
18279_2688_00083;83;;Rue Pierre Brossolette;18100;18279;Vierzon;;;2.074686;47.203976
18279_1370_00002_b;2;b;Rue Fourier;18100;18279;Vierzon;;;2.060598;47.229731
18279_0290_00067;67;;Rue Barbès;18100;18279;Vierzon;;;2.055966;47.235732
18279_0420_00031;31;;Rue de la Bidauderie;18100;18279;Vierzon;;;2.081437;47.236178
18279_0020_00003;3;;Chemin de l’Abricot;18100;18279;Vierzon;;;2.053437;47.220642
18279_0445_01072;1072;;Chemin Blanc;18100;18279;Vierzon;;;2.056812;47.206251
18279_0030_00007;7;;Rue de l'Abricot;18100;18279;Vierzon;;;2.058398;47.220594
18279_1535_00088;88;;Rue Georges Fauconnier;18100;18279;Vierzon;;;2.067201;47.238935
18279_0743_00024;24;;Rue Charlotte Delbo;18100;18279;Vierzon;;;2.087255;47.222375
18279_1230_00051;51;;Rue Etienne Marcel;18100;18279;Vierzon;;;2.099863;47.217589
18279_2800_00014;14;;Rue Porte aux Boeufs;18100;18279;Vierzon;;;2.071282;47.223764
18279_1300_00027;27;;Rue Fernand Léger;18100;18279;Vierzon;;;2.086125;47.228159
18279_0080_00106;106;;Rue Anatole France;18100;18279;Vierzon;;;2.050885;47.222512
18279_0600_00011;11;;Petite Rue du Camp;18100;18279;Vierzon;;;2.067148;47.206665
18279_1230_00024;24;;Rue Etienne Marcel;18100;18279;Vierzon;;;2.09582;47.218033
18279_0890_00077;77;;Rue de la Convention;18100;18279;Vierzon;;;2.106875;47.221199
18279_2795_00069;69;;Rue des Ponts;18100;18279;Vierzon;;;2.065913;47.218079
18279_2590_00004;4;;Rue Paul Lafargue;18100;18279;Vierzon;;;2.071354;47.221654
18279_2058_00053;53;;Rue Léo Mérigot;18100;18279;Vierzon;;;2.054854;47.226905
18279_2743_00012;12;;Rue Pierre et Jean Serpaud;18100;18279;Vierzon;;;2.088224;47.241156
18279_1160_00001;1;;Rue Emile Zola;18100;18279;Vierzon;;;2.039606;47.225653
18279_3133_00077;77;;Route de Tours;18100;18279;Vierzon;;;2.033471;47.236336
18279_1290_00087;87;;Rue Félix Pyat;18100;18279;Vierzon;;;2.0863;47.227457
18279_1250_00036_b;36;b;Rue Eugène Pottier;18100;18279;Vierzon;;;2.100298;47.219266
18279_2015_00007;7;;Impasse Kléber;18100;18279;Vierzon;;;2.057258;47.215238
18279_1770_00003;3;;Rue Honoré de Balzac;18100;18279;Vierzon;;;2.065636;47.213273
18279_1650_00001;1;;Rue Grelon;18100;18279;Vierzon;;;2.062855;47.215823
18279_0710_00066_a;66;a;Rue du Champanet;18100;18279;Vierzon;;;2.059068;47.220335
18279_1670_00001;1;;Rue du Gros Caillou;18100;18279;Vierzon;;;2.069231;47.222065
18279_0712_00020_bis;20;bis;Rue du Champ Commun;18100;18279;Vierzon;;;2.068341;47.219366
18279_1290_00077;77;;Rue Félix Pyat;18100;18279;Vierzon;;;2.085671;47.22751
18279_a150_00003;3;;Residence les Dumaines;18100;18279;Vierzon;;;2.093661;47.219976
18279_3053_00004;4;;Impasse Saint Leonard;18100;18279;Vierzon;;;2.067914;47.214928
18279_1500_00020;20;;Rue Gay Lussac;18100;18279;Vierzon;;;2.078115;47.224724
18279_0963_00015;15;;Route de la Croix;18100;18279;Vierzon;;;2.099514;47.2287
18279_2335_00005_f;5;f;Rue Miranda de Ebro;18100;18279;Vierzon;;;2.065416;47.218405
18279_3202_00017;17;;Avenue de Verdun;18100;18279;Vierzon;;;2.072684;47.224899
18279_1950_00006_bis;6;bis;Avenue du Jonc;18100;18279;Vierzon;;;2.063832;47.21048
18279_1128_00059_b;59;b;Avenue Edouard Vaillant;18100;18279;Vierzon;;;2.061067;47.234048
18279_0025_00008_bis;8;bis;Passage de l’Abricot;18100;18279;Vierzon;;;2.054399;47.220113
18279_1535_00046;46;;Rue Georges Fauconnier;18100;18279;Vierzon;;;2.069901;47.239276
18279_0120_00152;152;;Rue André Ribaud;18100;18279;Vierzon;;;2.075582;47.236402
18279_2850_00046;46;;Rue Proudhon;18100;18279;Vierzon;;;2.047918;47.234123
18279_1520_00032;32;;Rue George Sand;18100;18279;Vierzon;;;2.066648;47.227589
18279_0770_00004;4;;Place du Château;18100;18279;Vierzon;;;2.07139;47.222568
18279_2065_00004;4;;Passage Leveque;18100;18279;Vierzon;;;2.05226;47.228373
18279_2264_00011;11;;Res Mermoz Nord;18100;18279;Vierzon;;;2.063782;47.205072
18279_0111_00002;2;;Allee Andre Rethore;18100;18279;Vierzon;;;2.086864;47.235669
18279_1840_00016_a;16;a;Rue Jean-baptiste Clément;18100;18279;Vierzon;;;2.070658;47.228054
18279_1250_00132;132;;Rue Eugène Pottier;18100;18279;Vierzon;;;2.097783;47.22689
18279_1538_00015;15;;Rue Georges Rousseau;18100;18279;Vierzon;;;2.058014;47.212866
18279_3110_00012;12;;Rue des Terres Mortes;18100;18279;Vierzon;;;2.05704;47.208039
18279_2190_00033;33;;Rue Marcel Perrin;18100;18279;Vierzon;;;2.071258;47.226259
18279_0400_00023;23;;Rue des Berlurettes;18100;18279;Vierzon;;;2.063268;47.236184
18279_0420_00008;8;;Rue de la Bidauderie;18100;18279;Vierzon;;;2.078892;47.234314
18279_2910_00072;72;;Avenue du 14 Juillet;18100;18279;Vierzon;;;2.063337;47.211427
18279_1840_00055;55;;Rue Jean-baptiste Clément;18100;18279;Vierzon;;;2.074291;47.231652
18279_3133_00083_a;83;a;Route de Tours;18100;18279;Vierzon;;;2.032064;47.23718
18279_0866_00010;10;;Avenue du Colonel Manhes;18100;18279;Vierzon;;;2.07851;47.223518
18279_3160_00064_bis;64;bis;Rue du Val Fleury;18100;18279;Vierzon;;;2.06823;47.207713
18279_a070_00059;59;;Residence des Bruyeres;18100;18279;Vierzon;;;2.065853;47.204319
18279_0085_00025;25;;Imp Ancienne Cite de la Verrerie;18100;18279;Vierzon;;;2.100313;47.21025
18279_0310_00084;84;;Rue du Bas de Grange;18100;18279;Vierzon;;;2.046034;47.225534
18279_2850_00015;15;;Rue Proudhon;18100;18279;Vierzon;;;2.048485;47.231877
18279_2390_00009_a;9;a;Rue du Mouton;18100;18279;Vierzon;;;2.088382;47.230337
18279_1560_00036;36;;Rue Gourdon;18100;18279;Vierzon;;;2.064581;47.22457
18279_2993_00012;12;;Rue Roger Faletto;18100;18279;Vierzon;;;2.086643;47.200271
18279_2472_00022;22;;Route des Noues;18100;18279;Vierzon;;;2.048298;47.210043
18279_1197_00008;8;;Place de l'Etape;18100;18279;Vierzon;;;2.069042;47.222924
18279_2714_00017;17;;Allée Pierre de Coubertin;18100;18279;Vierzon;;;2.076863;47.208966
18279_0195_00006;6;;Rue Arthur Rimbaud;18100;18279;Vierzon;;;2.083843;47.202709
18279_2270_00015;15;;Rue Meunier;18100;18279;Vierzon;;;2.045148;47.22947
18279_1640_00007_a;7;a;Rue du Grelet;18100;18279;Vierzon;;;2.050292;47.231612
18279_0080_00049;49;;Rue Anatole France;18100;18279;Vierzon;;;2.056586;47.221573
18279_2125_00016;16;;Rue Louise Michel;18100;18279;Vierzon;;;2.070883;47.235542
18279_3047_00007;7;;Rue Saint Exupéry;18100;18279;Vierzon;;;2.068629;47.20575
18279_1055_00018_h;18;h;Avenue du 19 Mars 1962;18100;18279;Vierzon;;;2.091911;47.239803
18279_0370_00096_b;96;b;Route de Bellon;18100;18279;Vierzon;;;2.078589;47.208288
18279_2720_00034;34;;Rue Pierre Dupont;18100;18279;Vierzon;;;2.04405;47.236445
18279_0290_00018_bis;18;bis;Rue Barbès;18100;18279;Vierzon;;;2.052313;47.234049
18279_0215_00015_a;15;a;Passage de l’Aubepine;18100;18279;Vierzon;;;2.047086;47.231872
18279_1000_00004;4;;Rue Danton;18100;18279;Vierzon;;;2.048554;47.226524
18279_1230_00016;16;;Rue Etienne Marcel;18100;18279;Vierzon;;;2.094881;47.218154
18279_2040_00010;10;;Avenue Mal Philippe Leclerc de Ha;18100;18279;Vierzon;;;2.057254;47.209353
18279_1536_00013;13;;Rue Georges Politzer;18100;18279;Vierzon;;;2.079058;47.204429
18279_3133_00006;6;;Route de Tours;18100;18279;Vierzon;;;2.040026;47.232632
18279_1375_00006;6;;Rue France Bloch-sérazin;18100;18279;Vierzon;;;2.077649;47.207484
18279_1065_00002;2;;Cour des Donneaux;18100;18279;Vierzon;;;2.044896;47.227369
18279_2370_00003_c;3;c;Rue de la Montagne;18100;18279;Vierzon;;;2.073224;47.221657
18279_2560_00024_t;24;t;Rue Pasteur;18100;18279;Vierzon;;;2.085522;47.219966
18279_2650_00010;10;;Rue de la Petite Noue;18100;18279;Vierzon;;;2.058676;47.207314
18279_0290_00050;50;;Rue Barbès;18100;18279;Vierzon;;;2.055931;47.235613
18279_0445_00045;45;;Chemin Blanc;18100;18279;Vierzon;;;2.058685;47.205446
18279_0310_01046;1046;;Rue du Bas de Grange;18100;18279;Vierzon;;;2.06054;47.22291
18279_0962_00011;11;;Chemin de la Croix;18100;18279;Vierzon;;;2.109343;47.230704
18279_0350_00032;32;;Rue Beau Site;18100;18279;Vierzon;;;2.072133;47.211073
18279_3184_00002;2;;Chemin des Varennes;18100;18279;Vierzon;;;2.099089;47.214479
18279_2928_00001;1;;Impasse Raspail;18100;18279;Vierzon;;;2.075428;47.223601
18279_0150_00004;4;;Place Aristide Briand;18100;18279;Vierzon;;;2.067144;47.221805
18279_1750_00033;33;;Rue Henri Sellier;18100;18279;Vierzon;;;2.055829;47.218081
18279_1255_00033;33;;Rue Evariste Galois;18100;18279;Vierzon;;;2.084764;47.201476
18279_0951_00038_bis;38;bis;Chemin des Grandes Crêles;18100;18279;Vierzon;;;2.069963;47.201842
18279_2410_00013;13;;Boulevard de la Nation;18100;18279;Vierzon;;;2.059098;47.215465
18279_2795_00044;44;;Rue des Ponts;18100;18279;Vierzon;;;2.066734;47.219276
18279_3226_00006;6;;Route du Vieux Domaine;18100;18279;Vierzon;;;2.082414;47.214523
18279_1070_00027;27;;Rue des Donneaux;18100;18279;Vierzon;;;2.045207;47.225862
18279_2100_00009;9;;Rue des Longueraies;18100;18279;Vierzon;;;2.057809;47.231564
18279_2188_00040;40;;Rue Marcel Pagnol;18100;18279;Vierzon;;;2.075433;47.209479
18279_2265_00028;28;;Residence Mermoz Sud;18100;18279;Vierzon;;;2.063473;47.203125
18279_0160_00075;75;;Rue Armand Bazile;18100;18279;Vierzon;;;2.076964;47.216045
18279_0890_00041;41;;Rue de la Convention;18100;18279;Vierzon;;;2.103597;47.219914
18279_1870_00067;67;;Rue Jean Jacques Rousseau;18100;18279;Vierzon;;;2.07466;47.218216
18279_lukrq1_00004;4;;Rue Rouget de Lisle;18100;18279;Vierzon;;;2.047383;47.233017
18279_3150_00069;69;;Place Vaillant Couturier;18100;18279;Vierzon;;;2.070514;47.223155
18279_2472_00046;46;;Route des Noues;18100;18279;Vierzon;;;2.04504;47.210957
18279_2360_00004;4;;Rue de la Monnaie;18100;18279;Vierzon;;;2.070058;47.222596
18279_0420_00056;56;;Rue de la Bidauderie;18100;18279;Vierzon;;;2.083278;47.237184
18279_0020_00017;17;;Chemin de l’Abricot;18100;18279;Vierzon;;;2.05096;47.219009
18279_1840_00070;70;;Rue Jean-baptiste Clément;18100;18279;Vierzon;;;2.073723;47.23173
18279_0350_00073;73;;Rue Beau Site;18100;18279;Vierzon;;;2.070952;47.208213
18279_1730_00009_bis;9;bis;Avenue Henri Brisson;18100;18279;Vierzon;;;2.061823;47.225686
18279_0963_00029;29;;Route de la Croix;18100;18279;Vierzon;;;2.103706;47.229427
18279_0720_00024;24;;Rue des Changes;18100;18279;Vierzon;;;2.068849;47.223735
18279_2330_00104;104;;Rue Mirabeau;18100;18279;Vierzon;;;2.050767;47.209416
18279_0417_00005;5;;Rue Berty Albrecht;18100;18279;Vierzon;;;2.057076;47.211383
18279_1406_00017;17;;Chemin de la Gaillardière;18100;18279;Vierzon;;;2.111843;47.226279
18279_1150_00050;50;;Rue Emile Bouleau;18100;18279;Vierzon;;;2.067741;47.217347
18279_3165_00009;9;;Chemin des Vallees;18100;18279;Vierzon;;;2.041846;47.224047
18279_1710_00028;28;;Rue Guy Môquet;18100;18279;Vierzon;;;2.076105;47.211391
18279_0691_00010;10;;Passage du Chambon;18100;18279;Vierzon;;;2.05479;47.22274
18279_0052_00007;7;;Rue Albert et Paul Thouvenin;18100;18279;Vierzon;;;2.105873;47.209105
18279_1591_00004;4;;Chemin du Grand Orme;18100;18279;Vierzon;;;2.103001;47.230118
18279_p07zqe_00037;37;;Chemin du Pre d’Anet;18100;18279;Vierzon;;;2.077987;47.219182
18279_0020_00019;19;;Chemin de l’Abricot;18100;18279;Vierzon;;;2.051697;47.219135
18279_2973_00006;6;;Chemin des Riaux;18100;18279;Vierzon;;;2.111113;47.228059
18279_3052_00011_b;11;b;Route de Saint Lazare;18100;18279;Vierzon;;;2.097042;47.20801
18279_1142_00020;20;;Rue Elisee Reclus;18100;18279;Vierzon;;;2.082347;47.202703
18279_0095_00040;40;;Rue André Gide;18100;18279;Vierzon;;;2.095016;47.225848
18279_2025_00020;20;;avenue maréchal jean de lattre de tassigny;18100;18279;Vierzon;;;2.064878;47.208608
18279_3210_00063_i;63;i;Rue Victor Hugo;18100;18279;Vierzon;;;2.064754;47.224216
18279_0715_00015;15;;Chemin du Champ des Renards;18100;18279;Vierzon;;;2.093931;47.227222
18279_1500_00005;5;;Rue Gay Lussac;18100;18279;Vierzon;;;2.076158;47.223455
18279_0543_00014;14;;Petite Rue du Bourdoiseau;18100;18279;Vierzon;;;2.063451;47.232327
18279_3285_00009;9;;Rue Vincent Auriol;18100;18279;Vierzon;;;2.08812;47.200129
18279_1250_00070;70;;Rue Eugène Pottier;18100;18279;Vierzon;;;2.09862;47.222076
18279_2450_00022;22;;Route de Neuvy;18100;18279;Vierzon;;;2.095375;47.244644
18279_2058_00037;37;;Rue Léo Mérigot;18100;18279;Vierzon;;;2.053101;47.226995
18279_3073_00021_a;21;a;Rue de la Société Française;18100;18279;Vierzon;;;2.058465;47.225706
18279_1549_00018;18;;Chemin de la Giraudiere;18100;18279;Vierzon;;;2.028106;47.235486
18279_1506_00006;6;;Rue du Général de Gaulle;18100;18279;Vierzon;;;2.063234;47.221522
18279_1535_00001;1;;Rue Georges Fauconnier;18100;18279;Vierzon;;;2.070216;47.238106
18279_1170_00017;17;;Rue des Epinettes;18100;18279;Vierzon;;;2.069612;47.22611
18279_3047_00005;5;;Rue Saint Exupéry;18100;18279;Vierzon;;;2.068669;47.205893
18279_2290_00016;16;;Rue des Meunières;18100;18279;Vierzon;;;2.05656;47.234496
18279_3280_00062;62;;Rue de Villeneuve;18100;18279;Vierzon;;;2.070415;47.209794
18279_1538_00042;42;;Rue Georges Rousseau;18100;18279;Vierzon;;;2.057906;47.210999
18279_1500_00002;2;;Rue Gay Lussac;18100;18279;Vierzon;;;2.076374;47.223499
18279_0714_00017;17;;Rue du Champ du Four;18100;18279;Vierzon;;;2.080615;47.23463
18279_0541_00005;5;;Passage du Bourdoiseau;18100;18279;Vierzon;;;2.062911;47.235379
18279_0395_00009;9;;Rue Henri Bergson;18100;18279;Vierzon;;;2.094822;47.224713
18279_2700_00009;9;;Rue Pierre Curie;18100;18279;Vierzon;;;2.056822;47.217012
18279_2264_00005;5;;Res Mermoz Nord;18100;18279;Vierzon;;;2.063466;47.205039
18279_2594_00022;22;;Rue Paul Valery;18100;18279;Vierzon;;;2.066531;47.20862
18279_1510_00008;8;;Grande Rue de la Genette;18100;18279;Vierzon;;;2.058758;47.216308
18279_1490_00015;15;;Chemin des Gaudrets;18100;18279;Vierzon;;;2.088508;47.222029
18279_3060_00014;14;;Rue du Sergent Bobillot;18100;18279;Vierzon;;;2.047856;47.228808
18279_2620_00041_b;41;b;Rue des Pentecotes;18100;18279;Vierzon;;;2.058868;47.228153
18279_2795_00104;104;;Rue des Ponts;18100;18279;Vierzon;;;2.065483;47.216804
18279_1500_00011;11;;Rue Gay Lussac;18100;18279;Vierzon;;;2.076527;47.223764
18279_1210_00035;35;;Rue Etienne Desroches;18100;18279;Vierzon;;;2.10302;47.220264
18279_2995_00020;20;;Rue Roland Champenier;18100;18279;Vierzon;;;2.070146;47.238368
18279_0310_00016_i;16;i;Rue du Bas de Grange;18100;18279;Vierzon;;;2.055237;47.224431
18279_1160_00070;70;;Rue Emile Zola;18100;18279;Vierzon;;;2.037227;47.225768
18279_0542_00062;62;;Rue du Bourdoiseau;18100;18279;Vierzon;;;2.062087;47.235057
18279_3020_00013;13;;Rue de Ronvaux;18100;18279;Vierzon;;;2.053455;47.225542
18279_1175_00001;1;;Chemin des Erables;18100;18279;Vierzon;;;2.031089;47.212191
18279_1605_00010;10;;Chemin des Gdes Noues Fontaines;18100;18279;Vierzon;;;2.046628;47.208572
18279_1128_00082;82;;Avenue Edouard Vaillant;18100;18279;Vierzon;;;2.060804;47.235666
18279_a015_00002;2;;Résidence Anatole France;18100;18279;Vierzon;;;2.055756;47.222176
18279_2770_00053;53;;Rue de la Plaisance;18100;18279;Vierzon;;;2.094826;47.22118
18279_2688_00032;32;;Rue Pierre Brossolette;18100;18279;Vierzon;;;2.07566;47.205124
18279_0545_00008;8;;Route de Bourges;18100;18279;Vierzon;;;2.10949;47.21518
18279_0260_00001_b;1;b;Petite Rue Babeuf;18100;18279;Vierzon;;;2.045812;47.234119
18279_1430_00011_bis;11;bis;Rue Gallerand;18100;18279;Vierzon;;;2.068224;47.222803
18279_1832_00017;17;;Square Jacques Duclos;18100;18279;Vierzon;;;2.088288;47.201513
18279_0160_00004;4;;Rue Armand Bazile;18100;18279;Vierzon;;;2.070298;47.217962
18279_2595_00004;4;;Rue Paul Verlaine;18100;18279;Vierzon;;;2.065283;47.239355
18279_1194_00025;25;;Chemin de l’Etang du Verdin;18100;18279;Vierzon;;;2.041548;47.237175
18279_1270_00034;34;;Petite Rue de Fay;18100;18279;Vierzon;;;2.050611;47.237733
18279_1520_00038;38;;Rue George Sand;18100;18279;Vierzon;;;2.066582;47.22794
18279_3251_00008;8;;Rue du Village Aubry;18100;18279;Vierzon;;;2.099642;47.217988
18279_0840_00011;11;;Rue Claude Michaud;18100;18279;Vierzon;;;2.065572;47.214406
18279_0120_00054;54;;Rue André Ribaud;18100;18279;Vierzon;;;2.069348;47.233035
18279_2070_00001;1;;Boulevard de la Liberté;18100;18279;Vierzon;;;2.069279;47.226253
18279_0100_00031;31;;Rue André Guillemain;18100;18279;Vierzon;;;2.081306;47.215001
18279_1840_00019;19;;Rue Jean-baptiste Clément;18100;18279;Vierzon;;;2.070951;47.228696
18279_0745_00008;8;;Chemin de Charnay;18100;18279;Vierzon;;;2.028975;47.24046
18279_1869_00007;7;;Passage Jean Jacques Rousseau;18100;18279;Vierzon;;;2.075388;47.21883
18279_0370_00135;135;;Route de Bellon;18100;18279;Vierzon;;;2.081711;47.203482
18279_2640_00011;11;;Route du Petit Râteau;18100;18279;Vierzon;;;2.096549;47.230219
18279_1120_00003;3;;Rue Edouard Branly;18100;18279;Vierzon;;;2.104366;47.216433
18279_0963_00009;9;;Route de la Croix;18100;18279;Vierzon;;;2.098695;47.228415
18279_3170_00021;21;;Rue de Valmy;18100;18279;Vierzon;;;2.069249;47.219005
18279_0270_00014;14;;Rue Babeuf;18100;18279;Vierzon;;;2.046221;47.233885
18279_1385_00006;6;;Rue Frédéric Mistral;18100;18279;Vierzon;;;2.094923;47.225417
18279_2290_00024;24;;Rue des Meunières;18100;18279;Vierzon;;;2.055177;47.23475
18279_b2fplh_00002;2;;Residence Mermoz;18100;18279;Vierzon;;;2.06291;47.203913
18279_2980_00002;2;;Rue Riparia;18100;18279;Vierzon;;;2.060373;47.215211
18279_0844_00001;1;;Impasse du Clos Chabot;18100;18279;Vierzon;;;2.079125;47.228906
18279_1250_00124;124;;Rue Eugène Pottier;18100;18279;Vierzon;;;2.097963;47.226324
18279_0080_00086;86;;Rue Anatole France;18100;18279;Vierzon;;;2.05259;47.222196
18279_1060_00024;24;;Rue du Docteur Lobligeois;18100;18279;Vierzon;;;2.057372;47.217177
18279_2590_00017;17;;Rue Paul Lafargue;18100;18279;Vierzon;;;2.071042;47.222725
18279_0495_00005;5;;Chemin des Grands Bois;18100;18279;Vierzon;;;2.05146;47.236439
18279_2990_00030;30;;Rue Robespierre;18100;18279;Vierzon;;;2.098115;47.22054
18279_3180_00009;9;;Rue Van Craeynest;18100;18279;Vierzon;;;2.064873;47.20968
18279_2870_00041;41;;Route de Puits Berteau;18100;18279;Vierzon;;;2.07656;47.235861
18279_1980_00008;8;;Rue Jules Guesde;18100;18279;Vierzon;;;2.049465;47.227516
18279_2265_00030;30;;Residence Mermoz Sud;18100;18279;Vierzon;;;2.063441;47.203262
18279_1165_00014;14;;Rue de l'Epargne;18100;18279;Vierzon;;;2.058297;47.235878
18279_1630_00011;11;;Impasse du Grelet;18100;18279;Vierzon;;;2.050683;47.231475
18279_1450_00023_t;23;t;Rue Gambon;18100;18279;Vierzon;;;2.07432;47.226938
18279_1690_00014;14;;Route de Guérigny;18100;18279;Vierzon;;;2.134565;47.215172
18279_1555_00005;5;;Impasse de la Glaciere;18100;18279;Vierzon;;;2.04268;47.230953
18279_1825_00014;14;;Rue Jacques Brel;18100;18279;Vierzon;;;2.078982;47.200381
18279_2461_00005;5;;Rue Nicolas Copernic;18100;18279;Vierzon;;;2.083312;47.233947
18279_a070_00007;7;;Residence des Bruyeres;18100;18279;Vierzon;;;2.065022;47.204702
18279_3280_00010;10;;Rue de Villeneuve;18100;18279;Vierzon;;;2.072059;47.213077
18279_2520_00039;39;;Rue du Panorama;18100;18279;Vierzon;;;2.069011;47.209771
18279_3170_00005_bis;5;bis;Rue de Valmy;18100;18279;Vierzon;;;2.067332;47.219014
18279_0817_00031_a;31;a;Chemin du Chevry;18100;18279;Vierzon;;;2.119837;47.215425
18279_2910_00081_a;81;a;Avenue du 14 Juillet;18100;18279;Vierzon;;;2.06251;47.210207
18279_0060_00014;14;;Rue Alphonse Daudet;18100;18279;Vierzon;;;2.078113;47.215852
18279_0963_00056;56;;Route de la Croix;18100;18279;Vierzon;;;2.108656;47.228824
18279_0512_00019;19;;Route de Bonègue;18100;18279;Vierzon;;;2.071867;47.238477
18279_1160_00064;64;;Rue Emile Zola;18100;18279;Vierzon;;;2.038107;47.225673
18279_0070_00036;36;;Rue Alphonse Pradat;18100;18279;Vierzon;;;2.045501;47.221016
18279_1289_00127;127;;Impasse Felix Pyat;18100;18279;Vierzon;;;2.08987;47.228861
18279_2080_00042_a;42;a;Route de la Loeuf;18100;18279;Vierzon;;;2.037367;47.21697
18279_2930_00033;33;;Rue Raspail;18100;18279;Vierzon;;;2.074719;47.223551
18279_1840_00016_b;16;b;Rue Jean-baptiste Clément;18100;18279;Vierzon;;;2.070555;47.228118
18279_1032_00001;1;;Rue Diderot;18100;18279;Vierzon;;;2.071234;47.218412
18279_0714_00018;18;;Rue du Champ du Four;18100;18279;Vierzon;;;2.081318;47.234126
18279_2583_00019;19;;Rue Paul Eluard;18100;18279;Vierzon;;;2.084676;47.200932
18279_0070_00052;52;;Rue Alphonse Pradat;18100;18279;Vierzon;;;2.043329;47.219612
18279_3047_00046;46;;Rue Saint Exupéry;18100;18279;Vierzon;;;2.067722;47.203089
18279_1290_00129;129;;Rue Félix Pyat;18100;18279;Vierzon;;;2.089946;47.228962
18279_0890_00036_bis;36;bis;Rue de la Convention;18100;18279;Vierzon;;;2.103006;47.219344
18279_1877_00067;67;;Avenue Jean Jaurès;18100;18279;Vierzon;;;2.042936;47.231457
18279_3047_00027;27;;Rue Saint Exupéry;18100;18279;Vierzon;;;2.068307;47.204594
18279_0840_00011_a;11;a;Rue Claude Michaud;18100;18279;Vierzon;;;2.065577;47.214454
18279_1230_00073;73;;Rue Etienne Marcel;18100;18279;Vierzon;;;2.101563;47.217058
18279_2650_00007;7;;Rue de la Petite Noue;18100;18279;Vierzon;;;2.058167;47.208542
18279_2206_00009;9;;Rue Maryse Bastié;18100;18279;Vierzon;;;2.064228;47.203214
18279_0160_00046;46;;Rue Armand Bazile;18100;18279;Vierzon;;;2.075508;47.216544
18279_0080_00132;132;;Rue Anatole France;18100;18279;Vierzon;;;2.047604;47.223127
18279_1230_00083;83;;Rue Etienne Marcel;18100;18279;Vierzon;;;2.10195;47.2169
18279_2945_00011;11;;Rue de Rendsburg;18100;18279;Vierzon;;;2.08613;47.200486
18279_0290_00071_a;71;a;Rue Barbès;18100;18279;Vierzon;;;2.05594;47.236995
18279_1951_00027_b;27;b;Passage du Jonc;18100;18279;Vierzon;;;2.066455;47.210491
18279_1240_00048;48;;Rue Etienne Nivet;18100;18279;Vierzon;;;2.082804;47.22169
18279_0740_00007;7;;Rue Charles Hurvoy;18100;18279;Vierzon;;;2.070169;47.227303
18279_0310_00016_e;16;e;Rue du Bas de Grange;18100;18279;Vierzon;;;2.055325;47.224412
18279_1128_00119;119;;Avenue Edouard Vaillant;18100;18279;Vierzon;;;2.060963;47.239096
18279_1830_00065;65;;Rue Jacques Decour;18100;18279;Vierzon;;;2.088191;47.230057
18279_0465_00006;6;;Route du Bois Blanc;18100;18279;Vierzon;;;2.10652;47.207028
18279_1270_00003;3;;Petite Rue de Fay;18100;18279;Vierzon;;;2.050654;47.236164
18279_0420_00026;26;;Rue de la Bidauderie;18100;18279;Vierzon;;;2.080617;47.235211
18279_a070_00001;1;;Residence des Bruyeres;18100;18279;Vierzon;;;2.06467;47.204315
18279_0495_00016;16;;Chemin des Grands Bois;18100;18279;Vierzon;;;2.052661;47.237109
18279_2816_00065;65;;Passage du Pré d'Anet;18100;18279;Vierzon;;;2.081061;47.218558
18279_0482_00028;28;;Rue du Bois d'Yèvre;18100;18279;Vierzon;;;2.069454;47.217407
18279_2335_00027_a;27;a;Rue Miranda de Ebro;18100;18279;Vierzon;;;2.063971;47.218978
18279_0170_00046;46;;Rue Armand Brunet;18100;18279;Vierzon;;;2.070926;47.221603
18279_1210_00009;9;;Rue Etienne Desroches;18100;18279;Vierzon;;;2.100629;47.221472
18279_0740_00055;55;;Rue Charles Hurvoy;18100;18279;Vierzon;;;2.066079;47.228368
18279_1460_00023_bis;23;bis;Rue Garibaldi;18100;18279;Vierzon;;;2.057827;47.22244
18279_0273_00004;4;;Rue Baptiste Marcet;18100;18279;Vierzon;;;2.058621;47.238116
18279_1128_00039;39;;Avenue Edouard Vaillant;18100;18279;Vierzon;;;2.061233;47.232229
18279_1569_00003;3;;Chemin de Grands Champs;18100;18279;Vierzon;;;2.085665;47.247501
18279_1560_00022;22;;Rue Gourdon;18100;18279;Vierzon;;;2.066062;47.224433
18279_0095_00013;13;;Rue André Gide;18100;18279;Vierzon;;;2.095603;47.223346
18279_0030_00012;12;;Rue de l'Abricot;18100;18279;Vierzon;;;2.057231;47.220511
18279_2472_00037;37;;Route des Noues;18100;18279;Vierzon;;;2.042942;47.21142
18279_2630_00010;10;;Rue du Péry;18100;18279;Vierzon;;;2.082173;47.225301
18279_0210_00004;4;;Rue des Ateliers;18100;18279;Vierzon;;;2.053539;47.231381
18279_1308_00019;19;;Impasse des Feuillures;18100;18279;Vierzon;;;2.066265;47.211313
18279_1320_00050;50;;Route de Foëcy;18100;18279;Vierzon;;;2.104726;47.208089
18279_1715_00003;3;;Allee Hoche;18100;18279;Vierzon;;;2.046057;47.227473
18279_1693_00006;6;;Allee Guillaume Apollinaire;18100;18279;Vierzon;;;2.085181;47.220541
18279_0075_00039;39;;Rue Ambroise Croizat;18100;18279;Vierzon;;;2.069473;47.236287
18279_2830_00068;68;;Rue du President Wilson;18100;18279;Vierzon;;;2.053749;47.217193
18279_1536_00025;25;;Rue Georges Politzer;18100;18279;Vierzon;;;2.079907;47.204137
18279_1290_00167;167;;Rue Félix Pyat;18100;18279;Vierzon;;;2.094199;47.228494
18279_0270_00010;10;;Rue Babeuf;18100;18279;Vierzon;;;2.04672;47.234006
18279_2220_00036;36;;Rue du Maréchal Joffre;18100;18279;Vierzon;;;2.069474;47.223135
18279_0120_00131;131;;Rue André Ribaud;18100;18279;Vierzon;;;2.074968;47.236064
18279_2220_00016;16;;Rue du Maréchal Joffre;18100;18279;Vierzon;;;2.068873;47.223229
18279_1478_00001;1;;Impasse de la Gaucherie;18100;18279;Vierzon;;;2.066267;47.221884
18279_2950_00062;62;;Avenue de la République;18100;18279;Vierzon;;;2.062902;47.224512
18279_1230_00022_ter;22;ter;Rue Etienne Marcel;18100;18279;Vierzon;;;2.09567;47.218052
18279_0290_00023;23;;Rue Barbès;18100;18279;Vierzon;;;2.052696;47.23449
18279_1050_00015_a;15;a;Impasse Diderot;18100;18279;Vierzon;;;2.070799;47.21745
18279_1693_00007;7;;Allee Guillaume Apollinaire;18100;18279;Vierzon;;;2.084989;47.220703
18279_2070_00018;18;;Boulevard de la Liberté;18100;18279;Vierzon;;;2.066049;47.226802
18279_1480_00056;56;;Rue de la Gaucherie;18100;18279;Vierzon;;;2.06394;47.223502
18279_2155_00057_p;57;p;Avenue du 8 Mai 1945;18100;18279;Vierzon;;;2.079233;47.230917
18279_1155_00069;69;;Rue Emile Desforges;18100;18279;Vierzon;;;2.086835;47.230115
18279_0080_00055_b;55;b;Rue Anatole France;18100;18279;Vierzon;;;2.056129;47.221614
18279_3180_00004;4;;Rue Van Craeynest;18100;18279;Vierzon;;;2.064557;47.209796
18279_0030_00030;30;;Rue de l'Abricot;18100;18279;Vierzon;;;2.055442;47.220653
18279_0273_00012;12;;Rue Baptiste Marcet;18100;18279;Vierzon;;;2.058821;47.238819
18279_0568_00006;6;;Chemin du Briou;18100;18279;Vierzon;;;2.085127;47.224741
18279_1980_00026;26;;Rue Jules Guesde;18100;18279;Vierzon;;;2.047361;47.227541
18279_1430_00007;7;;Rue Gallerand;18100;18279;Vierzon;;;2.067926;47.222584
18279_66j5mf_00019;19;;Chemin des Noues;18100;18279;Vierzon;;;2.046145;47.210263
18279_0370_00006;6;;Route de Bellon;18100;18279;Vierzon;;;2.070089;47.214222
18279_3084_00005_bis;5;bis;Chemin du Stade Constant Duval;18100;18279;Vierzon;;;2.057831;47.239867
18279_0714_00015;15;;Rue du Champ du Four;18100;18279;Vierzon;;;2.08063;47.234613
18279_0120_00045;45;;Rue André Ribaud;18100;18279;Vierzon;;;2.067888;47.231538
18279_2190_00033_a;33;a;Rue Marcel Perrin;18100;18279;Vierzon;;;2.071258;47.226259
18279_3133_00037;37;;Route de Tours;18100;18279;Vierzon;;;2.037164;47.234142
18279_2594_00006;6;;Rue Paul Valery;18100;18279;Vierzon;;;2.067455;47.209358
18279_1535_00048;48;;Rue Georges Fauconnier;18100;18279;Vierzon;;;2.069718;47.23931
18279_1510_00001;1;;Grande Rue de la Genette;18100;18279;Vierzon;;;2.059255;47.216219
18279_0990_00120;120;;Rue Danielle Casanova;18100;18279;Vierzon;;;2.074254;47.213015
18279_2060_00006;6;;Rue Léon Bourgeois;18100;18279;Vierzon;;;2.058637;47.213091
18279_0290_00041;41;;Rue Barbès;18100;18279;Vierzon;;;2.054056;47.235117
18279_2850_00009;9;;Rue Proudhon;18100;18279;Vierzon;;;2.048772;47.231432
18279_1128_00107_b;107;b;Avenue Edouard Vaillant;18100;18279;Vierzon;;;2.060908;47.238177
18279_1155_00054;54;;Rue Emile Desforges;18100;18279;Vierzon;;;2.085994;47.229473
18279_a140_00006;6;;Résidence des Coumelins;18100;18279;Vierzon;;;2.099436;47.221915
18279_1220_00033;33;;Rue Etienne Dolet;18100;18279;Vierzon;;;2.100549;47.2123
18279_1549_00014;14;;Chemin de la Giraudiere;18100;18279;Vierzon;;;2.028752;47.235133
18279_1120_00007;7;;Rue Edouard Branly;18100;18279;Vierzon;;;2.104774;47.216973
18279_3202_00038;38;;Avenue de Verdun;18100;18279;Vierzon;;;2.073724;47.225532
18279_0051_00001;1;;Rue Alain Fournier;18100;18279;Vierzon;;;2.079764;47.231337
18279_1060_00015_a;15;a;Rue du Docteur Lobligeois;18100;18279;Vierzon;;;2.057674;47.217069
18279_1549_00021;21;;Chemin de la Giraudiere;18100;18279;Vierzon;;;2.028207;47.236991
18279_3150_00071;71;;Place Vaillant Couturier;18100;18279;Vierzon;;;2.070628;47.223214
18279_a070_00003;3;;Residence des Bruyeres;18100;18279;Vierzon;;;2.064863;47.204443
18279_2290_00035;35;;Rue des Meunières;18100;18279;Vierzon;;;2.054358;47.234532
18279_2560_00064;64;;Rue Pasteur;18100;18279;Vierzon;;;2.090115;47.219109
18279_3020_00019;19;;Rue de Ronvaux;18100;18279;Vierzon;;;2.053202;47.225088
18279_0710_00019_t;19;t;Rue du Champanet;18100;18279;Vierzon;;;2.06226;47.220077
18279_2330_00031;31;;Rue Mirabeau;18100;18279;Vierzon;;;2.054384;47.211189
18279_2188_00023;23;;Rue Marcel Pagnol;18100;18279;Vierzon;;;2.075269;47.209678
18279_1360_00012_a;12;a;Impasse des Fossés;18100;18279;Vierzon;;;2.06851;47.223961
18279_0150_00002_bis;2;bis;Place Aristide Briand;18100;18279;Vierzon;;;2.067077;47.221698
18279_1821_00004;4;;Rue Jacqueline Auriol;18100;18279;Vierzon;;;2.065677;47.203424
18279_0817_00007;7;;Chemin du Chevry;18100;18279;Vierzon;;;2.116607;47.215427
18279_2795_00031;31;;Rue des Ponts;18100;18279;Vierzon;;;2.066463;47.218999
18279_0275_00008;8;;Rue Bara;18100;18279;Vierzon;;;2.045408;47.2324
18279_1929_00008;8;;Impasse de Jérusalem;18100;18279;Vierzon;;;2.066342;47.218173
18279_1230_00108;108;;Rue Etienne Marcel;18100;18279;Vierzon;;;2.102084;47.216724
18279_2659_00028;28;;Chemin des Petites Vèves;18100;18279;Vierzon;;;2.021434;47.237004
18279_2605_00023;23;;Ruelle du Pavillon;18100;18279;Vierzon;;;2.070465;47.225014
18279_0140_00005;5;;Rue Antonin Lerault;18100;18279;Vierzon;;;2.065826;47.215479
18279_0541_00002;2;;Passage du Bourdoiseau;18100;18279;Vierzon;;;2.062632;47.235373
18279_0130_00019;19;;Rue Antoine Parmentier;18100;18279;Vierzon;;;2.045402;47.229511
18279_1240_00060;60;;Rue Etienne Nivet;18100;18279;Vierzon;;;2.084205;47.221403
18279_0013_00013;13;;Rue Abbé Pierre;18100;18279;Vierzon;;;2.080865;47.23385
18279_1310_00005;5;;Rue des Feuillures;18100;18279;Vierzon;;;2.067244;47.212946
18279_1230_00007;7;;Rue Etienne Marcel;18100;18279;Vierzon;;;2.09423;47.218349
18279_2560_00014;14;;Rue Pasteur;18100;18279;Vierzon;;;2.085253;47.22008
18279_1155_00008;8;;Rue Emile Desforges;18100;18279;Vierzon;;;2.081793;47.226695
18279_2590_00018;18;;Rue Paul Lafargue;18100;18279;Vierzon;;;2.070914;47.22235
18279_2640_00021;21;;Route du Petit Râteau;18100;18279;Vierzon;;;2.097086;47.231071
18279_1840_00039;39;;Rue Jean-baptiste Clément;18100;18279;Vierzon;;;2.072012;47.230618
18279_1730_00023;23;;Avenue Henri Brisson;18100;18279;Vierzon;;;2.061303;47.227874
18279_0942_00026;26;;Impasse de la Craillo;18100;18279;Vierzon;;;2.067882;47.237168
18279_1950_00013;13;;Avenue du Jonc;18100;18279;Vierzon;;;2.0648;47.210398
18279_1120_00019;19;;Rue Edouard Branly;18100;18279;Vierzon;;;2.104425;47.217888
18279_2795_00055;55;;Rue des Ponts;18100;18279;Vierzon;;;2.066099;47.218384
18279_3047_00037;37;;Rue Saint Exupéry;18100;18279;Vierzon;;;2.068142;47.20401
18279_3073_00021_c;21;c;Rue de la Société Française;18100;18279;Vierzon;;;2.05855;47.225486
18279_2265_00008;8;;Residence Mermoz Sud;18100;18279;Vierzon;;;2.062563;47.203349
18279_3202_00020_c;20;c;Avenue de Verdun;18100;18279;Vierzon;;;2.072802;47.224804
18279_1144_00030;30;;Rue Elsa Triolet;18100;18279;Vierzon;;;2.0849;47.229914
18279_2100_00007;7;;Rue des Longueraies;18100;18279;Vierzon;;;2.057703;47.231434
18279_2025_00033;33;;avenue maréchal jean de lattre de tassigny;18100;18279;Vierzon;;;2.06737;47.20735
18279_2240_00003;3;;Rue Mattéoti;18100;18279;Vierzon;;;2.061859;47.214953
18279_0075_00059;59;;Rue Ambroise Croizat;18100;18279;Vierzon;;;2.069957;47.237419
18279_1580_00015;15;;Rue du Grand Clement;18100;18279;Vierzon;;;2.07251;47.227904
18279_671bao_00003_c;3;c;avenue maréchal philippe leclerc de hauteclocque;18100;18279;Vierzon;;;2.061634;47.209854
18279_0542_00050;50;;Rue du Bourdoiseau;18100;18279;Vierzon;;;2.062489;47.234264
18279_1180_00018;18;;Rue Ernest Renan;18100;18279;Vierzon;;;2.074719;47.217017
18279_2870_00074;74;;Route de Puits Berteau;18100;18279;Vierzon;;;2.075975;47.23689
18279_1990_00029;29;;Rue Jules Louis Breton;18100;18279;Vierzon;;;2.077918;47.22094
18279_0290_00063;63;;Rue Barbès;18100;18279;Vierzon;;;2.055707;47.235595
18279_0445_00087;87;;Chemin Blanc;18100;18279;Vierzon;;;2.06328;47.202185
18279_1830_00063;63;;Rue Jacques Decour;18100;18279;Vierzon;;;2.088277;47.229943
18279_1536_00096;96;;Rue Georges Politzer;18100;18279;Vierzon;;;2.08118;47.20363
18279_3207_00003;3;;Rue du Vert Pommier;18100;18279;Vierzon;;;2.067184;47.22374
18279_1128_00026_g;26;g;Avenue Edouard Vaillant;18100;18279;Vierzon;;;2.060982;47.231141
18279_3150_00014;14;;Place Vaillant Couturier;18100;18279;Vierzon;;;2.069814;47.223514
18279_0545_00052;52;;Route de Bourges;18100;18279;Vierzon;;;2.121987;47.214075
18279_3160_00011;11;;Rue du Val Fleury;18100;18279;Vierzon;;;2.070914;47.2119
18279_0130_00002;2;;Rue Antoine Parmentier;18100;18279;Vierzon;;;2.047298;47.228987
18279_3047_00039;39;;Rue Saint Exupéry;18100;18279;Vierzon;;;2.068105;47.203901
18279_0258_00004;4;;Impasse Babeuf;18100;18279;Vierzon;;;2.042385;47.23342
18279_2995_00008;8;;Rue Roland Champenier;18100;18279;Vierzon;;;2.068792;47.238702
18279_2960_00010;10;;Place de la Résistance;18100;18279;Vierzon;;;2.073115;47.223035
18279_2520_00028;28;;Rue du Panorama;18100;18279;Vierzon;;;2.069365;47.210855
18279_1230_00027;27;;Rue Etienne Marcel;18100;18279;Vierzon;;;2.097445;47.217975
18279_2795_00047;47;;Rue des Ponts;18100;18279;Vierzon;;;2.066215;47.218582
18279_2190_00024;24;;Rue Marcel Perrin;18100;18279;Vierzon;;;2.070958;47.225088
18279_0385_00004;4;;Chemin des Bergeries;18100;18279;Vierzon;;;2.054748;47.223436
18279_0417_00033;33;;Rue Berty Albrecht;18100;18279;Vierzon;;;2.05404;47.210244
18279_3133_00061;61;;Route de Tours;18100;18279;Vierzon;;;2.035501;47.235139
18279_3202_00072;72;;Avenue de Verdun;18100;18279;Vierzon;;;2.075262;47.226338
18279_1549_00034;34;;Chemin de la Giraudiere;18100;18279;Vierzon;;;2.028671;47.23765
18279_2189_00011_b;11;b;Rue Marcel Paul;18100;18279;Vierzon;;;2.089633;47.235151
18279_3147_00006;6;;Rue de l'Unité;18100;18279;Vierzon;;;2.072991;47.235186
18279_1670_00002;2;;Rue du Gros Caillou;18100;18279;Vierzon;;;2.069123;47.222097
18279_2370_00006;6;;Rue de la Montagne;18100;18279;Vierzon;;;2.073097;47.222096
18279_1591_00022_bis;22;bis;Chemin du Grand Orme;18100;18279;Vierzon;;;2.101928;47.231853
18279_3202_00037;37;;Avenue de Verdun;18100;18279;Vierzon;;;2.073553;47.225577
18279_1320_00022;22;;Route de Foëcy;18100;18279;Vierzon;;;2.102497;47.209401
18279_0740_00017;17;;Rue Charles Hurvoy;18100;18279;Vierzon;;;2.069186;47.227515
18279_1569_00002;2;;Chemin de Grands Champs;18100;18279;Vierzon;;;2.085665;47.24692
18279_1230_00107_b;107;b;Rue Etienne Marcel;18100;18279;Vierzon;;;2.105066;47.21642
18279_0866_00045;45;;Avenue du Colonel Manhes;18100;18279;Vierzon;;;2.084035;47.224167
18279_1210_00007;7;;Rue Etienne Desroches;18100;18279;Vierzon;;;2.100311;47.221577
18279_2485_00018;18;;Rue du 11 Novembre 1918;18100;18279;Vierzon;;;2.065236;47.221625
18279_3048_00010;10;;Route de Saint Laurent;18100;18279;Vierzon;;;2.115817;47.215954
18279_3202_00034;34;;Avenue de Verdun;18100;18279;Vierzon;;;2.073628;47.225456
18279_2608_00015_bis;15;bis;Chemin des Peages;18100;18279;Vierzon;;;2.030192;47.225836
18279_2720_00043;43;;Rue Pierre Dupont;18100;18279;Vierzon;;;2.044145;47.237023
18279_2870_00043;43;;Route de Puits Berteau;18100;18279;Vierzon;;;2.076451;47.235949
18279_2406_00012;12;;Impasse Mozart;18100;18279;Vierzon;;;2.07882;47.231242
18279_1696_00009_bis;9;bis;Rue Gustave Flaubert;18100;18279;Vierzon;;;2.077741;47.19992
18279_1795_00001;1;;Place de l’Hotel de Ville;18100;18279;Vierzon;;;2.069844;47.221635
18279_2910_00020;20;;Avenue du 14 Juillet;18100;18279;Vierzon;;;2.064844;47.215133
18279_3280_00082;82;;Rue de Villeneuve;18100;18279;Vierzon;;;2.069624;47.208405
18279_3202_00025_a;25;a;Avenue de Verdun;18100;18279;Vierzon;;;2.073094;47.22524
18279_1720_01025;1025;;Rue Henri Barbusse;18100;18279;Vierzon;;;2.065669;47.238049
18279_2070_00003;3;;Boulevard de la Liberté;18100;18279;Vierzon;;;2.068842;47.226333
18279_a255_00006;6;;Residence d’Hery;18100;18279;Vierzon;;;2.074548;47.208585
18279_2055_00008;8;;Rue Lénine;18100;18279;Vierzon;;;2.064095;47.232969
18279_2960_00003_bis;3;bis;Place de la Résistance;18100;18279;Vierzon;;;2.071825;47.22424
18279_0817_00004;4;;Chemin du Chevry;18100;18279;Vierzon;;;2.116195;47.215287
18279_2485_00002;2;;Rue du 11 Novembre 1918;18100;18279;Vierzon;;;2.066546;47.221644
18279_1170_00029;29;;Rue des Epinettes;18100;18279;Vierzon;;;2.069947;47.226985
18279_1825_00026;26;;Rue Jacques Brel;18100;18279;Vierzon;;;2.080738;47.199503
18279_2025_00013;13;;avenue maréchal jean de lattre de tassigny;18100;18279;Vierzon;;;2.064239;47.209095
18279_2795_00064;64;;Rue des Ponts;18100;18279;Vierzon;;;2.066427;47.218775
18279_1520_00020;20;;Rue George Sand;18100;18279;Vierzon;;;2.066773;47.225728
18279_0075_00049;49;;Rue Ambroise Croizat;18100;18279;Vierzon;;;2.0694;47.236808
18279_0495_00014_a;14;a;Chemin des Grands Bois;18100;18279;Vierzon;;;2.052499;47.236796
18279_2501_00019;19;;Rue Pablo Casals;18100;18279;Vierzon;;;2.082523;47.20102
18279_1391_00003;3;;Rue de la Fringale;18100;18279;Vierzon;;;2.040636;47.232694
18279_1265_00015;15;;Impasse de Fay;18100;18279;Vierzon;;;2.052745;47.235767
18279_3091_00017;17;;Chemin des Tailles;18100;18279;Vierzon;;;2.0582;47.239186
18279_0497_00030;30;;Chemin de Bois Marteau;18100;18279;Vierzon;;;2.05498;47.240672
18279_0075_00006;6;;Rue Ambroise Croizat;18100;18279;Vierzon;;;2.069889;47.235377
18279_2080_00048_a;48;a;Route de la Loeuf;18100;18279;Vierzon;;;2.036486;47.217003
18279_1250_00006;6;;Rue Eugène Pottier;18100;18279;Vierzon;;;2.098989;47.21799
18279_66j5mf_00015;15;;Chemin des Noues;18100;18279;Vierzon;;;2.046676;47.210071
18279_0387_00016;16;;Passage des Bergeries;18100;18279;Vierzon;;;2.050914;47.2241
18279_1720_00013;13;;Rue Henri Barbusse;18100;18279;Vierzon;;;2.063979;47.230196
18279_0258_00006;6;;Impasse Babeuf;18100;18279;Vierzon;;;2.042364;47.233508
18279_1220_00004;4;;Rue Etienne Dolet;18100;18279;Vierzon;;;2.100677;47.216007
18279_1569_00005;5;;Chemin de Grands Champs;18100;18279;Vierzon;;;2.085851;47.24784
18279_2850_00010_f;10;f;Rue Proudhon;18100;18279;Vierzon;;;2.048209;47.231121
18279_0750_00012;12;;Allee des Chataigniers;18100;18279;Vierzon;;;2.043441;47.230033
18279_2625_00012;12;;Chemin du Perdrier;18100;18279;Vierzon;;;2.097382;47.222559
18279_1290_00147;147;;Rue Félix Pyat;18100;18279;Vierzon;;;2.09172;47.228745
18279_2710_00034;34;;Rue Pierre Debournou;18100;18279;Vierzon;;;2.06277;47.224279
18279_2648_00021;21;;Chemin de la Petite Noue;18100;18279;Vierzon;;;2.064091;47.204077
18279_1100_00005;5;;Rue des Ecoles;18100;18279;Vierzon;;;2.062805;47.214868
18279_0840_00013;13;;Rue Claude Michaud;18100;18279;Vierzon;;;2.066056;47.213832
18279_0082_00030;30;;Petite Rue Anatole France;18100;18279;Vierzon;;;2.048464;47.221168
18279_0290_00005;5;;Rue Barbès;18100;18279;Vierzon;;;2.051706;47.233373
18279_1380_00006;6;;Rue des Francs Tireurs;18100;18279;Vierzon;;;2.105314;47.217425
18279_1230_00022;22;;Rue Etienne Marcel;18100;18279;Vierzon;;;2.095535;47.218069
18279_1530_00011;11;;Rue Georges Clémenceau;18100;18279;Vierzon;;;2.057258;47.215666
18279_1535_00005;5;;Rue Georges Fauconnier;18100;18279;Vierzon;;;2.070053;47.237681
18279_2640_00032;32;;Route du Petit Râteau;18100;18279;Vierzon;;;2.097217;47.231136
18279_1840_00106;106;;Rue Jean-baptiste Clément;18100;18279;Vierzon;;;2.076999;47.233377
18279_1720_00022;22;;Rue Henri Barbusse;18100;18279;Vierzon;;;2.065186;47.230409
18279_3285_00019;19;;Rue Vincent Auriol;18100;18279;Vierzon;;;2.087486;47.199693
18279_3141_00011_a;11;a;Chemin de la Trietterie;18100;18279;Vierzon;;;2.09932;47.242676
18279_1375_00050;50;;Rue France Bloch-sérazin;18100;18279;Vierzon;;;2.077317;47.205524
18279_1440_00036;36;;Rue Gambetta;18100;18279;Vierzon;;;2.098871;47.219038
18279_1062_00016;16;;Rue du Docteur Pierre Roux;18100;18279;Vierzon;;;2.071141;47.223853
18279_2290_00041;41;;Rue des Meunières;18100;18279;Vierzon;;;2.053785;47.234522
18279_0080_00061;61;;Rue Anatole France;18100;18279;Vierzon;;;2.055249;47.221849
18279_2995_00021;21;;Rue Roland Champenier;18100;18279;Vierzon;;;2.069124;47.238897
18279_0840_00023;23;;Rue Claude Michaud;18100;18279;Vierzon;;;2.067205;47.213902
18279_2503_00022;22;;Rue Pablo Picasso;18100;18279;Vierzon;;;2.083953;47.200592
18279_3400_00003;3;;Voie Communale Z I de l'Aujonniere;18100;18279;Vierzon;;;2.087214;47.235187
18279_0950_00005;5;;Chemin des Crêles;18100;18279;Vierzon;;;2.082046;47.198043
18279_0370_00064;64;;Route de Bellon;18100;18279;Vierzon;;;2.077368;47.212091
18279_2390_01465;1465;;Rue du Mouton;18100;18279;Vierzon;;;2.090815;47.229301
18279_2795_00036;36;;Rue des Ponts;18100;18279;Vierzon;;;2.066875;47.219556
18279_3210_00004;4;;Rue Victor Hugo;18100;18279;Vierzon;;;2.067685;47.223403
18279_3202_00001;1;;Avenue de Verdun;18100;18279;Vierzon;;;2.072034;47.224372
18279_0045_00008_a;8;a;Route d'Ainset;18100;18279;Vierzon;;;2.07744;47.236833
18279_a210_00002;2;;Residence de la Foret;18100;18279;Vierzon;;;2.063724;47.239038
18279_0170_00059;59;;Rue Armand Brunet;18100;18279;Vierzon;;;2.072346;47.221284
18279_1700_00016;16;;Rue Gustave Flourens;18100;18279;Vierzon;;;2.057309;47.230619
18279_2605_00021;21;;Ruelle du Pavillon;18100;18279;Vierzon;;;2.070427;47.224878
18279_2870_00173;173;;Route de Puits Berteau;18100;18279;Vierzon;;;2.063308;47.239454
18279_0080_00041;41;;Rue Anatole France;18100;18279;Vierzon;;;2.057456;47.22139
18279_1200_00019;19;;Rue de l'Etape;18100;18279;Vierzon;;;2.06973;47.222569
18279_1200_00006;6;;Rue de l'Etape;18100;18279;Vierzon;;;2.068943;47.222726
18279_0545_00020;20;;Route de Bourges;18100;18279;Vierzon;;;2.111526;47.214868
18279_1930_00021;21;;Rue de Jérusalem;18100;18279;Vierzon;;;2.065625;47.218157
18279_1980_00018_bis;18;bis;Rue Jules Guesde;18100;18279;Vierzon;;;2.048329;47.22747
18279_1877_00038;38;;Avenue Jean Jaurès;18100;18279;Vierzon;;;2.046083;47.230866
18279_3202_00064_c;64;c;Avenue de Verdun;18100;18279;Vierzon;;;2.074547;47.22619
18279_0360_00016;16;;Rue de Bellevue;18100;18279;Vierzon;;;2.071791;47.208902
18279_1690_00007;7;;Route de Guérigny;18100;18279;Vierzon;;;2.132652;47.214446
18279_2945_00005;5;;Rue de Rendsburg;18100;18279;Vierzon;;;2.086572;47.200752
18279_2070_00017;17;;Boulevard de la Liberté;18100;18279;Vierzon;;;2.06762;47.226622
18279_2030_00004;4;;Rue Lavoisier;18100;18279;Vierzon;;;2.066232;47.226138
18279_3202_00043_bis;43;bis;Avenue de Verdun;18100;18279;Vierzon;;;2.073696;47.225684
18279_3280_00098;98;;Rue de Villeneuve;18100;18279;Vierzon;;;2.069039;47.207342
18279_2340_00015;15;;Rue Molière;18100;18279;Vierzon;;;2.065094;47.218961
18279_a150_00009;9;;Residence les Dumaines;18100;18279;Vierzon;;;2.093937;47.219514
18279_671bao_00050;50;;avenue maréchal philippe leclerc de hauteclocque;18100;18279;Vierzon;;;2.053101;47.208717
18279_2220_00052;52;;Rue du Maréchal Joffre;18100;18279;Vierzon;;;2.070369;47.222997
18279_0980_00033;33;;Rue du Crot à Foulon;18100;18279;Vierzon;;;2.062403;47.231289
18279_1128_00015_h;15;h;Avenue Edouard Vaillant;18100;18279;Vierzon;;;2.062012;47.230344
18279_0370_00111;111;;Route de Bellon;18100;18279;Vierzon;;;2.079534;47.209432
18279_0435_00015;15;;Rue de Bitterfeld;18100;18279;Vierzon;;;2.083914;47.203344
18279_0445_00051;51;;Chemin Blanc;18100;18279;Vierzon;;;2.059191;47.205287
18279_2870_00103;103;;Route de Puits Berteau;18100;18279;Vierzon;;;2.070606;47.237454
18279_1840_00003_ter;3;ter;Rue Jean-baptiste Clément;18100;18279;Vierzon;;;2.070892;47.227561
18279_a210_00007;7;;Residence de la Foret;18100;18279;Vierzon;;;2.064451;47.238642
18279_2620_00017;17;;Rue des Pentecotes;18100;18279;Vierzon;;;2.060149;47.227665
18279_0310_00016_b;16;b;Rue du Bas de Grange;18100;18279;Vierzon;;;2.05542;47.224391
18279_0160_00049;49;;Rue Armand Bazile;18100;18279;Vierzon;;;2.074816;47.216648
18279_0120_00108;108;;Rue André Ribaud;18100;18279;Vierzon;;;2.072313;47.234523
18279_0370_00033;33;;Route de Bellon;18100;18279;Vierzon;;;2.072976;47.213617
18279_2330_00014;14;;Rue Mirabeau;18100;18279;Vierzon;;;2.056544;47.213341
18279_3271_00003;3;;Route du Village d’En Haut;18100;18279;Vierzon;;;2.10976;47.230048
18279_2220_00017;17;;Rue du Maréchal Joffre;18100;18279;Vierzon;;;2.069119;47.223131
18279_2155_00007;7;;Avenue du 8 Mai 1945;18100;18279;Vierzon;;;2.075857;47.227412
18279_0053_00004;4;;Rue Alfred Nobel;18100;18279;Vierzon;;;2.076722;47.20139
18279_2990_00006;6;;Rue Robespierre;18100;18279;Vierzon;;;2.095791;47.218683
18279_2625_00011_ter;11;ter;Chemin du Perdrier;18100;18279;Vierzon;;;2.096807;47.224487
18279_2910_00081;81;;Avenue du 14 Juillet;18100;18279;Vierzon;;;2.06251;47.210207
18279_1510_00006;6;;Grande Rue de la Genette;18100;18279;Vierzon;;;2.059352;47.216295
18279_0963_00011_a;11;a;Route de la Croix;18100;18279;Vierzon;;;2.098457;47.228707
18279_0370_00081_b;81;b;Route de Bellon;18100;18279;Vierzon;;;2.078413;47.212091
18279_0623_00017;17;;Rue Camelinat;18100;18279;Vierzon;;;2.072108;47.235854
18279_a300_00005;5;;Residence les Moulins Verts;18100;18279;Vierzon;;;2.062829;47.22992
18279_1160_00005;5;;Rue Emile Zola;18100;18279;Vierzon;;;2.037739;47.225751
18279_0623_00015;15;;Rue Camelinat;18100;18279;Vierzon;;;2.072255;47.235843
18279_1128_00116;116;;Avenue Edouard Vaillant;18100;18279;Vierzon;;;2.06069;47.238535
18279_1140_00014;14;;Place de l'Eglise des Forges;18100;18279;Vierzon;;;2.102076;47.213296
18279_2714_00011;11;;Allée Pierre de Coubertin;18100;18279;Vierzon;;;2.077027;47.209603
18279_1158_00007;7;;Rue du Square Emile Peraudin;18100;18279;Vierzon;;;2.063542;47.223899
18279_p07zqe_00015;15;;Chemin du Pre d’Anet;18100;18279;Vierzon;;;2.075011;47.219729
18279_0866_00054;54;;Avenue du Colonel Manhes;18100;18279;Vierzon;;;2.083402;47.223231
18279_3048_00021;21;;Route de Saint Laurent;18100;18279;Vierzon;;;2.117642;47.218203
18279_0714_00026;26;;Rue du Champ du Four;18100;18279;Vierzon;;;2.080759;47.234647
18279_2950_00046;46;;Avenue de la République;18100;18279;Vierzon;;;2.064639;47.223711
18279_1144_00014;14;;Rue Elsa Triolet;18100;18279;Vierzon;;;2.083564;47.229612
18279_0500_00010;10;;Rue Boitard;18100;18279;Vierzon;;;2.07017;47.214629
18279_66j5mf_00016;16;;Chemin des Noues;18100;18279;Vierzon;;;2.048757;47.209877
18279_3048_00027;27;;Route de Saint Laurent;18100;18279;Vierzon;;;2.118752;47.218904
18279_2625_00016;16;;Chemin du Perdrier;18100;18279;Vierzon;;;2.097332;47.222802
18279_1710_00010;10;;Rue Guy Môquet;18100;18279;Vierzon;;;2.076661;47.211794
18279_1055_00018_k;18;k;Avenue du 19 Mars 1962;18100;18279;Vierzon;;;2.092234;47.240065
18279_0352_00017;17;;Rue Beethoven;18100;18279;Vierzon;;;2.079334;47.23505
18279_0042_00015;15;;Chemin des Ajoncs;18100;18279;Vierzon;;;2.081335;47.238036
18279_1280_00012;12;;Rue de Fay;18100;18279;Vierzon;;;2.050779;47.234911
18279_0550_00003;3;;Rue du Bourgneuf;18100;18279;Vierzon;;;2.06438;47.215893
18279_1538_00042_a;42;a;Rue Georges Rousseau;18100;18279;Vierzon;;;2.057742;47.210996
18279_1060_00001_bis;1;bis;Rue du Docteur Lobligeois;18100;18279;Vierzon;;;2.059913;47.216518
18279_1510_00004;4;;Grande Rue de la Genette;18100;18279;Vierzon;;;2.05911;47.216299
18279_1062_00004;4;;Rue du Docteur Pierre Roux;18100;18279;Vierzon;;;2.069033;47.224125
18279_0760_00005;5;;Passage du Chateau;18100;18279;Vierzon;;;2.071868;47.22303
18279_0890_00087;87;;Rue de la Convention;18100;18279;Vierzon;;;2.107364;47.221753
18279_0310_00062;62;;Rue du Bas de Grange;18100;18279;Vierzon;;;2.048846;47.225343
18279_1929_00013;13;;Impasse de Jérusalem;18100;18279;Vierzon;;;2.066903;47.218201
18279_2630_00001_b;1;b;Rue du Péry;18100;18279;Vierzon;;;2.08249;47.225333
18279_1255_00029;29;;Rue Evariste Galois;18100;18279;Vierzon;;;2.084956;47.20171
18279_1875_00007;7;;Rue Jean Giono;18100;18279;Vierzon;;;2.077936;47.209302
18279_0052_00011;11;;Rue Albert et Paul Thouvenin;18100;18279;Vierzon;;;2.106745;47.208792
18279_0310_00018;18;;Rue du Bas de Grange;18100;18279;Vierzon;;;2.054849;47.22489
18279_0329_00007;7;;Impasse Baudin;18100;18279;Vierzon;;;2.060683;47.220548
18279_3087_00026;26;;Rue de Stalingrad;18100;18279;Vierzon;;;2.08187;47.232454
18279_0460_00005;5;;Rue Blanqui;18100;18279;Vierzon;;;2.050624;47.228172
18279_3110_00013;13;;Rue des Terres Mortes;18100;18279;Vierzon;;;2.056832;47.207548
18279_1370_00012;12;;Rue Fourier;18100;18279;Vierzon;;;2.059734;47.230094
18279_0417_00002_bis;2;bis;Rue Berty Albrecht;18100;18279;Vierzon;;;2.057081;47.211694
18279_1710_00096;96;;Rue Guy Môquet;18100;18279;Vierzon;;;2.073884;47.211838
18279_1870_00014;14;;Rue Jean Jacques Rousseau;18100;18279;Vierzon;;;2.07327;47.218533
18279_1560_00050;50;;Rue Gourdon;18100;18279;Vierzon;;;2.063028;47.224749
18279_0660_00004_d;4;d;Rue Célestin Gérard;18100;18279;Vierzon;;;2.054925;47.22646
18279_0120_00124_bis;124;bis;Rue André Ribaud;18100;18279;Vierzon;;;2.073778;47.235064
18279_2270_00007;7;;Rue Meunier;18100;18279;Vierzon;;;2.045497;47.230102
18279_0140_00027;27;;Rue Antonin Lerault;18100;18279;Vierzon;;;2.068734;47.214759
18279_0389_00009;9;;Passage des Bergeries Est;18100;18279;Vierzon;;;2.051572;47.224051
18279_1070_00004;4;;Rue des Donneaux;18100;18279;Vierzon;;;2.045238;47.227719
18279_3305_00007;7;;Rue de Wittelsheim;18100;18279;Vierzon;;;2.072314;47.224135
18279_2320_00006;6;;Rue Millière;18100;18279;Vierzon;;;2.04848;47.226682
18279_0082_00009;9;;Petite Rue Anatole France;18100;18279;Vierzon;;;2.050005;47.220273
18279_1290_00180;180;;Rue Félix Pyat;18100;18279;Vierzon;;;2.096757;47.228026
18279_0210_00003;3;;Rue des Ateliers;18100;18279;Vierzon;;;2.053733;47.230791
18279_0435_00044;44;;Rue de Bitterfeld;18100;18279;Vierzon;;;2.08722;47.201062
18279_1930_00022;22;;Rue de Jérusalem;18100;18279;Vierzon;;;2.066281;47.217667
18279_1240_00058;58;;Rue Etienne Nivet;18100;18279;Vierzon;;;2.083972;47.22144
18279_2795_00019;19;;Rue des Ponts;18100;18279;Vierzon;;;2.066741;47.21949
18279_0790_00021;21;;Rue du Château d'Eau;18100;18279;Vierzon;;;2.065779;47.20855
18279_0130_00018;18;;Rue Antoine Parmentier;18100;18279;Vierzon;;;2.046101;47.229306
18279_0270_00029;29;;Rue Babeuf;18100;18279;Vierzon;;;2.043765;47.233358
18279_2309_00001;1;;Chemin des Millards;18100;18279;Vierzon;;;2.09898;47.231998
18279_1938_00001;1;;Chemin des Joffrois;18100;18279;Vierzon;;;2.105556;47.221106
18279_2058_00034;34;;Rue Léo Mérigot;18100;18279;Vierzon;;;2.051047;47.228938
18279_3047_00022;22;;Rue Saint Exupéry;18100;18279;Vierzon;;;2.068213;47.204822
18279_0962_00016_bis;16;bis;Chemin de la Croix;18100;18279;Vierzon;;;2.109485;47.230435
18279_0790_00005;5;;Rue du Château d'Eau;18100;18279;Vierzon;;;2.066113;47.209573
18279_a210_00013;13;;Residence de la Foret;18100;18279;Vierzon;;;2.063891;47.238547
18279_1128_00066;66;;Avenue Edouard Vaillant;18100;18279;Vierzon;;;2.060846;47.234691
18279_2826_00012_a;12;a;Chemin du Pre Long;18100;18279;Vierzon;;;2.050929;47.240026
18279_1980_00055_b;55;b;Rue Jules Guesde;18100;18279;Vierzon;;;2.044164;47.230297
18279_1290_00124_b;124;b;Rue Félix Pyat;18100;18279;Vierzon;;;2.091045;47.22809
18279_0710_00059;59;;Rue du Champanet;18100;18279;Vierzon;;;2.058956;47.220316
18279_2720_00033;33;;Rue Pierre Dupont;18100;18279;Vierzon;;;2.044851;47.236136
18279_2058_00004_b;4;b;Rue Léo Mérigot;18100;18279;Vierzon;;;2.049772;47.230275
18279_1700_00007;7;;Rue Gustave Flourens;18100;18279;Vierzon;;;2.056982;47.230579
18279_2370_00007;7;;Rue de la Montagne;18100;18279;Vierzon;;;2.073074;47.222733
18279_0060_00006_bis;6;bis;Rue Alphonse Daudet;18100;18279;Vierzon;;;2.078343;47.216415
18279_0082_00046;46;;Petite Rue Anatole France;18100;18279;Vierzon;;;2.04903;47.222404
18279_2560_00055;55;;Rue Pasteur;18100;18279;Vierzon;;;2.089917;47.218956
18279_0350_00006;6;;Rue Beau Site;18100;18279;Vierzon;;;2.073165;47.21291
18279_0339_00008;8;;Chemin de la Bazinière;18100;18279;Vierzon;;;2.086754;47.246557
18279_0542_00043;43;;Rue du Bourdoiseau;18100;18279;Vierzon;;;2.062501;47.233994
18279_2700_00018;18;;Rue Pierre Curie;18100;18279;Vierzon;;;2.05656;47.216472
18279_2155_00069;69;;Avenue du 8 Mai 1945;18100;18279;Vierzon;;;2.082761;47.232834
18279_1560_00039;39;;Rue Gourdon;18100;18279;Vierzon;;;2.06465;47.224655
18279_0640_00015;15;;Rue Casimir Lecomte;18100;18279;Vierzon;;;2.064438;47.227683
18279_3147_00016;16;;Rue de l'Unité;18100;18279;Vierzon;;;2.072528;47.235796
18279_3048_00014;14;;Route de Saint Laurent;18100;18279;Vierzon;;;2.11632;47.216453
18279_1060_00028;28;;Rue du Docteur Lobligeois;18100;18279;Vierzon;;;2.057105;47.217203
18279_1720_00047;47;;Rue Henri Barbusse;18100;18279;Vierzon;;;2.06497;47.23319
18279_3202_00030;30;;Avenue de Verdun;18100;18279;Vierzon;;;2.073491;47.225346
18279_2502_00011;11;;Rue Pablo Neruda;18100;18279;Vierzon;;;2.083097;47.226239
18279_2309_00028;28;;Chemin des Millards;18100;18279;Vierzon;;;2.104931;47.233461
18279_1560_00045;45;;Rue Gourdon;18100;18279;Vierzon;;;2.063865;47.224737
18279_0100_00026;26;;Rue André Guillemain;18100;18279;Vierzon;;;2.081566;47.215734
18279_2870_00081;81;;Route de Puits Berteau;18100;18279;Vierzon;;;2.073088;47.236998
18279_a400_00014;14;;Residence les Pommiers;18100;18279;Vierzon;;;2.09228;47.227868
18279_1230_00103_b;103;b;Rue Etienne Marcel;18100;18279;Vierzon;;;2.10428;47.216385
18279_0110_00026;26;;Rue André Hènault;18100;18279;Vierzon;;;2.061498;47.215418
18279_2688_00072;72;;Rue Pierre Brossolette;18100;18279;Vierzon;;;2.074355;47.204313
18279_3310_00006;6;;Quai d'Yèvre;18100;18279;Vierzon;;;2.065139;47.219687
18279_2058_00070;70;;Rue Léo Mérigot;18100;18279;Vierzon;;;2.053936;47.227126
18279_3207_00008;8;;Rue du Vert Pommier;18100;18279;Vierzon;;;2.067055;47.22406
18279_0866_00030;30;;Avenue du Colonel Manhes;18100;18279;Vierzon;;;2.079744;47.223306
18279_1526_00016;16;;Square Georges Brassens;18100;18279;Vierzon;;;2.077241;47.201657
18279_2605_00002;2;;Ruelle du Pavillon;18100;18279;Vierzon;;;2.071154;47.224659
18279_2485_00001;1;;Rue du 11 Novembre 1918;18100;18279;Vierzon;;;2.06673;47.22126
18279_0025_00014;14;;Passage de l’Abricot;18100;18279;Vierzon;;;2.05436;47.219814
18279_2950_00021;21;;Avenue de la République;18100;18279;Vierzon;;;2.066024;47.222893
18279_3091_00008;8;;Chemin des Tailles;18100;18279;Vierzon;;;2.057735;47.238153
18279_2080_00016_b;16;b;Route de la Loeuf;18100;18279;Vierzon;;;2.044996;47.215396
18279_2850_00035;35;;Rue Proudhon;18100;18279;Vierzon;;;2.04808;47.23359
18279_0866_00033;33;;Avenue du Colonel Manhes;18100;18279;Vierzon;;;2.083245;47.223921
18279_1290_00044;44;;Rue Félix Pyat;18100;18279;Vierzon;;;2.083177;47.228353
18279_1905_00080;80;;Rue Jean Picot;18100;18279;Vierzon;;;2.074356;47.21143
18279_1700_00062;62;;Rue Gustave Flourens;18100;18279;Vierzon;;;2.053132;47.231955
18279_2155_00087;87;;Avenue du 8 Mai 1945;18100;18279;Vierzon;;;2.085392;47.234895
18279_0495_00013;13;;Chemin des Grands Bois;18100;18279;Vierzon;;;2.052581;47.237149
18279_2500_00031;31;;Rue des Ormes;18100;18279;Vierzon;;;2.079172;47.233025
18279_0760_00003_b;3;b;Passage du Chateau;18100;18279;Vierzon;;;2.070781;47.223156
18279_3045_00005;5;;Chemin Ruisseau des Rechignardes;18100;18279;Vierzon;;;2.07867;47.23085
18279_2180_00035;35;;Rue Marcel Cachin;18100;18279;Vierzon;;;2.088335;47.229018
18279_3305_00003;3;;Rue de Wittelsheim;18100;18279;Vierzon;;;2.072045;47.223415
18279_2410_00003;3;;Boulevard de la Nation;18100;18279;Vierzon;;;2.05975;47.215954
18279_1732_00100;100;;Square Henriette Dumuin;18100;18279;Vierzon;;;2.079343;47.202834
18279_1693_00014;14;;Allee Guillaume Apollinaire;18100;18279;Vierzon;;;2.085285;47.220771
18279_2950_00030_a;30;a;Avenue de la République;18100;18279;Vierzon;;;2.065266;47.223351
18279_2795_00060_b;60;b;Rue des Ponts;18100;18279;Vierzon;;;2.06646;47.218863
18279_3133_00062;62;;Route de Tours;18100;18279;Vierzon;;;2.033444;47.236505
18279_2625_00040;40;;Chemin du Perdrier;18100;18279;Vierzon;;;2.095424;47.227315
18279_1290_00099;99;;Rue Félix Pyat;18100;18279;Vierzon;;;2.088619;47.227632
18279_1290_00048;48;;Rue Félix Pyat;18100;18279;Vierzon;;;2.083334;47.228229
18279_0482_00018;18;;Rue du Bois d'Yèvre;18100;18279;Vierzon;;;2.069647;47.217898
18279_0714_00019;19;;Rue du Champ du Four;18100;18279;Vierzon;;;2.0806;47.234647
18279_2210_00016;16;;Place du Maréchal Foch;18100;18279;Vierzon;;;2.067687;47.223062
18279_0512_00022;22;;Route de Bonègue;18100;18279;Vierzon;;;2.073041;47.240142
18279_2845_00001;1;;Passage Proudhon;18100;18279;Vierzon;;;2.048429;47.232248
18279_0512_00021;21;;Route de Bonègue;18100;18279;Vierzon;;;2.07194;47.238606
18279_3280_00042;42;;Rue de Villeneuve;18100;18279;Vierzon;;;2.071017;47.210934
18279_2220_00032;32;;Rue du Maréchal Joffre;18100;18279;Vierzon;;;2.069335;47.223159
18279_1990_00045;45;;Rue Jules Louis Breton;18100;18279;Vierzon;;;2.07991;47.220479
18279_2335_00005;5;;Rue Miranda de Ebro;18100;18279;Vierzon;;;2.065618;47.218489
18279_1510_00034;34;;Grande Rue de la Genette;18100;18279;Vierzon;;;2.056294;47.216375
18279_3048_00051_b;51;b;Route de Saint Laurent;18100;18279;Vierzon;;;2.121935;47.221148
18279_2928_00010;10;;Impasse Raspail;18100;18279;Vierzon;;;2.075531;47.224135
18279_1790_00003;3;;Rue de l'Hospice;18100;18279;Vierzon;;;2.052329;47.226728
18279_2503_00010;10;;Rue Pablo Picasso;18100;18279;Vierzon;;;2.082845;47.200884
18279_1120_00027;27;;Rue Edouard Branly;18100;18279;Vierzon;;;2.104376;47.21855
18279_0120_00094;94;;Rue André Ribaud;18100;18279;Vierzon;;;2.070952;47.234123
18279_1980_00001_b;1;b;Rue Jules Guesde;18100;18279;Vierzon;;;2.05031;47.227491
18279_1230_00059;59;;Rue Etienne Marcel;18100;18279;Vierzon;;;2.100546;47.217397
18279_1710_00014_a;14;a;Rue Guy Môquet;18100;18279;Vierzon;;;2.076078;47.211906
18279_3vyj15_00008;8;;Clos de la Minee;18100;18279;Vierzon;;;2.066231;47.23665
18279_1480_00021;21;;Rue de la Gaucherie;18100;18279;Vierzon;;;2.065107;47.222712
18279_1290_00081;81;;Rue Félix Pyat;18100;18279;Vierzon;;;2.085946;47.227482
18279_0660_00004;4;;Rue Célestin Gérard;18100;18279;Vierzon;;;2.055554;47.22644
18279_0359_00010;10;;Parc de Bellevue;18100;18279;Vierzon;;;2.076867;47.226147
18279_0350_00044;44;;Rue Beau Site;18100;18279;Vierzon;;;2.071709;47.210253
18279_1375_00010;10;;Rue France Bloch-sérazin;18100;18279;Vierzon;;;2.077589;47.207219
18279_2030_00002;2;;Rue Lavoisier;18100;18279;Vierzon;;;2.066134;47.226063
18279_2795_00061;61;;Rue des Ponts;18100;18279;Vierzon;;;2.066021;47.218246
18279_0710_00043;43;;Rue du Champanet;18100;18279;Vierzon;;;2.059953;47.220235
18279_0290_00015;15;;Rue Barbès;18100;18279;Vierzon;;;2.05219;47.234046
18279_2770_00057;57;;Rue de la Plaisance;18100;18279;Vierzon;;;2.095315;47.221281
18279_2100_00071;71;;Rue des Longueraies;18100;18279;Vierzon;;;2.059144;47.235494
18279_2080_00121;121;;Route de la Loeuf;18100;18279;Vierzon;;;2.030492;47.210411
18279_0020_00031;31;;Chemin de l’Abricot;18100;18279;Vierzon;;;2.04962;47.218753
18279_2910_00026_a;26;a;Avenue du 14 Juillet;18100;18279;Vierzon;;;2.064695;47.214769
18279_p07zqe_00003;3;;Chemin du Pre d’Anet;18100;18279;Vierzon;;;2.073644;47.220029
18279_1840_00012;12;;Rue Jean-baptiste Clément;18100;18279;Vierzon;;;2.070494;47.227811
18279_3125_00007;7;;Rue Theodore Monod;18100;18279;Vierzon;;;2.081171;47.233436
18279_0042_00005;5;;Chemin des Ajoncs;18100;18279;Vierzon;;;2.079806;47.238204
18279_0730_00002;2;;Rue Charles Gibault;18100;18279;Vierzon;;;2.080281;47.217719
18279_2945_00002;2;;Rue de Rendsburg;18100;18279;Vierzon;;;2.086708;47.201145
18279_1160_00078;78;;Rue Emile Zola;18100;18279;Vierzon;;;2.035754;47.22588
18279_2040_00048;48;;Avenue Mal Philippe Leclerc de Ha;18100;18279;Vierzon;;;2.053283;47.208743
18279_3086_00025;25;;Impasse Suzanne Masson;18100;18279;Vierzon;;;2.079064;47.205245
18279_0710_00014;14;;Rue du Champanet;18100;18279;Vierzon;;;2.064234;47.220322
18279_0025_00004;4;;Passage de l’Abricot;18100;18279;Vierzon;;;2.054421;47.220453
18279_2816_00035;35;;Passage du Pré d'Anet;18100;18279;Vierzon;;;2.077714;47.219233
18279_0120_00053_bis;53;bis;Rue André Ribaud;18100;18279;Vierzon;;;2.067816;47.232206
18279_0942_00039;39;;Impasse de la Craillo;18100;18279;Vierzon;;;2.067428;47.237181
18279_a070_00005;5;;Residence des Bruyeres;18100;18279;Vierzon;;;2.064983;47.204555
18279_0310_00007;7;;Rue du Bas de Grange;18100;18279;Vierzon;;;2.060811;47.222738
18279_1165_00005;5;;Rue de l'Epargne;18100;18279;Vierzon;;;2.057857;47.236281
18279_0075_00022;22;;Rue Ambroise Croizat;18100;18279;Vierzon;;;2.069707;47.236635
18279_2410_00051;51;;Boulevard de la Nation;18100;18279;Vierzon;;;2.057282;47.21414
18279_0545_00048;48;;Route de Bourges;18100;18279;Vierzon;;;2.121129;47.214172
18279_1180_00004;4;;Rue Ernest Renan;18100;18279;Vierzon;;;2.074736;47.217858
18279_1560_00043;43;;Rue Gourdon;18100;18279;Vierzon;;;2.064113;47.224717
18279_1840_00086;86;;Rue Jean-baptiste Clément;18100;18279;Vierzon;;;2.075279;47.232652
18279_2240_01425;1425;;Rue Mattéoti;18100;18279;Vierzon;;;2.061887;47.215087
18279_1536_00004;4;;Rue Georges Politzer;18100;18279;Vierzon;;;2.078046;47.204586
18279_2080_00004;4;;Route de la Loeuf;18100;18279;Vierzon;;;2.049629;47.214169
18279_2890_00009;9;;Rue du Putet;18100;18279;Vierzon;;;2.057201;47.230155
18279_1270_00014;14;;Petite Rue de Fay;18100;18279;Vierzon;;;2.051238;47.236243
18279_0160_00078;78;;Rue Armand Bazile;18100;18279;Vierzon;;;2.080793;47.215058
18279_0130_00006;6;;Rue Antoine Parmentier;18100;18279;Vierzon;;;2.047081;47.22911
18279_1857_00008;8;;Rue Jean Cocteau;18100;18279;Vierzon;;;2.084683;47.227013
18279_2290_00003;3;;Rue des Meunières;18100;18279;Vierzon;;;2.057806;47.234083
18279_2255_00009;9;;Place de la Mémoire;18100;18279;Vierzon;;;2.080224;47.199762
18279_1591_00006;6;;Chemin du Grand Orme;18100;18279;Vierzon;;;2.102365;47.230224
18279_0120_00100;100;;Rue André Ribaud;18100;18279;Vierzon;;;2.071348;47.234315
18279_1500_00004;4;;Rue Gay Lussac;18100;18279;Vierzon;;;2.076574;47.223705
18279_1290_00152;152;;Rue Félix Pyat;18100;18279;Vierzon;;;2.094158;47.228119
18279_0310_00026;26;;Rue du Bas de Grange;18100;18279;Vierzon;;;2.053952;47.224826
18279_2300_00006;6;;Rue Michelet;18100;18279;Vierzon;;;2.073514;47.217951
18279_1640_00004;4;;Rue du Grelet;18100;18279;Vierzon;;;2.049448;47.230608
18279_0660_00015;15;;Rue Célestin Gérard;18100;18279;Vierzon;;;2.054013;47.226006
18279_1536_00037;37;;Rue Georges Politzer;18100;18279;Vierzon;;;2.079297;47.204198
18279_0978_00008_b;8;b;Passage du Crot à Foulon;18100;18279;Vierzon;;;2.063699;47.23018
18279_2594_00015;15;;Rue Paul Valery;18100;18279;Vierzon;;;2.067636;47.208879
18279_2155_00036;36;;Avenue du 8 Mai 1945;18100;18279;Vierzon;;;2.077428;47.228481
18279_2330_00053;53;;Rue Mirabeau;18100;18279;Vierzon;;;2.052533;47.209977
18279_2610_00021;21;;Chemin des Pelles;18100;18279;Vierzon;;;2.04354;47.223176
18279_2910_00021;21;;Avenue du 14 Juillet;18100;18279;Vierzon;;;2.064664;47.21518
18279_2980_00015;15;;Rue Riparia;18100;18279;Vierzon;;;2.06026;47.213683
18279_1240_00070;70;;Rue Etienne Nivet;18100;18279;Vierzon;;;2.085136;47.22133
18279_1128_00106;106;;Avenue Edouard Vaillant;18100;18279;Vierzon;;;2.060712;47.237916
18279_0370_00011;11;;Route de Bellon;18100;18279;Vierzon;;;2.070728;47.214417
18279_0740_00045;45;;Rue Charles Hurvoy;18100;18279;Vierzon;;;2.06703;47.228071
18279_1500_00024;24;;Rue Gay Lussac;18100;18279;Vierzon;;;2.078516;47.224908
18279_3138_00001;1;;Chemin de la Touche;18100;18279;Vierzon;;;2.127012;47.215149
18279_g8i3rz_00015;15;;la Giraudière;18100;18279;Vierzon;;;2.026956;47.235871
18279_2870_00130;130;;Route de Puits Berteau;18100;18279;Vierzon;;;2.069533;47.237778
18279_0020_00050;50;;Chemin de l’Abricot;18100;18279;Vierzon;;;2.04784;47.218478
18279_2648_00046;46;;Chemin de la Petite Noue;18100;18279;Vierzon;;;2.067074;47.203563
18279_2260_00022;22;;Route de Méreau;18100;18279;Vierzon;;;2.061886;47.208278
18279_1144_00012;12;;Rue Elsa Triolet;18100;18279;Vierzon;;;2.083412;47.229753
18279_1160_00080_bis;80;bis;Rue Emile Zola;18100;18279;Vierzon;;;2.0353;47.225907
18279_2500_00027;27;;Rue des Ormes;18100;18279;Vierzon;;;2.078479;47.232643
18279_0275_00011;11;;Rue Bara;18100;18279;Vierzon;;;2.045407;47.232748
18279_0122_00008;8;;Impasse Andre Ribaud;18100;18279;Vierzon;;;2.069431;47.231408
18279_2210_00004;4;;Place du Maréchal Foch;18100;18279;Vierzon;;;2.067331;47.222626
18279_0710_00055;55;;Rue du Champanet;18100;18279;Vierzon;;;2.059275;47.220245
18279_2608_00008;8;;Chemin des Peages;18100;18279;Vierzon;;;2.033361;47.225837
18279_3202_00020;20;;Avenue de Verdun;18100;18279;Vierzon;;;2.072897;47.224962
18279_2795_00017;17;;Rue des Ponts;18100;18279;Vierzon;;;2.066799;47.219595
18279_1877_00054;54;;Avenue Jean Jaurès;18100;18279;Vierzon;;;2.04487;47.231139
18279_1877_00052;52;;Avenue Jean Jaurès;18100;18279;Vierzon;;;2.045016;47.231105
18279_p07zqe_00043;43;;Chemin du Pre d’Anet;18100;18279;Vierzon;;;2.078751;47.219008
18279_0190_00097;97;;Rue de l'Armistice;18100;18279;Vierzon;;;2.055102;47.216564
18279_2335_00027_c;27;c;Rue Miranda de Ebro;18100;18279;Vierzon;;;2.063971;47.218978
18279_0140_00018;18;;Rue Antonin Lerault;18100;18279;Vierzon;;;2.068755;47.214895
18279_0350_00001;1;;Rue Beau Site;18100;18279;Vierzon;;;2.073737;47.213277
18279_1730_00020;20;;Avenue Henri Brisson;18100;18279;Vierzon;;;2.06109;47.228163
18279_2370_00010;10;;Rue de la Montagne;18100;18279;Vierzon;;;2.073076;47.222429
18279_2155_00078_bis;78;bis;Avenue du 8 Mai 1945;18100;18279;Vierzon;;;2.080168;47.230566
18279_0080_00006_a;6;a;Rue Anatole France;18100;18279;Vierzon;;;2.06;47.220991
18279_1840_00037;37;;Rue Jean-baptiste Clément;18100;18279;Vierzon;;;2.071712;47.230444
18279_2410_00037;37;;Boulevard de la Nation;18100;18279;Vierzon;;;2.057851;47.214577
18279_0980_00007_b;7;b;Rue du Crot à Foulon;18100;18279;Vierzon;;;2.064948;47.2299
18279_1832_00025;25;;Square Jacques Duclos;18100;18279;Vierzon;;;2.088092;47.201284
18279_1375_00034;34;;Rue France Bloch-sérazin;18100;18279;Vierzon;;;2.077395;47.205663
18279_1450_00023_b;23;b;Rue Gambon;18100;18279;Vierzon;;;2.07401;47.22695
18279_0110_00002_c;2;c;Rue André Hènault;18100;18279;Vierzon;;;2.064591;47.215432
18279_1165_00011;11;;Rue de l'Epargne;18100;18279;Vierzon;;;2.058502;47.236075
18279_2220_00013;13;;Rue du Maréchal Joffre;18100;18279;Vierzon;;;2.068964;47.223151
18279_1060_00048;48;;Rue du Docteur Lobligeois;18100;18279;Vierzon;;;2.05499;47.217407
18279_0417_00023;23;;Rue Berty Albrecht;18100;18279;Vierzon;;;2.055972;47.210309
18279_2025_00096;96;;avenue maréchal jean de lattre de tassigny;18100;18279;Vierzon;;;2.076795;47.202686
18279_2100_00040;40;;Rue des Longueraies;18100;18279;Vierzon;;;2.057769;47.2332
18279_2460_00006;6;;Rue Nicolas Boileau;18100;18279;Vierzon;;;2.071152;47.221335
18279_2910_00183;183;;Avenue du 14 Juillet;18100;18279;Vierzon;;;2.06071;47.210322
18279_671bao_00025;25;;avenue maréchal philippe leclerc de hauteclocque;18100;18279;Vierzon;;;2.055709;47.20891
18279_1877_00078;78;;Avenue Jean Jaurès;18100;18279;Vierzon;;;2.042713;47.231635
18279_2190_00036;36;;Rue Marcel Perrin;18100;18279;Vierzon;;;2.070989;47.225478
18279_1250_00112;112;;Rue Eugène Pottier;18100;18279;Vierzon;;;2.098234;47.225461
18279_0120_00115_bis;115;bis;Rue André Ribaud;18100;18279;Vierzon;;;2.074137;47.235352
18279_1020_00005_bis;5;bis;Rue Descartes;18100;18279;Vierzon;;;2.080798;47.21723
18279_1070_00003;3;;Rue des Donneaux;18100;18279;Vierzon;;;2.045509;47.227788
18279_2105_00012;12;;Petite Rue des Longueraies;18100;18279;Vierzon;;;2.058786;47.236646
18279_2155_00009;9;;Avenue du 8 Mai 1945;18100;18279;Vierzon;;;2.075913;47.227447
18279_3110_00022;22;;Rue des Terres Mortes;18100;18279;Vierzon;;;2.05668;47.207449
18279_0568_00042;42;;Chemin du Briou;18100;18279;Vierzon;;;2.086591;47.225611
18279_1142_00026;26;;Rue Elisee Reclus;18100;18279;Vierzon;;;2.082907;47.20296
18279_0865_00002_bis;2;bis;Rue du Colonel Fabien;18100;18279;Vierzon;;;2.064447;47.23461
18279_hv0stn_00004;4;;Impasse de Bel Air;18100;18279;Vierzon;;;2.076365;47.213127
18279_a070_00025;25;;Residence des Bruyeres;18100;18279;Vierzon;;;2.065319;47.205958
18279_0042_00008;8;;Chemin des Ajoncs;18100;18279;Vierzon;;;2.08003;47.238363
18279_2155_00017;17;;Avenue du 8 Mai 1945;18100;18279;Vierzon;;;2.076527;47.227936
18279_1450_00009;9;;Rue Gambon;18100;18279;Vierzon;;;2.072686;47.227025
18279_2688_00067;67;;Rue Pierre Brossolette;18100;18279;Vierzon;;;2.075775;47.203666
18279_1428_00008;8;;Place Gallerand;18100;18279;Vierzon;;;2.068692;47.222899
18279_1055_00018_o;18;o;Avenue du 19 Mars 1962;18100;18279;Vierzon;;;2.092673;47.240424
18279_3285_00007;7;;Rue Vincent Auriol;18100;18279;Vierzon;;;2.088196;47.200228
18279_2472_00011;11;;Route des Noues;18100;18279;Vierzon;;;2.047298;47.210213
18279_2870_00021;21;;Route de Puits Berteau;18100;18279;Vierzon;;;2.078036;47.234413
18279_0590_00012;12;;Rue Camille Desmoulins;18100;18279;Vierzon;;;2.063478;47.22092
18279_1450_00016;16;;Rue Gambon;18100;18279;Vierzon;;;2.072974;47.227087
18279_0660_00020;20;;Rue Célestin Gérard;18100;18279;Vierzon;;;2.053937;47.225221
18279_3047_00056_t;56;t;Rue Saint Exupéry;18100;18279;Vierzon;;;2.066872;47.202411
18279_2412_00001;1;;Impasse de la Nation;18100;18279;Vierzon;;;2.058684;47.214862
18279_2080_00003_bis;3;bis;Route de la Loeuf;18100;18279;Vierzon;;;2.048879;47.21424
18279_1951_00029_b;29;b;Passage du Jonc;18100;18279;Vierzon;;;2.066692;47.210601
18279_2990_00009;9;;Rue Robespierre;18100;18279;Vierzon;;;2.095795;47.219041
18279_0215_00014;14;;Passage de l’Aubepine;18100;18279;Vierzon;;;2.047672;47.231864
18279_1194_00012;12;;Chemin de l’Etang du Verdin;18100;18279;Vierzon;;;2.041711;47.23566
18279_1990_00017_bis;17;bis;Rue Jules Louis Breton;18100;18279;Vierzon;;;2.076201;47.220543
18279_0963_00068;68;;Route de la Croix;18100;18279;Vierzon;;;2.108131;47.228235
18279_1351_00003;3;;Chemin de la Fosse au Gue;18100;18279;Vierzon;;;2.029897;47.216338
18279_1230_00049;49;;Rue Etienne Marcel;18100;18279;Vierzon;;;2.099698;47.217626
18279_1877_00074;74;;Avenue Jean Jaurès;18100;18279;Vierzon;;;2.043091;47.231548
18279_0866_00011;11;;Avenue du Colonel Manhes;18100;18279;Vierzon;;;2.081789;47.223555
18279_1290_00078;78;;Rue Félix Pyat;18100;18279;Vierzon;;;2.086136;47.227391
18279_3073_00022;22;;Rue de la Société Française;18100;18279;Vierzon;;;2.058492;47.225314
18279_3047_00001;1;;Rue Saint Exupéry;18100;18279;Vierzon;;;2.068802;47.206368
18279_0541_00011;11;;Passage du Bourdoiseau;18100;18279;Vierzon;;;2.063441;47.235302
18279_2502_00015;15;;Rue Pablo Neruda;18100;18279;Vierzon;;;2.083169;47.226448
18279_2910_00019;19;;Avenue du 14 Juillet;18100;18279;Vierzon;;;2.064706;47.215276
18279_2910_00001_a;1;a;Avenue du 14 Juillet;18100;18279;Vierzon;;;2.06487;47.215867
18279_2625_00011_bis;11;bis;Chemin du Perdrier;18100;18279;Vierzon;;;2.096735;47.224268
18279_2735_00029;29;;Rue Pierre Ferdonnet;18100;18279;Vierzon;;;2.090644;47.226161
18279_0040_00007;7;;Rue Adolphe Hache;18100;18279;Vierzon;;;2.058483;47.224116
18279_1470_00069;69;;Rue Gaston Cornavin;18100;18279;Vierzon;;;2.087245;47.229148
18279_0370_00009;9;;Route de Bellon;18100;18279;Vierzon;;;2.070309;47.214279
18279_0310_00051;51;;Rue du Bas de Grange;18100;18279;Vierzon;;;2.054336;47.22462
18279_2560_00053_bis;53;bis;Rue Pasteur;18100;18279;Vierzon;;;2.089865;47.21898
18279_3073_00028;28;;Rue de la Société Française;18100;18279;Vierzon;;;2.056597;47.226352
18279_1840_00090;90;;Rue Jean-baptiste Clément;18100;18279;Vierzon;;;2.075433;47.232728
18279_0712_00022;22;;Rue du Champ Commun;18100;18279;Vierzon;;;2.068352;47.219265
18279_1520_00007;7;;Rue George Sand;18100;18279;Vierzon;;;2.067079;47.225772
18279_0075_00037;37;;Rue Ambroise Croizat;18100;18279;Vierzon;;;2.069435;47.236178
18279_1280_00043;43;;Rue de Fay;18100;18279;Vierzon;;;2.049727;47.237818
18279_0890_00191;191;;Rue de la Convention;18100;18279;Vierzon;;;2.109491;47.228729
18279_0085_00041_a;41;a;Imp Ancienne Cite de la Verrerie;18100;18279;Vierzon;;;2.099711;47.210075
18279_0890_00051;51;;Rue de la Convention;18100;18279;Vierzon;;;2.104676;47.220242
18279_0800_00015;15;;Quai du Cher;18100;18279;Vierzon;;;2.063469;47.216289
18279_1391_00007;7;;Rue de la Fringale;18100;18279;Vierzon;;;2.040311;47.232842
18279_2410_00023;23;;Boulevard de la Nation;18100;18279;Vierzon;;;2.058436;47.214997
18279_2935_00006;6;;Chemin des Rechignardes;18100;18279;Vierzon;;;2.070596;47.230307
18279_2410_00009;9;;Boulevard de la Nation;18100;18279;Vierzon;;;2.059183;47.215553
18279_2155_00057_w;57;w;Avenue du 8 Mai 1945;18100;18279;Vierzon;;;2.079149;47.231016
18279_2100_00081;81;;Rue des Longueraies;18100;18279;Vierzon;;;2.060333;47.235374
18279_1128_00020;20;;Avenue Edouard Vaillant;18100;18279;Vierzon;;;2.060993;47.230904
18279_2190_00038;38;;Rue Marcel Perrin;18100;18279;Vierzon;;;2.071016;47.225599
18279_671bao_00022_e;22;e;avenue maréchal philippe leclerc de hauteclocque;18100;18279;Vierzon;;;2.056088;47.209807
18279_1870_00019;19;;Rue Jean Jacques Rousseau;18100;18279;Vierzon;;;2.071192;47.218712
18279_1155_00010;10;;Rue Emile Desforges;18100;18279;Vierzon;;;2.081931;47.226775
18279_0465_00002;2;;Route du Bois Blanc;18100;18279;Vierzon;;;2.106054;47.207303
18279_0350_00099;99;;Rue Beau Site;18100;18279;Vierzon;;;2.070086;47.206654
18279_1720_00061;61;;Rue Henri Barbusse;18100;18279;Vierzon;;;2.064833;47.235692
18279_0uduo0_00009;9;;Chemin du Jouffroy;18100;18279;Vierzon;;;2.105004;47.222703
18279_2930_00020_bis;20;bis;Rue Raspail;18100;18279;Vierzon;;;2.079853;47.222771
18279_1720_00076;76;;Rue Henri Barbusse;18100;18279;Vierzon;;;2.065019;47.236532
18279_1895_00019;19;;Rue Jean Moulin;18100;18279;Vierzon;;;2.063674;47.235027
18279_0270_00011;11;;Rue Babeuf;18100;18279;Vierzon;;;2.046006;47.23377
18279_1712_00006;6;;Hameau de la Dumonerie;18100;18279;Vierzon;;;2.096064;47.220014
18279_1712_00012;12;;Hameau de la Dumonerie;18100;18279;Vierzon;;;2.095543;47.220204
18279_2085_00018;18;;Rue des Lilas;18100;18279;Vierzon;;;2.054746;47.233519
18279_2580_00001;1;;Rue Paul Doumer;18100;18279;Vierzon;;;2.057324;47.213143
18279_2412_00007;7;;Impasse de la Nation;18100;18279;Vierzon;;;2.059044;47.214518
18279_0140_00013;13;;Rue Antonin Lerault;18100;18279;Vierzon;;;2.067318;47.215481
18279_1375_00008;8;;Rue France Bloch-sérazin;18100;18279;Vierzon;;;2.077617;47.207346
18279_1230_00048;48;;Rue Etienne Marcel;18100;18279;Vierzon;;;2.098321;47.21771
18279_0720_00006;6;;Rue des Changes;18100;18279;Vierzon;;;2.068725;47.223562
18279_1180_00011;11;;Rue Ernest Renan;18100;18279;Vierzon;;;2.074437;47.217253
18279_1365_00002;2;;Chemin de Fougery;18100;18279;Vierzon;;;2.070947;47.23409
18279_0980_00037;37;;Rue du Crot à Foulon;18100;18279;Vierzon;;;2.062199;47.231467
18279_2190_00017;17;;Rue Marcel Perrin;18100;18279;Vierzon;;;2.071062;47.225008
18279_2500_00013;13;;Rue des Ormes;18100;18279;Vierzon;;;2.077245;47.232022
18279_1150_00027;27;;Rue Emile Bouleau;18100;18279;Vierzon;;;2.068157;47.21848
18279_2340_00016;16;;Rue Molière;18100;18279;Vierzon;;;2.06566;47.219387
18279_3076_00035;35;;Route des Souchènes;18100;18279;Vierzon;;;2.024119;47.214758
18279_1290_00011;11;;Rue Félix Pyat;18100;18279;Vierzon;;;2.080911;47.230272
18279_2270_00013;13;;Rue Meunier;18100;18279;Vierzon;;;2.045264;47.229673
18279_2485_00003;3;;Rue du 11 Novembre 1918;18100;18279;Vierzon;;;2.066596;47.221282
18279_1128_00083;83;;Avenue Edouard Vaillant;18100;18279;Vierzon;;;2.06107;47.236083
18279_1365_00031;31;;Chemin de Fougery;18100;18279;Vierzon;;;2.069759;47.229071
18279_1250_00075;75;;Rue Eugène Pottier;18100;18279;Vierzon;;;2.098315;47.224555
18279_0095_00048;48;;Rue André Gide;18100;18279;Vierzon;;;2.094406;47.225952
18279_1720_00075;75;;Rue Henri Barbusse;18100;18279;Vierzon;;;2.065714;47.237817
18279_3vyj15_00024;24;;Clos de la Minee;18100;18279;Vierzon;;;2.066173;47.236756
18279_1750_00029;29;;Rue Henri Sellier;18100;18279;Vierzon;;;2.055943;47.217458
18279_1145_00002;2;;Rue Emile Accolas;18100;18279;Vierzon;;;2.061216;47.231696
18279_le1ny7_00037_bis;37;bis;Rue Jeanne Labourbe;18100;18279;Vierzon;;;2.062221;47.232565
18279_2650_00001_a;1;a;Rue de la Petite Noue;18100;18279;Vierzon;;;2.058141;47.209144
18279_0215_00011;11;;Passage de l’Aubepine;18100;18279;Vierzon;;;2.046897;47.231529
18279_2648_00017;17;;Chemin de la Petite Noue;18100;18279;Vierzon;;;2.063234;47.204282
18279_3076_00002;2;;Route des Souchènes;18100;18279;Vierzon;;;2.039437;47.215907
18279_2973_00004;4;;Chemin des Riaux;18100;18279;Vierzon;;;2.110913;47.228109
18279_1190_00018;18;;Quai de l’Etang;18100;18279;Vierzon;;;2.103996;47.214731
18279_2025_00094;94;;avenue maréchal jean de lattre de tassigny;18100;18279;Vierzon;;;2.076284;47.202934
18279_1640_00003_a;3;a;Rue du Grelet;18100;18279;Vierzon;;;2.049795;47.230741
18279_0120_00127;127;;Rue André Ribaud;18100;18279;Vierzon;;;2.074807;47.235923
18279_2750_00016;16;;Rue des Pillots;18100;18279;Vierzon;;;2.055588;47.213911
18279_0495_00019;19;;Chemin des Grands Bois;18100;18279;Vierzon;;;2.052393;47.237827
18279_2608_00025;25;;Chemin des Peages;18100;18279;Vierzon;;;2.028873;47.225992
18279_1375_00012;12;;Rue France Bloch-sérazin;18100;18279;Vierzon;;;2.077602;47.207113
18279_2491_00027;27;;Chemin de l’Orme a Lieue;18100;18279;Vierzon;;;2.124554;47.215573
18279_2180_00005;5;;Rue Marcel Cachin;18100;18279;Vierzon;;;2.089786;47.229285
18279_2040_00062;62;;Avenue Mal Philippe Leclerc de Ha;18100;18279;Vierzon;;;2.051949;47.208537
18279_2040_00045;45;;Avenue Mal Philippe Leclerc de Ha;18100;18279;Vierzon;;;2.05218;47.208372
18279_1720_00022_b;22;b;Rue Henri Barbusse;18100;18279;Vierzon;;;2.065204;47.230578
18279_0160_00050;50;;Rue Armand Bazile;18100;18279;Vierzon;;;2.076695;47.21619
18279_3160_00075;75;;Rue du Val Fleury;18100;18279;Vierzon;;;2.068498;47.207619
18279_1128_00086;86;;Avenue Edouard Vaillant;18100;18279;Vierzon;;;2.06079;47.235993
18279_3210_00006;6;;Rue Victor Hugo;18100;18279;Vierzon;;;2.067579;47.223427
18279_2930_00009_a;9;a;Rue Raspail;18100;18279;Vierzon;;;2.073041;47.224281
18279_1700_00052;52;;Rue Gustave Flourens;18100;18279;Vierzon;;;2.053895;47.231645
18279_2055_00017;17;;Rue Lénine;18100;18279;Vierzon;;;2.063621;47.233065
18279_0080_00107;107;;Rue Anatole France;18100;18279;Vierzon;;;2.049943;47.2226
18279_0980_00015;15;;Rue du Crot à Foulon;18100;18279;Vierzon;;;2.063525;47.230299
18279_0460_00016;16;;Rue Blanqui;18100;18279;Vierzon;;;2.048861;47.225383
18279_1375_00048;48;;Rue France Bloch-sérazin;18100;18279;Vierzon;;;2.077183;47.205637
18279_2890_00003;3;;Rue du Putet;18100;18279;Vierzon;;;2.057509;47.22995
18279_0080_00026;26;;Rue Anatole France;18100;18279;Vierzon;;;2.05829;47.221289
18279_3137_00008;8;;Rue du Travail;18100;18279;Vierzon;;;2.042561;47.232306
18279_0120_00037;37;;Rue André Ribaud;18100;18279;Vierzon;;;2.067533;47.231045
18279_1128_00019_b;19;b;Avenue Edouard Vaillant;18100;18279;Vierzon;;;2.061371;47.230896
18279_3147_00004;4;;Rue de l'Unité;18100;18279;Vierzon;;;2.073077;47.235089
18279_2870_00124;124;;Route de Puits Berteau;18100;18279;Vierzon;;;2.070484;47.237606
18279_1870_00037;37;;Rue Jean Jacques Rousseau;18100;18279;Vierzon;;;2.072635;47.218549
18279_2302_00007;7;;Rue Michel Lucas;18100;18279;Vierzon;;;2.084565;47.230999
18279_2980_00009;9;;Rue Riparia;18100;18279;Vierzon;;;2.06059;47.214172
18279_2080_00018;18;;Route de la Loeuf;18100;18279;Vierzon;;;2.044963;47.215017
18279_2155_00057_t;57;t;Avenue du 8 Mai 1945;18100;18279;Vierzon;;;2.079183;47.230978
18279_2630_00008;8;;Rue du Péry;18100;18279;Vierzon;;;2.081918;47.225696
18279_0080_00010;10;;Rue Anatole France;18100;18279;Vierzon;;;2.059797;47.220992
18279_0042_00004;4;;Chemin des Ajoncs;18100;18279;Vierzon;;;2.079469;47.238482
18279_2058_00046;46;;Rue Léo Mérigot;18100;18279;Vierzon;;;2.051701;47.228306
18279_2206_00003;3;;Rue Maryse Bastié;18100;18279;Vierzon;;;2.064886;47.203353
18279_0660_00019;19;;Rue Célestin Gérard;18100;18279;Vierzon;;;2.053981;47.225433
18279_0120_00070;70;;Rue André Ribaud;18100;18279;Vierzon;;;2.069348;47.233035
18279_0395_00028;28;;Rue Henri Bergson;18100;18279;Vierzon;;;2.093964;47.22461
18279_2795_00037_bis;37;bis;Rue des Ponts;18100;18279;Vierzon;;;2.066057;47.21896
18279_0542_00022;22;;Rue du Bourdoiseau;18100;18279;Vierzon;;;2.063218;47.231921
18279_0740_00051;51;;Rue Charles Hurvoy;18100;18279;Vierzon;;;2.0664;47.228267
18279_2320_00024;24;;Rue Millière;18100;18279;Vierzon;;;2.050222;47.226605
18279_1110_00006;6;;Rue Edgar Quinet;18100;18279;Vierzon;;;2.066265;47.22337
18279_1230_00017;17;;Rue Etienne Marcel;18100;18279;Vierzon;;;2.096192;47.218134
18279_0890_00004;4;;Rue de la Convention;18100;18279;Vierzon;;;2.100603;47.217804
18279_0030_00034;34;;Rue de l'Abricot;18100;18279;Vierzon;;;2.055174;47.220673
18279_1285_00003;3;;Rue Federico Garcia Lorca;18100;18279;Vierzon;;;2.086202;47.199345
18279_1230_00046_b;46;b;Rue Etienne Marcel;18100;18279;Vierzon;;;2.09817;47.217634
18279_1128_00015_d;15;d;Avenue Edouard Vaillant;18100;18279;Vierzon;;;2.061457;47.230448
18279_2360_01455;1455;;Rue de la Monnaie;18100;18279;Vierzon;;;2.0705;47.222839
18279_1730_00032_a;32;a;Avenue Henri Brisson;18100;18279;Vierzon;;;2.061052;47.229429
18279_1065_00001;1;;Cour des Donneaux;18100;18279;Vierzon;;;2.044853;47.227253
18279_1720_00007_bis;7;bis;Rue Henri Barbusse;18100;18279;Vierzon;;;2.063848;47.22988
18279_0310_00086;86;;Rue du Bas de Grange;18100;18279;Vierzon;;;2.045771;47.22552
18279_1220_00011_bis;11;bis;Rue Etienne Dolet;18100;18279;Vierzon;;;2.102287;47.214673
18279_0275_00021;21;;Rue Bara;18100;18279;Vierzon;;;2.045163;47.233285
18279_0080_00088;88;;Rue Anatole France;18100;18279;Vierzon;;;2.052727;47.222629
18279_2100_00023;23;;Rue des Longueraies;18100;18279;Vierzon;;;2.058094;47.232294
18279_3133_00057;57;;Route de Tours;18100;18279;Vierzon;;;2.035782;47.23497
18279_2335_00007;7;;Rue Miranda de Ebro;18100;18279;Vierzon;;;2.065335;47.218444
18279_3147_00025;25;;Rue de l'Unité;18100;18279;Vierzon;;;2.072291;47.236066
18279_2210_00004_a;4;a;Place du Maréchal Foch;18100;18279;Vierzon;;;2.067331;47.222626
18279_0972_00036;36;;Rue de la Croix Moreau;18100;18279;Vierzon;;;2.04124;47.225927
18279_0840_00009;9;;Rue Claude Michaud;18100;18279;Vierzon;;;2.065839;47.213786
18279_0320_00009;9;;Quai du Bassin;18100;18279;Vierzon;;;2.070763;47.219813
18279_3130_00012_a;12;a;Rue Théodore Roosevelt;18100;18279;Vierzon;;;2.06851;47.223961
18279_3160_00001;1;;Rue du Val Fleury;18100;18279;Vierzon;;;2.071125;47.212573
18279_0512_00008;8;;Route de Bonègue;18100;18279;Vierzon;;;2.071762;47.238054
18279_1840_00032_bis;32;bis;Rue Jean-baptiste Clément;18100;18279;Vierzon;;;2.070956;47.229087
18279_2826_00004;4;;Chemin du Pre Long;18100;18279;Vierzon;;;2.049819;47.239934
18279_2335_00002;2;;Rue Miranda de Ebro;18100;18279;Vierzon;;;2.065748;47.218209
18279_1712_00022;22;;Hameau de la Dumonerie;18100;18279;Vierzon;;;2.095319;47.219694
18279_1730_00008_bis;8;bis;Avenue Henri Brisson;18100;18279;Vierzon;;;2.061613;47.225504
18279_2688_00075;75;;Rue Pierre Brossolette;18100;18279;Vierzon;;;2.075305;47.203749
18279_0445_00013_c;13;c;Chemin Blanc;18100;18279;Vierzon;;;2.054089;47.20701
18279_0030_00035;35;;Rue de l'Abricot;18100;18279;Vierzon;;;2.055054;47.220608
18279_2735_00011;11;;Rue Pierre Ferdonnet;18100;18279;Vierzon;;;2.090708;47.227498
18279_0160_00085_ter;85;ter;Rue Armand Bazile;18100;18279;Vierzon;;;2.078933;47.21522
18279_0370_00131;131;;Route de Bellon;18100;18279;Vierzon;;;2.081665;47.204274
18279_0120_00020;20;;Rue André Ribaud;18100;18279;Vierzon;;;2.066212;47.229954
18279_2123_00025;25;;Square Louis Braille;18100;18279;Vierzon;;;2.088324;47.200748
18279_0080_00088_a;88;a;Rue Anatole France;18100;18279;Vierzon;;;2.052727;47.222629
18279_2870_00139_g;139;g;Route de Puits Berteau;18100;18279;Vierzon;;;2.067637;47.238178
18279_1549_00001;1;;Chemin de la Giraudiere;18100;18279;Vierzon;;;2.031575;47.233866
18279_1470_00011;11;;Rue Gaston Cornavin;18100;18279;Vierzon;;;2.08736;47.228003
18279_5k08ny_00009;9;;Place Salvador Allende;18100;18279;Vierzon;;;2.083996;47.225977
18279_1938_00010;10;;Chemin des Joffrois;18100;18279;Vierzon;;;2.105253;47.221815
18279_2188_00010;10;;Rue Marcel Pagnol;18100;18279;Vierzon;;;2.076874;47.21091
18279_0310_00103;103;;Rue du Bas de Grange;18100;18279;Vierzon;;;2.045825;47.225381
18279_1280_00014;14;;Rue de Fay;18100;18279;Vierzon;;;2.047851;47.242511
18279_le1ny7_00013;13;;Rue Jeanne Labourbe;18100;18279;Vierzon;;;2.059814;47.231548
18279_2640_00016;16;;Route du Petit Râteau;18100;18279;Vierzon;;;2.097071;47.229394
18279_2870_00171;171;;Route de Puits Berteau;18100;18279;Vierzon;;;2.063513;47.23936
18279_2795_00025;25;;Rue des Ponts;18100;18279;Vierzon;;;2.066434;47.219299
18279_3210_00065;65;;Rue Victor Hugo;18100;18279;Vierzon;;;2.064414;47.223894
18279_2055_00013;13;;Rue Lénine;18100;18279;Vierzon;;;2.063734;47.232879
18279_1290_00018;18;;Rue Félix Pyat;18100;18279;Vierzon;;;2.081541;47.229653
18279_0075_00018;18;;Rue Ambroise Croizat;18100;18279;Vierzon;;;2.069574;47.236319
18279_0497_00034;34;;Chemin de Bois Marteau;18100;18279;Vierzon;;;2.054845;47.241043
18279_a070_00053;53;;Residence des Bruyeres;18100;18279;Vierzon;;;2.065779;47.20471
18279_1535_01275;1275;;Rue Georges Fauconnier;18100;18279;Vierzon;;;2.070275;47.238419
18279_0550_00006;6;;Rue du Bourgneuf;18100;18279;Vierzon;;;2.064259;47.215867
18279_a150_00002;2;;Residence les Dumaines;18100;18279;Vierzon;;;2.09347;47.220109
18279_0120_00014;14;;Rue André Ribaud;18100;18279;Vierzon;;;2.06583;47.229608
18279_1430_00008;8;;Rue Gallerand;18100;18279;Vierzon;;;2.067705;47.222588
18279_3133_00066_bis;66;bis;Route de Tours;18100;18279;Vierzon;;;2.033283;47.237625
18279_2930_00039;39;;Rue Raspail;18100;18279;Vierzon;;;2.075191;47.223456
18279_1915_00002;2;;Rue Jean Vilar;18100;18279;Vierzon;;;2.084214;47.20007
18279_0542_00044;44;;Rue du Bourdoiseau;18100;18279;Vierzon;;;2.062715;47.23356
18279_0290_00034;34;;Rue Barbès;18100;18279;Vierzon;;;2.054121;47.235057
18279_0350_00094;94;;Rue Beau Site;18100;18279;Vierzon;;;2.069638;47.20641
18279_0890_00016;16;;Rue de la Convention;18100;18279;Vierzon;;;2.101594;47.218503
18279_0013_00007;7;;Rue Abbé Pierre;18100;18279;Vierzon;;;2.080494;47.23414
18279_2985_00009;9;;Impasse Riparia;18100;18279;Vierzon;;;2.061167;47.21473
18279_2200_00022;22;;Rue Marcel Sembat;18100;18279;Vierzon;;;2.052149;47.229032
18279_1240_00068_a;68;a;Rue Etienne Nivet;18100;18279;Vierzon;;;2.085152;47.221737
18279_1280_00017;17;;Rue de Fay;18100;18279;Vierzon;;;2.051057;47.234602
18279_2910_00017;17;;Avenue du 14 Juillet;18100;18279;Vierzon;;;2.064742;47.215366
18279_2910_00008;8;;Avenue du 14 Juillet;18100;18279;Vierzon;;;2.065018;47.215666
18279_0972_00022_a;22;a;Rue de la Croix Moreau;18100;18279;Vierzon;;;2.043281;47.22578
18279_0840_00014;14;;Rue Claude Michaud;18100;18279;Vierzon;;;2.066273;47.213551
18279_3202_00064_a;64;a;Avenue de Verdun;18100;18279;Vierzon;;;2.075723;47.225963
18279_2155_00095_a;95;a;Avenue du 8 Mai 1945;18100;18279;Vierzon;;;2.085896;47.236223
18279_0460_00003_bis;3;bis;Rue Blanqui;18100;18279;Vierzon;;;2.050718;47.228303
18279_2620_00002;2;;Rue des Pentecotes;18100;18279;Vierzon;;;2.058526;47.230202
18279_1456_00019;19;;Chemin du Gardois;18100;18279;Vierzon;;;2.035536;47.209213
18279_2472_00006;6;;Route des Noues;18100;18279;Vierzon;;;2.049943;47.209322
18279_1230_00025_bis;25;bis;Rue Etienne Marcel;18100;18279;Vierzon;;;2.09731;47.21799
18279_1860_00011;11;;Rue Jean de la Fontaine;18100;18279;Vierzon;;;2.059416;47.222009
18279_2710_00003;3;;Rue Pierre Debournou;18100;18279;Vierzon;;;2.06208;47.2226
18279_2710_00012;12;;Rue Pierre Debournou;18100;18279;Vierzon;;;2.062144;47.223125
18279_2320_00009_b;9;b;Rue Millière;18100;18279;Vierzon;;;2.050828;47.225258
18279_0310_00063_a;63;a;Rue du Bas de Grange;18100;18279;Vierzon;;;2.053137;47.224721
18279_1832_00001;1;;Square Jacques Duclos;18100;18279;Vierzon;;;2.087564;47.201532
18279_2150_00005;5;;Rue Mac Nab;18100;18279;Vierzon;;;2.064503;47.223032
18279_2640_00019_a;19;a;Route du Petit Râteau;18100;18279;Vierzon;;;2.096934;47.230909
18279_2189_00002;2;;Rue Marcel Paul;18100;18279;Vierzon;;;2.086438;47.235424
18279_1391_00025;25;;Rue de la Fringale;18100;18279;Vierzon;;;2.039406;47.233967
18279_2080_00103_ter;103;ter;Route de la Loeuf;18100;18279;Vierzon;;;2.030055;47.213588
18279_0100_00029;29;;Rue André Guillemain;18100;18279;Vierzon;;;2.081366;47.215117
18279_1750_00013;13;;Rue Henri Sellier;18100;18279;Vierzon;;;2.055319;47.218054
18279_0542_00023;23;;Rue du Bourdoiseau;18100;18279;Vierzon;;;2.062847;47.232557
18279_0270_00003;3;;Rue Babeuf;18100;18279;Vierzon;;;2.047113;47.234036
18279_0080_00114;114;;Rue Anatole France;18100;18279;Vierzon;;;2.050198;47.222638
18279_a120_00006;6;;Résidence le Clos de la Minée;18100;18279;Vierzon;;;2.066197;47.236517
18279_0400_00039;39;;Rue des Berlurettes;18100;18279;Vierzon;;;2.064635;47.236484
18279_1870_00078;78;;Rue Jean Jacques Rousseau;18100;18279;Vierzon;;;2.084316;47.216283
18279_1905_00038;38;;Rue Jean Picot;18100;18279;Vierzon;;;2.075338;47.21128
18279_2485_00045;45;;Rue du 11 Novembre 1918;18100;18279;Vierzon;;;2.062023;47.222081
18279_3047_00079;79;;Rue Saint Exupéry;18100;18279;Vierzon;;;2.067435;47.201579
18279_0650_00010;10;;Rue du Cavalier;18100;18279;Vierzon;;;2.063075;47.226656
18279_1830_00051;51;;Rue Jacques Decour;18100;18279;Vierzon;;;2.088193;47.229458
18279_0170_00046_ter;46;ter;Rue Armand Brunet;18100;18279;Vierzon;;;2.071303;47.221541
18279_2560_00040_ter;40;ter;Rue Pasteur;18100;18279;Vierzon;;;2.088653;47.219636
18279_1362_00006;6;;Chemin des Fougeres;18100;18279;Vierzon;;;2.03077;47.239815
18279_0963_00002;2;;Route de la Croix;18100;18279;Vierzon;;;2.097538;47.228296
18279_2870_00058;58;;Route de Puits Berteau;18100;18279;Vierzon;;;2.07687;47.235765
18279_2720_00023_bis;23;bis;Rue Pierre Dupont;18100;18279;Vierzon;;;2.04596;47.235596
18279_0030_00031;31;;Rue de l'Abricot;18100;18279;Vierzon;;;2.055321;47.220599
18279_1230_00117;117;;Rue Etienne Marcel;18100;18279;Vierzon;;;2.106212;47.215637
18279_3047_00019;19;;Rue Saint Exupéry;18100;18279;Vierzon;;;2.068424;47.205011
18279_1120_00029;29;;Rue Edouard Branly;18100;18279;Vierzon;;;2.10432;47.218713
18279_0030_00039;39;;Rue de l'Abricot;18100;18279;Vierzon;;;2.054364;47.220671
18279_1230_00091_b;91;b;Rue Etienne Marcel;18100;18279;Vierzon;;;2.102524;47.216851
18279_2025_00064;64;;avenue maréchal jean de lattre de tassigny;18100;18279;Vierzon;;;2.069718;47.206096
18279_2472_00023;23;;Route des Noues;18100;18279;Vierzon;;;2.045774;47.210562
18279_2025_00062;62;;avenue maréchal jean de lattre de tassigny;18100;18279;Vierzon;;;2.069664;47.206137
18279_1375_00038;38;;Rue France Bloch-sérazin;18100;18279;Vierzon;;;2.077244;47.205923
18279_2410_00014;14;;Boulevard de la Nation;18100;18279;Vierzon;;;2.059798;47.215863
18279_0743_00026;26;;Rue Charlotte Delbo;18100;18279;Vierzon;;;2.087092;47.222473
18279_1732_00084;84;;Square Henriette Dumuin;18100;18279;Vierzon;;;2.080674;47.202294
18279_1912_00005;5;;Impasse Jean Rostand;18100;18279;Vierzon;;;2.073321;47.232175
18279_0040_00009;9;;Rue Adolphe Hache;18100;18279;Vierzon;;;2.058422;47.224025
18279_0415_00006;6;;Rue Bernard Dumont;18100;18279;Vierzon;;;2.07217;47.208107
18279_1210_00043;43;;Rue Etienne Desroches;18100;18279;Vierzon;;;2.1033;47.220413
18279_3053_00003;3;;Impasse Saint Leonard;18100;18279;Vierzon;;;2.067809;47.214984
18279_1535_00008;8;;Rue Georges Fauconnier;18100;18279;Vierzon;;;2.070835;47.238151
18279_2870_00016;16;;Route de Puits Berteau;18100;18279;Vierzon;;;2.07982;47.233467
18279_0630_00012;12;;Impasse Casimir Lecomte;18100;18279;Vierzon;;;2.063221;47.225518
18279_0150_00008;8;;Place Aristide Briand;18100;18279;Vierzon;;;2.067132;47.221953
18279_0568_00003;3;;Chemin du Briou;18100;18279;Vierzon;;;2.084216;47.224647
18279_1250_00142;142;;Rue Eugène Pottier;18100;18279;Vierzon;;;2.0975;47.227681
18279_2100_00020;20;;Rue des Longueraies;18100;18279;Vierzon;;;2.057823;47.231901
18279_1870_00057;57;;Rue Jean Jacques Rousseau;18100;18279;Vierzon;;;2.074115;47.218306
18279_0890_00148;148;;Rue de la Convention;18100;18279;Vierzon;;;2.110703;47.227272
18279_1365_00039;39;;Chemin de Fougery;18100;18279;Vierzon;;;2.069804;47.230099
18279_2501_00013;13;;Rue Pablo Casals;18100;18279;Vierzon;;;2.082817;47.201333
18279_1732_00092;92;;Square Henriette Dumuin;18100;18279;Vierzon;;;2.080114;47.202684
18279_3073_00032;32;;Rue de la Société Française;18100;18279;Vierzon;;;2.055875;47.22673
18279_1560_00036_d;36;d;Rue Gourdon;18100;18279;Vierzon;;;2.064005;47.224623
18279_lukrq1_00006;6;;Rue Rouget de Lisle;18100;18279;Vierzon;;;2.047044;47.232936
18279_3073_00026_u;26;u;Rue de la Société Française;18100;18279;Vierzon;;;2.056198;47.225124
18279_0290_00029;29;;Rue Barbès;18100;18279;Vierzon;;;2.053141;47.234745
18279_3200_00005;5;;Rue du Verdin;18100;18279;Vierzon;;;2.041709;47.232689
18279_0020_00059;59;;Chemin de l’Abricot;18100;18279;Vierzon;;;2.045327;47.219066
18279_2200_00013_bis;13;bis;Rue Marcel Sembat;18100;18279;Vierzon;;;2.053646;47.228187
18279_2870_00066;66;;Route de Puits Berteau;18100;18279;Vierzon;;;2.076402;47.236195
18279_1128_00049;49;;Avenue Edouard Vaillant;18100;18279;Vierzon;;;2.06121;47.232837
18279_1120_00012;12;;Rue Edouard Branly;18100;18279;Vierzon;;;2.104989;47.217069
18279_1062_00014;14;;Rue du Docteur Pierre Roux;18100;18279;Vierzon;;;2.071119;47.223967
18279_0600_00040;40;;Petite Rue du Camp;18100;18279;Vierzon;;;2.06424;47.207127
18279_1170_00031_a;31;a;Rue des Epinettes;18100;18279;Vierzon;;;2.070121;47.22709
18279_1055_00106;106;;Avenue du 19 Mars 1962;18100;18279;Vierzon;;;2.086316;47.235382
18279_2594_00025;25;;Rue Paul Valery;18100;18279;Vierzon;;;2.06776;47.208393
18279_2685_00008;8;;Avenue Pierre Billes;18100;18279;Vierzon;;;2.112245;47.202563
18279_0712_00015_d;15;d;Rue du Champ Commun;18100;18279;Vierzon;;;2.068057;47.219422
18279_1959_00002;2;;Chemin de la Jonchere;18100;18279;Vierzon;;;2.032348;47.22887
18279_1290_00098;98;;Rue Félix Pyat;18100;18279;Vierzon;;;2.08863;47.227442
18279_1530_00026;26;;Rue Georges Clémenceau;18100;18279;Vierzon;;;2.056792;47.21583
18279_2950_00060;60;;Avenue de la République;18100;18279;Vierzon;;;2.062971;47.22446
18279_2070_00012;12;;Boulevard de la Liberté;18100;18279;Vierzon;;;2.067069;47.226572
18279_0500_00011;11;;Rue Boitard;18100;18279;Vierzon;;;2.069783;47.21493
18279_1000_00011;11;;Rue Danton;18100;18279;Vierzon;;;2.04792;47.227336
18279_1230_00027_bis;27;bis;Rue Etienne Marcel;18100;18279;Vierzon;;;2.097389;47.218213
18279_0800_00027;27;;Quai du Cher;18100;18279;Vierzon;;;2.062924;47.21641
18279_2309_00010;10;;Chemin des Millards;18100;18279;Vierzon;;;2.100726;47.232186
18279_1143_00017;17;;Rue Eirick Labonne;18100;18279;Vierzon;;;2.086581;47.199751
18279_1940_00008;8;;Rue Joliot Curie;18100;18279;Vierzon;;;2.073807;47.208927
18279_2302_00023;23;;Rue Michel Lucas;18100;18279;Vierzon;;;2.085889;47.230911
18279_0160_00039;39;;Rue Armand Bazile;18100;18279;Vierzon;;;2.073809;47.216928
18279_1128_00126;126;;Avenue Edouard Vaillant;18100;18279;Vierzon;;;2.060648;47.239421
18279_2710_00032;32;;Rue Pierre Debournou;18100;18279;Vierzon;;;2.062703;47.224165
18279_a070_00033;33;;Residence des Bruyeres;18100;18279;Vierzon;;;2.066103;47.206055
18279_1230_00071_bis;71;bis;Rue Etienne Marcel;18100;18279;Vierzon;;;2.101619;47.216997
18279_3133_00074_bis;74;bis;Route de Tours;18100;18279;Vierzon;;;2.030845;47.238019
18279_1290_00148;148;;Rue Félix Pyat;18100;18279;Vierzon;;;2.09324;47.228087
18279_2620_00013;13;;Rue des Pentecotes;18100;18279;Vierzon;;;2.060364;47.22762
18279_1280_00001;1;;Rue de Fay;18100;18279;Vierzon;;;2.051229;47.233066
18279_0600_00046;46;;Petite Rue du Camp;18100;18279;Vierzon;;;2.063565;47.20722
18279_1229_00008_c;8;c;Impasse Etienne Marcel;18100;18279;Vierzon;;;2.101501;47.217818
18279_2260_00047;47;;Route de Méreau;18100;18279;Vierzon;;;2.061048;47.205949
18279_0260_00010;10;;Petite Rue Babeuf;18100;18279;Vierzon;;;2.045441;47.234674
18279_0220_00020;20;;Rue Auber;18100;18279;Vierzon;;;2.082466;47.215587
18279_1670_00004;4;;Rue du Gros Caillou;18100;18279;Vierzon;;;2.069221;47.222224
18279_1538_00052_a;52;a;Rue Georges Rousseau;18100;18279;Vierzon;;;2.057719;47.210317
18279_0844_00011;11;;Impasse du Clos Chabot;18100;18279;Vierzon;;;2.080471;47.22954
18279_2960_00005;5;;Place de la Résistance;18100;18279;Vierzon;;;2.071822;47.22401
18279_1640_00018;18;;Rue du Grelet;18100;18279;Vierzon;;;2.050086;47.231705
18279_2625_00044;44;;Chemin du Perdrier;18100;18279;Vierzon;;;2.095702;47.227803
18279_1428_00001;1;;Place Gallerand;18100;18279;Vierzon;;;2.068273;47.222939
18279_0730_00005;5;;Rue Charles Gibault;18100;18279;Vierzon;;;2.081537;47.217452
18279_1860_00002;2;;Rue Jean de la Fontaine;18100;18279;Vierzon;;;2.059241;47.221399
18279_1840_00108;108;;Rue Jean-baptiste Clément;18100;18279;Vierzon;;;2.077081;47.23341
18279_0370_00099;99;;Route de Bellon;18100;18279;Vierzon;;;2.078148;47.210663
18279_0714_00008;8;;Rue du Champ du Four;18100;18279;Vierzon;;;2.08264;47.233754
18279_1180_00001;1;;Rue Ernest Renan;18100;18279;Vierzon;;;2.074673;47.217891
18279_2714_00020;20;;Allée Pierre de Coubertin;18100;18279;Vierzon;;;2.076486;47.20893
18279_2260_00048;48;;Route de Méreau;18100;18279;Vierzon;;;2.061045;47.206237
18279_0866_00012;12;;Avenue du Colonel Manhes;18100;18279;Vierzon;;;2.078632;47.223492
18279_1560_00047;47;;Rue Gourdon;18100;18279;Vierzon;;;2.063673;47.224756
18279_1062_00008;8;;Rue du Docteur Pierre Roux;18100;18279;Vierzon;;;2.069827;47.224037
18279_2501_00041;41;;Rue Pablo Casals;18100;18279;Vierzon;;;2.081867;47.200646
18279_0110_00042;42;;Rue André Hènault;18100;18279;Vierzon;;;2.059766;47.215334
18279_0275_00001_a;1;a;Rue Bara;18100;18279;Vierzon;;;2.045583;47.231371
18279_0060_00015;15;;Rue Alphonse Daudet;18100;18279;Vierzon;;;2.077899;47.215
18279_0088_00006_b;6;b;Impasse Andre de Chenier;18100;18279;Vierzon;;;2.074241;47.218918
18279_1480_00001;1;;Rue de la Gaucherie;18100;18279;Vierzon;;;2.066884;47.221667
18279_1365_00037;37;;Chemin de Fougery;18100;18279;Vierzon;;;2.070009;47.22989
18279_2155_00077;77;;Avenue du 8 Mai 1945;18100;18279;Vierzon;;;2.08442;47.234133
18279_0120_00082;82;;Rue André Ribaud;18100;18279;Vierzon;;;2.069697;47.233255
18279_0310_00039_bis;39;bis;Rue du Bas de Grange;18100;18279;Vierzon;;;2.055629;47.224271
18279_1536_00048;48;;Rue Georges Politzer;18100;18279;Vierzon;;;2.078313;47.204093
18279_0740_00075;75;;Rue Charles Hurvoy;18100;18279;Vierzon;;;2.062129;47.229342
18279_1128_00140;140;;Avenue Edouard Vaillant;18100;18279;Vierzon;;;2.060614;47.24025
18279_1950_00041_b;41;b;Avenue du Jonc;18100;18279;Vierzon;;;2.067632;47.209936
18279_3160_00045;45;;Rue du Val Fleury;18100;18279;Vierzon;;;2.069732;47.209711
18279_2735_00008;8;;Rue Pierre Ferdonnet;18100;18279;Vierzon;;;2.090208;47.226414
18279_1591_00006_a;6;a;Chemin du Grand Orme;18100;18279;Vierzon;;;2.102529;47.23018
18279_2058_00021_b;21;b;Rue Léo Mérigot;18100;18279;Vierzon;;;2.050174;47.229246
18279_0090_00009;9;;Rue Andre de Chenier;18100;18279;Vierzon;;;2.074108;47.219356
18279_1400_00003;3;;Place Gabriel Péri;18100;18279;Vierzon;;;2.062157;47.224526
18279_2560_00066;66;;Rue Pasteur;18100;18279;Vierzon;;;2.090204;47.219062
18279_0712_00021;21;;Rue du Champ Commun;18100;18279;Vierzon;;;2.068281;47.219204
18279_1877_01612;1612;;Avenue Jean Jaurès;18100;18279;Vierzon;;;2.045524;47.230908
18279_2560_00024_i;24;i;Rue Pasteur;18100;18279;Vierzon;;;2.086604;47.21987
18279_1430_00017;17;;Rue Gallerand;18100;18279;Vierzon;;;2.068256;47.222808
18279_0543_00003;3;;Petite Rue du Bourdoiseau;18100;18279;Vierzon;;;2.064144;47.232222
18279_2685_00002;2;;Avenue Pierre Billes;18100;18279;Vierzon;;;2.112822;47.202685
18279_3133_00042;42;;Route de Tours;18100;18279;Vierzon;;;2.037177;47.234284
18279_3160_00024;24;;Rue du Val Fleury;18100;18279;Vierzon;;;2.069912;47.21086
18279_0842_00016;16;;Chemin du Cloître;18100;18279;Vierzon;;;2.03085;47.224651
18279_0060_00006;6;;Rue Alphonse Daudet;18100;18279;Vierzon;;;2.078393;47.216547
18279_1480_00060;60;;Rue de la Gaucherie;18100;18279;Vierzon;;;2.064037;47.223693
18279_0435_00040;40;;Rue de Bitterfeld;18100;18279;Vierzon;;;2.086546;47.201471
18279_3133_00051;51;;Route de Tours;18100;18279;Vierzon;;;2.036179;47.234729
18279_2950_00010;10;;Avenue de la République;18100;18279;Vierzon;;;2.066501;47.222787
18279_0842_00009_a;9;a;Chemin du Cloître;18100;18279;Vierzon;;;2.031456;47.225015
18279_0275_00020;20;;Rue Bara;18100;18279;Vierzon;;;2.045086;47.233259
18279_2189_00013;13;;Rue Marcel Paul;18100;18279;Vierzon;;;2.090274;47.234543
18279_1470_00010;10;;Rue Gaston Cornavin;18100;18279;Vierzon;;;2.087489;47.227879
18279_1825_00032;32;;Rue Jacques Brel;18100;18279;Vierzon;;;2.0809;47.199421
18279_2816_00053;53;;Passage du Pré d'Anet;18100;18279;Vierzon;;;2.080074;47.218702
18279_1857_00018;18;;Rue Jean Cocteau;18100;18279;Vierzon;;;2.084143;47.227301
18279_1250_00084;84;;Rue Eugène Pottier;18100;18279;Vierzon;;;2.098499;47.223193
18279_2930_00011_b;11;b;Rue Raspail;18100;18279;Vierzon;;;2.072878;47.224119
18279_0435_00046;46;;Rue de Bitterfeld;18100;18279;Vierzon;;;2.087383;47.200983
18279_2155_00057_k;57;k;Avenue du 8 Mai 1945;18100;18279;Vierzon;;;2.079328;47.230797
18279_1070_00002;2;;Rue des Donneaux;18100;18279;Vierzon;;;2.045526;47.22789
18279_2910_00014;14;;Avenue du 14 Juillet;18100;18279;Vierzon;;;2.064957;47.215405
18279_1870_00031;31;;Rue Jean Jacques Rousseau;18100;18279;Vierzon;;;2.072192;47.218599
18279_0980_00020;20;;Rue du Crot à Foulon;18100;18279;Vierzon;;;2.063396;47.23051
18279_2200_00014;14;;Rue Marcel Sembat;18100;18279;Vierzon;;;2.052856;47.228855
18279_0080_00003;3;;Rue Anatole France;18100;18279;Vierzon;;;2.06058;47.220929
18279_0715_00004;4;;Chemin du Champ des Renards;18100;18279;Vierzon;;;2.093985;47.227641
18279_3048_00019;19;;Route de Saint Laurent;18100;18279;Vierzon;;;2.118062;47.218113
18279_0817_00033;33;;Chemin du Chevry;18100;18279;Vierzon;;;2.119974;47.215356
18279_0310_00071;71;;Rue du Bas de Grange;18100;18279;Vierzon;;;2.051783;47.224887
18279_3110_00005;5;;Rue des Terres Mortes;18100;18279;Vierzon;;;2.057112;47.20804
18279_0512_00007;7;;Route de Bonègue;18100;18279;Vierzon;;;2.071477;47.237747
18279_3226_00002;2;;Route du Vieux Domaine;18100;18279;Vierzon;;;2.082143;47.214595
18279_2055_00021;21;;Rue Lénine;18100;18279;Vierzon;;;2.063485;47.233292
18279_1720_00011;11;;Rue Henri Barbusse;18100;18279;Vierzon;;;2.063912;47.230034
18279_2309_00043;43;;Chemin des Millards;18100;18279;Vierzon;;;2.103165;47.233292
18279_2410_00040;40;;Boulevard de la Nation;18100;18279;Vierzon;;;2.060143;47.216257
18279_2302_00014;14;;Rue Michel Lucas;18100;18279;Vierzon;;;2.085781;47.230859
18279_0681_00999;999;;Avenue de Chaillot;18100;18279;Vierzon;;;2.090255;47.20007
18279_1200_00009;9;;Rue de l'Etape;18100;18279;Vierzon;;;2.068932;47.222675
18279_0440_00004_c;4;c;Rue Blaise Pascal;18100;18279;Vierzon;;;2.075896;47.217647
18279_3210_00063_d;63;d;Rue Victor Hugo;18100;18279;Vierzon;;;2.064676;47.224086
18279_3047_00024;24;;Rue Saint Exupéry;18100;18279;Vierzon;;;2.068166;47.20465
18279_0370_00011_a;11;a;Route de Bellon;18100;18279;Vierzon;;;2.07119;47.214166
18279_2945_00018;18;;Rue de Rendsburg;18100;18279;Vierzon;;;2.084657;47.199725
18279_2850_00012;12;;Rue Proudhon;18100;18279;Vierzon;;;2.048506;47.231656
18279_1220_00001;1;;Rue Etienne Dolet;18100;18279;Vierzon;;;2.102501;47.215161
18279_0450_00013;13;;Rue Blanche Baron;18100;18279;Vierzon;;;2.065727;47.222573
18279_1220_00011;11;;Rue Etienne Dolet;18100;18279;Vierzon;;;2.102372;47.214644
18279_0890_00131;131;;Rue de la Convention;18100;18279;Vierzon;;;2.109385;47.224344
18279_1870_00039;39;;Rue Jean Jacques Rousseau;18100;18279;Vierzon;;;2.072736;47.218537
18279_0817_00018_d;18;d;Chemin du Chevry;18100;18279;Vierzon;;;2.119347;47.215015
18279_2450_00026;26;;Route de Neuvy;18100;18279;Vierzon;;;2.072026;47.22527
18279_2625_00010;10;;Chemin du Perdrier;18100;18279;Vierzon;;;2.097426;47.222436
18279_1825_00027;27;;Rue Jacques Brel;18100;18279;Vierzon;;;2.081227;47.199443
18279_1128_00044_a;44;a;Avenue Edouard Vaillant;18100;18279;Vierzon;;;2.060935;47.232419
18279_2770_00085;85;;Rue de la Plaisance;18100;18279;Vierzon;;;2.0979;47.221678
18279_2125_00014;14;;Rue Louise Michel;18100;18279;Vierzon;;;2.070879;47.235431
18279_0387_00012;12;;Passage des Bergeries;18100;18279;Vierzon;;;2.051555;47.224155
18279_2190_00014;14;;Rue Marcel Perrin;18100;18279;Vierzon;;;2.071077;47.224771
18279_3170_00001_ter;1;ter;Rue de Valmy;18100;18279;Vierzon;;;2.066982;47.219029
18279_2370_00005;5;;Rue de la Montagne;18100;18279;Vierzon;;;2.073024;47.222616
18279_2335_00027_b;27;b;Rue Miranda de Ebro;18100;18279;Vierzon;;;2.063971;47.218978
18279_0417_00003;3;;Rue Berty Albrecht;18100;18279;Vierzon;;;2.057629;47.211381
18279_2085_00014;14;;Rue des Lilas;18100;18279;Vierzon;;;2.055673;47.23339
18279_2850_00014;14;;Rue Proudhon;18100;18279;Vierzon;;;2.048446;47.231742
18279_1250_00005;5;;Rue Eugène Pottier;18100;18279;Vierzon;;;2.09911;47.218396
18279_2330_00060;60;;Rue Mirabeau;18100;18279;Vierzon;;;2.054178;47.211109
18279_0210_00006_bis;6;bis;Rue des Ateliers;18100;18279;Vierzon;;;2.053787;47.231102
18279_3280_00083;83;;Rue de Villeneuve;18100;18279;Vierzon;;;2.070076;47.208519
18279_3130_00001;1;;Rue Théodore Roosevelt;18100;18279;Vierzon;;;2.068204;47.223385
18279_1290_00105;105;;Rue Félix Pyat;18100;18279;Vierzon;;;2.089072;47.227781
18279_2264_00023;23;;Res Mermoz Nord;18100;18279;Vierzon;;;2.063813;47.204361
18279_1020_00003_a;3;a;Rue Descartes;18100;18279;Vierzon;;;2.081094;47.217853
18279_3061_00005;5;;Boulevard Salvador Allende;18100;18279;Vierzon;;;2.083069;47.226917
18279_0482_00013;13;;Rue du Bois d'Yèvre;18100;18279;Vierzon;;;2.069736;47.218359
18279_0100_00042;42;;Rue André Guillemain;18100;18279;Vierzon;;;2.080853;47.214363
18279_0095_00052;52;;Rue André Gide;18100;18279;Vierzon;;;2.094335;47.225698
18279_2740_00007;7;;Avenue Pierre Sémard;18100;18279;Vierzon;;;2.06029;47.225798
18279_1055_00009;9;;Avenue du 19 Mars 1962;18100;18279;Vierzon;;;2.088781;47.237565
18279_1230_00103_c;103;c;Rue Etienne Marcel;18100;18279;Vierzon;;;2.104326;47.216426
18279_0290_00004;4;;Rue Barbès;18100;18279;Vierzon;;;2.051658;47.233175
18279_0660_00017;17;;Rue Célestin Gérard;18100;18279;Vierzon;;;2.05406;47.225527
18279_2973_00019_a;19;a;Chemin des Riaux;18100;18279;Vierzon;;;2.114304;47.228205
18279_1825_00050;50;;Rue Jacques Brel;18100;18279;Vierzon;;;2.082332;47.19885
18279_3087_00016;16;;Rue de Stalingrad;18100;18279;Vierzon;;;2.081531;47.232203
18279_3133_00008;8;;Route de Tours;18100;18279;Vierzon;;;2.039768;47.232753
18279_2816_00061;61;;Passage du Pré d'Anet;18100;18279;Vierzon;;;2.08086;47.2187
18279_0415_00022;22;;Rue Bernard Dumont;18100;18279;Vierzon;;;2.07089;47.206945
18279_1265_00008;8;;Impasse de Fay;18100;18279;Vierzon;;;2.052426;47.235344
18279_1732_00038;38;;Square Henriette Dumuin;18100;18279;Vierzon;;;2.078788;47.202293
18279_0745_00016;16;;Chemin de Charnay;18100;18279;Vierzon;;;2.027375;47.241798
18279_2320_00002;2;;Rue Millière;18100;18279;Vierzon;;;2.051365;47.225228
18279_1760_00017;17;;Rue d'Héry;18100;18279;Vierzon;;;2.070863;47.212967
18279_1160_00082;82;;Rue Emile Zola;18100;18279;Vierzon;;;2.034899;47.225935
18279_2070_00028;28;;Boulevard de la Liberté;18100;18279;Vierzon;;;2.065099;47.227014
18279_0800_00053;53;;Quai du Cher;18100;18279;Vierzon;;;2.06116;47.216698
18279_2240_00008;8;;Rue Mattéoti;18100;18279;Vierzon;;;2.061786;47.214829
18279_1535_00096;96;;Rue Georges Fauconnier;18100;18279;Vierzon;;;2.066916;47.238715
18279_0512_00012;12;;Route de Bonègue;18100;18279;Vierzon;;;2.072204;47.238846
18279_2405_00003;3;;Rue Mozart;18100;18279;Vierzon;;;2.079624;47.232259
18279_2008_00018;18;;Impasse Karl Marx;18100;18279;Vierzon;;;2.049357;47.228548
18279_3165_00007;7;;Chemin des Vallees;18100;18279;Vierzon;;;2.042703;47.224044
18279_0030_00057;57;;Rue de l'Abricot;18100;18279;Vierzon;;;2.053546;47.22123
18279_1940_00010;10;;Rue Joliot Curie;18100;18279;Vierzon;;;2.073604;47.209019
18279_2100_00041;41;;Rue des Longueraies;18100;18279;Vierzon;;;2.058503;47.233562
18279_0568_00016;16;;Chemin du Briou;18100;18279;Vierzon;;;2.08607;47.224893
18279_1065_00015_a;15;a;Cour des Donneaux;18100;18279;Vierzon;;;2.044085;47.227418
18279_2058_00025_a;25;a;Rue Léo Mérigot;18100;18279;Vierzon;;;2.050913;47.228803
18279_2491_00012;12;;Chemin de l’Orme a Lieue;18100;18279;Vierzon;;;2.126412;47.215608
18279_2330_00084;84;;Rue Mirabeau;18100;18279;Vierzon;;;2.052576;47.210084
18279_2461_00006;6;;Rue Nicolas Copernic;18100;18279;Vierzon;;;2.083372;47.233986
18279_1470_00016;16;;Rue Gaston Cornavin;18100;18279;Vierzon;;;2.087408;47.228206
18279_a600_00014;14;;Residence Val d’Yevre;18100;18279;Vierzon;;;2.093602;47.218784
18279_0190_00102;102;;Rue de l'Armistice;18100;18279;Vierzon;;;2.055405;47.216773
18279_2510_00084;84;;Rue de la Paix;18100;18279;Vierzon;;;2.054574;47.216798
18279_2025_00078_b;78;b;avenue maréchal jean de lattre de tassigny;18100;18279;Vierzon;;;2.07225;47.204796
18279_2610_00035;35;;Chemin des Pelles;18100;18279;Vierzon;;;2.041781;47.223548
18279_0691_00012;12;;Passage du Chambon;18100;18279;Vierzon;;;2.054281;47.222375
18279_1145_00004;4;;Rue Emile Accolas;18100;18279;Vierzon;;;2.061757;47.231722
18279_0170_00008;8;;Rue Armand Brunet;18100;18279;Vierzon;;;2.068113;47.222235
18279_3251_00013;13;;Rue du Village Aubry;18100;18279;Vierzon;;;2.099784;47.218132
18279_2700_00014;14;;Rue Pierre Curie;18100;18279;Vierzon;;;2.056685;47.216911
18279_2870_00152;152;;Route de Puits Berteau;18100;18279;Vierzon;;;2.067313;47.238482
18279_1250_00018;18;;Rue Eugène Pottier;18100;18279;Vierzon;;;2.099335;47.218613
18279_1280_00051;51;;Rue de Fay;18100;18279;Vierzon;;;2.049329;47.239364
18279_0350_00020;20;;Rue Beau Site;18100;18279;Vierzon;;;2.07268;47.212117
18279_2776_00008_e;8;e;Rue du Plessis;18100;18279;Vierzon;;;2.092924;47.229866
18279_a210_00001;1;;Residence de la Foret;18100;18279;Vierzon;;;2.063995;47.238963
18279_1145_00010;10;;Rue Emile Accolas;18100;18279;Vierzon;;;2.062649;47.231719
18279_1170_00003;3;;Rue des Epinettes;18100;18279;Vierzon;;;2.067822;47.223893
18279_2735_00027;27;;Rue Pierre Ferdonnet;18100;18279;Vierzon;;;2.090782;47.226255
18279_1255_00017;17;;Rue Evariste Galois;18100;18279;Vierzon;;;2.084465;47.202184
18279_3180_00019;19;;Rue Van Craeynest;18100;18279;Vierzon;;;2.064731;47.209327
18279_1210_00036_a;36;a;Rue Etienne Desroches;18100;18279;Vierzon;;;2.102747;47.21999
18279_0482_00022;22;;Rue du Bois d'Yèvre;18100;18279;Vierzon;;;2.069582;47.217725
18279_0170_00030;30;;Rue Armand Brunet;18100;18279;Vierzon;;;2.0699;47.221819
18279_0380_00014;14;;Chemin de la Bercetterie;18100;18279;Vierzon;;;2.032581;47.239372
18279_1385_00002;2;;Rue Frédéric Mistral;18100;18279;Vierzon;;;2.095341;47.225405
18279_2155_00064;64;;Avenue du 8 Mai 1945;18100;18279;Vierzon;;;2.078691;47.229468
18279_0085_00023;23;;Imp Ancienne Cite de la Verrerie;18100;18279;Vierzon;;;2.10038;47.210277
18279_1480_00036;36;;Rue de la Gaucherie;18100;18279;Vierzon;;;2.063772;47.223083
18279_2189_00009_bis;9;bis;Rue Marcel Paul;18100;18279;Vierzon;;;2.090295;47.234524
18279_1990_00014;14;;Rue Jules Louis Breton;18100;18279;Vierzon;;;2.075304;47.2212
18279_1289_00125;125;;Impasse Felix Pyat;18100;18279;Vierzon;;;2.089887;47.228747
18279_2973_00009;9;;Chemin des Riaux;18100;18279;Vierzon;;;2.112515;47.228165
18279_le1ny7_00006;6;;Rue Jeanne Labourbe;18100;18279;Vierzon;;;2.059942;47.231487
18279_0497_00001;1;;Chemin de Bois Marteau;18100;18279;Vierzon;;;2.057446;47.238147
18279_0710_00045;45;;Rue du Champanet;18100;18279;Vierzon;;;2.059867;47.220234
18279_0460_00009_bis;9;bis;Rue Blanqui;18100;18279;Vierzon;;;2.050024;47.22718
18279_1230_00093;93;;Rue Etienne Marcel;18100;18279;Vierzon;;;2.102621;47.216702
18279_3046_00002;2;;Chemin des Sables de Saint Prié;18100;18279;Vierzon;;;2.039435;47.232745
18279_1172_00004;4;;Passage des Epinettes;18100;18279;Vierzon;;;2.070679;47.225584
18279_2255_00001;1;;Place de la Mémoire;18100;18279;Vierzon;;;2.080324;47.200117
18279_3061_00007;7;;Boulevard Salvador Allende;18100;18279;Vierzon;;;2.083069;47.226917
18279_1420_00004;4;;Rue Galilée;18100;18279;Vierzon;;;2.069898;47.222013
18279_1300_00043;43;;Rue Fernand Léger;18100;18279;Vierzon;;;2.085559;47.228728
18279_3280_00081;81;;Rue de Villeneuve;18100;18279;Vierzon;;;2.070133;47.208623
18279_1428_00014;14;;Place Gallerand;18100;18279;Vierzon;;;2.068719;47.223023
18279_3047_00042;42;;Rue Saint Exupéry;18100;18279;Vierzon;;;2.067783;47.203304
18279_3133_00019;19;;Route de Tours;18100;18279;Vierzon;;;2.038933;47.233089
18279_1821_00009;9;;Rue Jacqueline Auriol;18100;18279;Vierzon;;;2.064947;47.202685
18279_1250_00058;58;;Rue Eugène Pottier;18100;18279;Vierzon;;;2.099371;47.221095
18279_0220_00053;53;;Rue Auber;18100;18279;Vierzon;;;2.082374;47.212399
18279_0512_00015;15;;Route de Bonègue;18100;18279;Vierzon;;;2.07173;47.238224
18279_2155_00061_a;61;a;Avenue du 8 Mai 1945;18100;18279;Vierzon;;;2.080052;47.230705
18279_0417_00034;34;;Rue Berty Albrecht;18100;18279;Vierzon;;;2.054708;47.210299
18279_2340_00009;9;;Rue Molière;18100;18279;Vierzon;;;2.065323;47.219183
18279_0210_00004_ter;4;ter;Rue des Ateliers;18100;18279;Vierzon;;;2.053626;47.231093
18279_0780_00007;7;;Rue du Château;18100;18279;Vierzon;;;2.071246;47.222704
18279_2845_00009;9;;Passage Proudhon;18100;18279;Vierzon;;;2.048918;47.233015
18279_1560_00029;29;;Rue Gourdon;18100;18279;Vierzon;;;2.0652;47.224597
18279_0270_00039;39;;Rue Babeuf;18100;18279;Vierzon;;;2.042867;47.233239
18279_2740_00020;20;;Avenue Pierre Sémard;18100;18279;Vierzon;;;2.060202;47.225596
18279_0743_00003;3;;Rue Charlotte Delbo;18100;18279;Vierzon;;;2.087395;47.223029
18279_3210_00028_a;28;a;Rue Victor Hugo;18100;18279;Vierzon;;;2.065531;47.223443
18279_0710_00063;63;;Rue du Champanet;18100;18279;Vierzon;;;2.058449;47.220363
18279_2980_00004;4;;Rue Riparia;18100;18279;Vierzon;;;2.060338;47.214796
18279_0445_00005_bis;5;bis;Chemin Blanc;18100;18279;Vierzon;;;2.052814;47.207618
18279_1155_00001;1;;Rue Emile Desforges;18100;18279;Vierzon;;;2.08163;47.226675
18279_2502_00013;13;;Rue Pablo Neruda;18100;18279;Vierzon;;;2.083111;47.226357
18279_0370_00017;17;;Route de Bellon;18100;18279;Vierzon;;;2.072076;47.213833
18279_0160_00081_a;81;a;Rue Armand Bazile;18100;18279;Vierzon;;;2.07722;47.215449
18279_a130_00007;7;;Lotissement de la Colline;18100;18279;Vierzon;;;2.072743;47.232177
18279_b2fplh_00004;4;;Residence Mermoz;18100;18279;Vierzon;;;2.062889;47.203721
18279_0310_00007_d;7;d;Rue du Bas de Grange;18100;18279;Vierzon;;;2.0612;47.222685
18279_0329_00006;6;;Impasse Baudin;18100;18279;Vierzon;;;2.060345;47.220623
18279_1990_00043_bis;43;bis;Rue Jules Louis Breton;18100;18279;Vierzon;;;2.079883;47.220293
18279_2410_01470;1470;;Boulevard de la Nation;18100;18279;Vierzon;;;2.05867;47.215002
18279_1472_00006;6;;Rue Gaston Monmousseau;18100;18279;Vierzon;;;2.062152;47.203734
18279_1990_00001_bis;1;bis;Rue Jules Louis Breton;18100;18279;Vierzon;;;2.073587;47.221186
18279_1362_00005;5;;Chemin des Fougeres;18100;18279;Vierzon;;;2.030631;47.240094
18279_2520_00031;31;;Rue du Panorama;18100;18279;Vierzon;;;2.069363;47.210311
18279_2590_00010;10;;Rue Paul Lafargue;18100;18279;Vierzon;;;2.071139;47.222147
18279_0972_00038;38;;Rue de la Croix Moreau;18100;18279;Vierzon;;;2.040891;47.225984
18279_0800_00029_a;29;a;Quai du Cher;18100;18279;Vierzon;;;2.062713;47.216456
18279_1990_00028;28;;Rue Jules Louis Breton;18100;18279;Vierzon;;;2.076452;47.22116
18279_0794_00009;9;;Chemin des Chavannes;18100;18279;Vierzon;;;2.049057;47.213878
18279_1230_00123;123;;Rue Etienne Marcel;18100;18279;Vierzon;;;2.106831;47.215721
18279_3073_00009;9;;Rue de la Société Française;18100;18279;Vierzon;;;2.061068;47.224826
18279_0990_00049;49;;Rue Danielle Casanova;18100;18279;Vierzon;;;2.074443;47.212833
18279_2390_00072;72;;Rue du Mouton;18100;18279;Vierzon;;;2.089686;47.230002
18279_3137_00001;1;;Rue du Travail;18100;18279;Vierzon;;;2.041972;47.232562
18279_2155_00059_s;59;s;Avenue du 8 Mai 1945;18100;18279;Vierzon;;;2.079243;47.231004
18279_2795_00072_a;72;a;Rue des Ponts;18100;18279;Vierzon;;;2.066502;47.218535
18279_2688_00013;13;;Rue Pierre Brossolette;18100;18279;Vierzon;;;2.076584;47.204288
18279_2770_00064;64;;Rue de la Plaisance;18100;18279;Vierzon;;;2.097439;47.221496
18279_3133_00077_bis;77;bis;Route de Tours;18100;18279;Vierzon;;;2.033202;47.236502
18279_0270_00019;19;;Rue Babeuf;18100;18279;Vierzon;;;2.044762;47.233492
18279_0968_00004;4;;Impasse de la Croix Moreau;18100;18279;Vierzon;;;2.033932;47.226487
18279_1230_00014_bis;14;bis;Rue Etienne Marcel;18100;18279;Vierzon;;;2.094387;47.218246
18279_3210_00067;67;;Rue Victor Hugo;18100;18279;Vierzon;;;2.064294;47.223949
18279_1720_00077;77;;Rue Henri Barbusse;18100;18279;Vierzon;;;2.065733;47.237956
18279_2748_00001;1;;Chemin des Pillots;18100;18279;Vierzon;;;2.052692;47.214463
18279_1700_00015;15;;Rue Gustave Flourens;18100;18279;Vierzon;;;2.055956;47.230877
18279_1832_00003;3;;Square Jacques Duclos;18100;18279;Vierzon;;;2.087656;47.201639
18279_0990_00114;114;;Rue Danielle Casanova;18100;18279;Vierzon;;;2.074081;47.212669
18279_0100_00034;34;;Rue André Guillemain;18100;18279;Vierzon;;;2.081238;47.215113
18279_3086_00047;47;;Impasse Suzanne Masson;18100;18279;Vierzon;;;2.078383;47.205392
18279_1520_00009;9;;Rue George Sand;18100;18279;Vierzon;;;2.066889;47.225812
18279_1230_00065;65;;Rue Etienne Marcel;18100;18279;Vierzon;;;2.101135;47.217154
18279_3160_00054;54;;Rue du Val Fleury;18100;18279;Vierzon;;;2.068614;47.208504
18279_2640_00022;22;;Route du Petit Râteau;18100;18279;Vierzon;;;2.097098;47.229951
18279_2610_00037;37;;Chemin des Pelles;18100;18279;Vierzon;;;2.041592;47.223575
18279_2816_00037;37;;Passage du Pré d'Anet;18100;18279;Vierzon;;;2.077987;47.219182
18279_2870_00187;187;;Route de Puits Berteau;18100;18279;Vierzon;;;2.061712;47.23992
18279_0380_00009_bis;9;bis;Chemin de la Bercetterie;18100;18279;Vierzon;;;2.032133;47.239788
18279_1825_00003;3;;Rue Jacques Brel;18100;18279;Vierzon;;;2.078527;47.201201
18279_0866_00035;35;;Avenue du Colonel Manhes;18100;18279;Vierzon;;;2.0834;47.223974
18279_0890_00093_5;93;5;Rue de la Convention;18100;18279;Vierzon;;;2.107646;47.222064
18279_2058_00006_bis;6;bis;Rue Léo Mérigot;18100;18279;Vierzon;;;2.04984;47.230055
18279_0968_00014_b;14;b;Impasse de la Croix Moreau;18100;18279;Vierzon;;;2.031823;47.226535
18279_3047_00096;96;;Rue Saint Exupéry;18100;18279;Vierzon;;;2.066629;47.19931
18279_2125_00032_a;32;a;Rue Louise Michel;18100;18279;Vierzon;;;2.071284;47.236976
18279_2594_00003;3;;Rue Paul Valery;18100;18279;Vierzon;;;2.067824;47.209321
18279_3160_00037;37;;Rue du Val Fleury;18100;18279;Vierzon;;;2.069914;47.210139
18279_3130_00004;4;;Rue Théodore Roosevelt;18100;18279;Vierzon;;;2.068284;47.223628
18279_1240_00102;102;;Rue Etienne Nivet;18100;18279;Vierzon;;;2.090411;47.219564
18279_2993_00004;4;;Rue Roger Faletto;18100;18279;Vierzon;;;2.087457;47.200547
18279_1150_00040;40;;Rue Emile Bouleau;18100;18279;Vierzon;;;2.068057;47.218062
18279_3047_00113;113;;Rue Saint Exupéry;18100;18279;Vierzon;;;2.066862;47.199575
18279_2150_00003;3;;Rue Mac Nab;18100;18279;Vierzon;;;2.064647;47.223195
18279_0420_00030;30;;Rue de la Bidauderie;18100;18279;Vierzon;;;2.080833;47.235357
18279_1536_00043;43;;Rue Georges Politzer;18100;18279;Vierzon;;;2.080814;47.203949
18279_0600_00037;37;;Petite Rue du Camp;18100;18279;Vierzon;;;2.06461;47.207014
18279_3073_00011;11;;Rue de la Société Française;18100;18279;Vierzon;;;2.060639;47.225192
18279_0270_00021;21;;Rue Babeuf;18100;18279;Vierzon;;;2.044477;47.233454
18279_1840_00064;64;;Rue Jean-baptiste Clément;18100;18279;Vierzon;;;2.073397;47.231529
18279_0158_00005;5;;Impasse Armand Bazile;18100;18279;Vierzon;;;2.077654;47.216559
18279_1650_00027;27;;Rue Grelon;18100;18279;Vierzon;;;2.06059;47.21612
18279_671bao_00034_bis;34;bis;avenue maréchal philippe leclerc de hauteclocque;18100;18279;Vierzon;;;2.054922;47.208998
18279_1950_00045;45;;Avenue du Jonc;18100;18279;Vierzon;;;2.068037;47.209869
18279_1165_00010;10;;Rue de l'Epargne;18100;18279;Vierzon;;;2.057969;47.236034
18279_0160_00030;30;;Rue Armand Bazile;18100;18279;Vierzon;;;2.073615;47.217045
18279_1128_00027_bis;27;bis;Avenue Edouard Vaillant;18100;18279;Vierzon;;;2.061315;47.231427
18279_a130_00008;8;;Lotissement de la Colline;18100;18279;Vierzon;;;2.072639;47.232083
18279_2740_00024;24;;Avenue Pierre Sémard;18100;18279;Vierzon;;;2.059906;47.225721
18279_0568_00019;19;;Chemin du Briou;18100;18279;Vierzon;;;2.0874;47.226936
18279_0740_00073;73;;Rue Charles Hurvoy;18100;18279;Vierzon;;;2.064089;47.228909
18279_2755_00005;5;;Rue de la Piscine;18100;18279;Vierzon;;;2.061476;47.219806
18279_1720_00080;80;;Rue Henri Barbusse;18100;18279;Vierzon;;;2.065165;47.236664
18279_2648_00035;35;;Chemin de la Petite Noue;18100;18279;Vierzon;;;2.066325;47.203875
18279_1229_00008_t;8;t;Impasse Etienne Marcel;18100;18279;Vierzon;;;2.101425;47.217824
18279_671bao_00023;23;;avenue maréchal philippe leclerc de hauteclocque;18100;18279;Vierzon;;;2.055847;47.208931
18279_3047_00035;35;;Rue Saint Exupéry;18100;18279;Vierzon;;;2.068179;47.204138
18279_1910_00004;4;;Rue Jean Racine;18100;18279;Vierzon;;;2.046595;47.233136
18279_1128_00013_a;13;a;Avenue Edouard Vaillant;18100;18279;Vierzon;;;2.061193;47.230789
18279_3285_00011;11;;Rue Vincent Auriol;18100;18279;Vierzon;;;2.087979;47.200012
18279_0170_01085;1085;;Rue Armand Brunet;18100;18279;Vierzon;;;2.073495;47.221309
18279_0110_00009;9;;Rue André Hènault;18100;18279;Vierzon;;;2.063688;47.215622
18279_1250_00056;56;;Rue Eugène Pottier;18100;18279;Vierzon;;;2.099442;47.221027
18279_2155_00093;93;;Avenue du 8 Mai 1945;18100;18279;Vierzon;;;2.086445;47.235729
18279_2320_00016;16;;Rue Millière;18100;18279;Vierzon;;;2.050797;47.225847
18279_1720_00081;81;;Rue Henri Barbusse;18100;18279;Vierzon;;;2.065772;47.238292
18279_3133_00058;58;;Route de Tours;18100;18279;Vierzon;;;2.034857;47.235668
18279_0462_00002_b;2;b;Rue Bobby Sands;18100;18279;Vierzon;;;2.062542;47.222193
18279_0350_00062;62;;Rue Beau Site;18100;18279;Vierzon;;;2.070705;47.20848
18279_1480_00005;5;;Rue de la Gaucherie;18100;18279;Vierzon;;;2.066371;47.221775
18279_1070_00028;28;;Rue des Donneaux;18100;18279;Vierzon;;;2.044565;47.225588
18279_1549_00030;30;;Chemin de la Giraudiere;18100;18279;Vierzon;;;2.028516;47.236962
18279_2910_00052;52;;Avenue du 14 Juillet;18100;18279;Vierzon;;;2.063981;47.212999
18279_2650_00006;6;;Rue de la Petite Noue;18100;18279;Vierzon;;;2.058547;47.207592
18279_2950_00033;33;;Avenue de la République;18100;18279;Vierzon;;;2.065067;47.223339
18279_2690_00003;3;;Rue Pierre Calmette;18100;18279;Vierzon;;;2.063097;47.216092
18279_3047_00030;30;;Rue Saint Exupéry;18100;18279;Vierzon;;;2.068014;47.20413
18279_0270_00023;23;;Rue Babeuf;18100;18279;Vierzon;;;2.044535;47.233462
18279_3073_00034;34;;Rue de la Société Française;18100;18279;Vierzon;;;2.05565;47.226815
18279_2710_00007;7;;Rue Pierre Debournou;18100;18279;Vierzon;;;2.06232;47.223252
18279_0800_00011;11;;Quai du Cher;18100;18279;Vierzon;;;2.063688;47.216255
18279_0210_00026;26;;Rue des Ateliers;18100;18279;Vierzon;;;2.054918;47.230078
18279_1536_00001;1;;Rue Georges Politzer;18100;18279;Vierzon;;;2.077978;47.205148
18279_2560_00024_j;24;j;Rue Pasteur;18100;18279;Vierzon;;;2.086645;47.219867
18279_3133_00024;24;;Route de Tours;18100;18279;Vierzon;;;2.038737;47.233358
18279_0370_00050;50;;Route de Bellon;18100;18279;Vierzon;;;2.075453;47.21275
18279_1535_00074;74;;Rue Georges Fauconnier;18100;18279;Vierzon;;;2.067759;47.239371
18279_1915_00014;14;;Rue Jean Vilar;18100;18279;Vierzon;;;2.084006;47.200212
18279_2980_00010;10;;Rue Riparia;18100;18279;Vierzon;;;2.06025;47.214188
18279_0215_00017;17;;Passage de l’Aubepine;18100;18279;Vierzon;;;2.047338;47.231773
18279_0978_00004_g;4;g;Passage du Crot à Foulon;18100;18279;Vierzon;;;2.063181;47.229808
18279_2560_00052_bis;52;bis;Rue Pasteur;18100;18279;Vierzon;;;2.089351;47.219304
18279_1870_00021;21;;Rue Jean Jacques Rousseau;18100;18279;Vierzon;;;2.071445;47.218657
18279_1290_00019;19;;Rue Félix Pyat;18100;18279;Vierzon;;;2.081243;47.230003
18279_1500_00032;32;;Rue Gay Lussac;18100;18279;Vierzon;;;2.079133;47.225187
18279_1250_00122;122;;Rue Eugène Pottier;18100;18279;Vierzon;;;2.098021;47.226131
18279_0980_00025_c;25;c;Rue du Crot à Foulon;18100;18279;Vierzon;;;2.062531;47.230613
18279_2910_00071;71;;Avenue du 14 Juillet;18100;18279;Vierzon;;;2.063582;47.212407
18279_1230_00101_a;101;a;Rue Etienne Marcel;18100;18279;Vierzon;;;2.104076;47.21639
18279_2055_00015;15;;Rue Lénine;18100;18279;Vierzon;;;2.063687;47.232958
18279_1170_00040;40;;Rue des Epinettes;18100;18279;Vierzon;;;2.069793;47.226719
18279_2025_00025;25;;avenue maréchal jean de lattre de tassigny;18100;18279;Vierzon;;;2.066403;47.207882
18279_0890_00156;156;;Rue de la Convention;18100;18279;Vierzon;;;2.110274;47.228397
18279_1750_00030;30;;Rue Henri Sellier;18100;18279;Vierzon;;;2.055969;47.217586
18279_2973_00017;17;;Chemin des Riaux;18100;18279;Vierzon;;;2.113733;47.228197
18279_0045_00046;46;;Route d'Ainset;18100;18279;Vierzon;;;2.086047;47.24587
18279_1150_00036;36;;Rue Emile Bouleau;18100;18279;Vierzon;;;2.068166;47.218332
18279_2910_00047;47;;Avenue du 14 Juillet;18100;18279;Vierzon;;;2.064013;47.21357
18279_1128_00033_bis;33;bis;Avenue Edouard Vaillant;18100;18279;Vierzon;;;2.061245;47.231804
18279_1310_00007;7;;Rue des Feuillures;18100;18279;Vierzon;;;2.067306;47.212442
18279_0095_00022;22;;Rue André Gide;18100;18279;Vierzon;;;2.095992;47.223552
18279_1535_00014;14;;Rue Georges Fauconnier;18100;18279;Vierzon;;;2.070903;47.23832
18279_3207_00007;7;;Rue du Vert Pommier;18100;18279;Vierzon;;;2.066951;47.22398
18279_1840_00100_a;100;a;Rue Jean-baptiste Clément;18100;18279;Vierzon;;;2.07647;47.23339
18279_1510_00003;3;;Grande Rue de la Genette;18100;18279;Vierzon;;;2.059007;47.216226
18279_0730_00023;23;;Rue Charles Gibault;18100;18279;Vierzon;;;2.083697;47.216927
18279_1170_00048_bis;48;bis;Rue des Epinettes;18100;18279;Vierzon;;;2.069389;47.227311
18279_0290_00013;13;;Rue Barbès;18100;18279;Vierzon;;;2.052101;47.233931
18279_2220_00006;6;;Rue du Maréchal Joffre;18100;18279;Vierzon;;;2.068387;47.223266
18279_2390_00018;18;;Rue du Mouton;18100;18279;Vierzon;;;2.082853;47.230548
18279_0110_00043;43;;Rue André Hènault;18100;18279;Vierzon;;;2.060555;47.215477
18279_0445_00105;105;;Chemin Blanc;18100;18279;Vierzon;;;2.065009;47.199772
18279_1250_00136;136;;Rue Eugène Pottier;18100;18279;Vierzon;;;2.097712;47.22715
18279_1379_00001;1;;Place François Mitterrand;18100;18279;Vierzon;;;2.061156;47.222224
18279_1320_00048;48;;Route de Foëcy;18100;18279;Vierzon;;;2.104592;47.208168
18279_2260_00006;6;;Route de Méreau;18100;18279;Vierzon;;;2.062356;47.209418
18279_2270_00025;25;;Rue Meunier;18100;18279;Vierzon;;;2.044639;47.228642
18279_2870_00172;172;;Route de Puits Berteau;18100;18279;Vierzon;;;2.064229;47.239302
18279_0910_00003;3;;Ruelle du Corneau;18100;18279;Vierzon;;;2.070322;47.223438
18279_0497_00004;4;;Chemin de Bois Marteau;18100;18279;Vierzon;;;2.057258;47.23839
18279_0866_00019;19;;Avenue du Colonel Manhes;18100;18279;Vierzon;;;2.082286;47.223635
18279_0497_00012;12;;Chemin de Bois Marteau;18100;18279;Vierzon;;;2.05647;47.239022
18279_1280_00001_a;1;a;Rue de Fay;18100;18279;Vierzon;;;2.05129;47.232824
18279_1250_00092;92;;Rue Eugène Pottier;18100;18279;Vierzon;;;2.09846;47.223674
18279_0740_00049;49;;Rue Charles Hurvoy;18100;18279;Vierzon;;;2.066592;47.228206
18279_0260_00003;3;;Petite Rue Babeuf;18100;18279;Vierzon;;;2.045702;47.234507
18279_0280_00010;10;;Impasse Barbes;18100;18279;Vierzon;;;2.053452;47.23395
18279_0866_00006;6;;Avenue du Colonel Manhes;18100;18279;Vierzon;;;2.078315;47.223561
18279_2850_00038;38;;Rue Proudhon;18100;18279;Vierzon;;;2.047975;47.233577
18279_1591_00002;2;;Chemin du Grand Orme;18100;18279;Vierzon;;;2.10383;47.230046
18279_0100_00044;44;;Rue André Guillemain;18100;18279;Vierzon;;;2.080811;47.214283
18279_0170_00058;58;;Rue Armand Brunet;18100;18279;Vierzon;;;2.072739;47.221336
18279_0160_00028;28;;Rue Armand Bazile;18100;18279;Vierzon;;;2.073387;47.217106
18279_1536_00084;84;;Rue Georges Politzer;18100;18279;Vierzon;;;2.081207;47.202869
18279_0512_00027;27;;Route de Bonègue;18100;18279;Vierzon;;;2.072182;47.238992
18279_3165_00007_bis;7;bis;Chemin des Vallees;18100;18279;Vierzon;;;2.042099;47.224373
18279_2155_00059_d;59;d;Avenue du 8 Mai 1945;18100;18279;Vierzon;;;2.079439;47.23077
18279_2040_00033;33;;Avenue Mal Philippe Leclerc de Ha;18100;18279;Vierzon;;;2.054714;47.208764
18279_2870_00156;156;;Route de Puits Berteau;18100;18279;Vierzon;;;2.067063;47.238593
18279_0870_00008;8;;Rue Condorcet;18100;18279;Vierzon;;;2.072388;47.217876
18279_0568_00005;5;;Chemin du Briou;18100;18279;Vierzon;;;2.08479;47.224537
18279_2795_00049;49;;Rue des Ponts;18100;18279;Vierzon;;;2.066158;47.218564
18279_3131_00004;4;;Passage Tissier;18100;18279;Vierzon;;;2.046754;47.230097
18279_2080_00137;137;;Route de la Loeuf;18100;18279;Vierzon;;;2.031171;47.208621
18279_2816_00023;23;;Passage du Pré d'Anet;18100;18279;Vierzon;;;2.075893;47.219567
18279_1526_00018;18;;Square Georges Brassens;18100;18279;Vierzon;;;2.077294;47.201554
18279_2200_00018;18;;Rue Marcel Sembat;18100;18279;Vierzon;;;2.052326;47.229157
18279_1535_00044;44;;Rue Georges Fauconnier;18100;18279;Vierzon;;;2.070104;47.239239
18279_0650_00050;50;;Rue du Cavalier;18100;18279;Vierzon;;;2.067134;47.225428
18279_1750_00040;40;;Rue Henri Sellier;18100;18279;Vierzon;;;2.056098;47.21768
18279_1940_00006;6;;Rue Joliot Curie;18100;18279;Vierzon;;;2.073749;47.208818
18279_2770_00068;68;;Rue de la Plaisance;18100;18279;Vierzon;;;2.098028;47.221493
18279_1120_00005;5;;Rue Edouard Branly;18100;18279;Vierzon;;;2.104577;47.216709
18279_1428_00006;6;;Place Gallerand;18100;18279;Vierzon;;;2.068636;47.222826
18279_1980_00022_b;22;b;Rue Jules Guesde;18100;18279;Vierzon;;;2.048099;47.22744
18279_1070_00015;15;;Rue des Donneaux;18100;18279;Vierzon;;;2.045157;47.226938
18279_0110_00036;36;;Rue André Hènault;18100;18279;Vierzon;;;2.060322;47.215362
18279_2770_00052;52;;Rue de la Plaisance;18100;18279;Vierzon;;;2.095612;47.221198
18279_3048_00036;36;;Route de Saint Laurent;18100;18279;Vierzon;;;2.119796;47.219013
18279_3133_00020;20;;Route de Tours;18100;18279;Vierzon;;;2.038958;47.233225
18279_3047_00076_a;76;a;Rue Saint Exupéry;18100;18279;Vierzon;;;2.067005;47.200587
18279_3091_00024;24;;Chemin des Tailles;18100;18279;Vierzon;;;2.059564;47.239459
18279_3048_00043;43;;Route de Saint Laurent;18100;18279;Vierzon;;;2.12054;47.220592
18279_2255_00003;3;;Place de la Mémoire;18100;18279;Vierzon;;;2.080355;47.200011
18279_2264_00017;17;;Res Mermoz Nord;18100;18279;Vierzon;;;2.063957;47.204929
18279_2485_00047;47;;Rue du 11 Novembre 1918;18100;18279;Vierzon;;;2.06176;47.222136
18279_2155_00043_a;43;a;Avenue du 8 Mai 1945;18100;18279;Vierzon;;;2.078674;47.229835
18279_2990_00014;14;;Rue Robespierre;18100;18279;Vierzon;;;2.096431;47.219315
18279_0030_00036;36;;Rue de l'Abricot;18100;18279;Vierzon;;;2.055589;47.220376
18279_1144_00002;2;;Rue Elsa Triolet;18100;18279;Vierzon;;;2.082987;47.230131
18279_1440_00028;28;;Rue Gambetta;18100;18279;Vierzon;;;2.098354;47.219414
18279_671bao_00005;5;;avenue maréchal philippe leclerc de hauteclocque;18100;18279;Vierzon;;;2.060233;47.209118
18279_0420_00042;42;;Rue de la Bidauderie;18100;18279;Vierzon;;;2.081786;47.236055
18279_2472_00039;39;;Route des Noues;18100;18279;Vierzon;;;2.042666;47.211467
18279_1980_00019_bis;19;bis;Rue Jules Guesde;18100;18279;Vierzon;;;2.048129;47.227858
18279_2648_00013;13;;Chemin de la Petite Noue;18100;18279;Vierzon;;;2.062773;47.20439
18279_2750_00005;5;;Rue des Pillots;18100;18279;Vierzon;;;2.055864;47.213852
18279_2100_00071_bis;71;bis;Rue des Longueraies;18100;18279;Vierzon;;;2.059373;47.235474
18279_1290_00143;143;;Rue Félix Pyat;18100;18279;Vierzon;;;2.091453;47.228831
18279_0350_00076;76;;Rue Beau Site;18100;18279;Vierzon;;;2.070248;47.207684
18279_1732_00004;4;;Square Henriette Dumuin;18100;18279;Vierzon;;;2.07842;47.202923
18279_1470_00020;20;;Rue Gaston Cornavin;18100;18279;Vierzon;;;2.087483;47.228425
18279_1538_00060;60;;Rue Georges Rousseau;18100;18279;Vierzon;;;2.057768;47.20992
18279_1210_00001;1;;Rue Etienne Desroches;18100;18279;Vierzon;;;2.0992;47.221492
18279_2410_00001;1;;Boulevard de la Nation;18100;18279;Vierzon;;;2.059881;47.216033
18279_2025_00052;52;;avenue maréchal jean de lattre de tassigny;18100;18279;Vierzon;;;2.068012;47.206923
18279_0380_00006;6;;Chemin de la Bercetterie;18100;18279;Vierzon;;;2.030756;47.23926
18279_1560_00036_b;36;b;Rue Gourdon;18100;18279;Vierzon;;;2.064394;47.224598
18279_2190_00008;8;;Rue Marcel Perrin;18100;18279;Vierzon;;;2.071235;47.22451
18279_3110_00015;15;;Rue des Terres Mortes;18100;18279;Vierzon;;;2.056761;47.207419
18279_0270_00015;15;;Rue Babeuf;18100;18279;Vierzon;;;2.045351;47.233611
18279_1790_00013;13;;Rue de l'Hospice;18100;18279;Vierzon;;;2.05162;47.226344
18279_1840_00124;124;;Rue Jean-baptiste Clément;18100;18279;Vierzon;;;2.078189;47.234012
18279_2720_00025;25;;Rue Pierre Dupont;18100;18279;Vierzon;;;2.045668;47.235739
18279_1128_00097_bis;97;bis;Avenue Edouard Vaillant;18100;18279;Vierzon;;;2.06102;47.237432
18279_0600_00001;1;;Petite Rue du Camp;18100;18279;Vierzon;;;2.068129;47.206538
18279_1375_00013;13;;Rue France Bloch-sérazin;18100;18279;Vierzon;;;2.078243;47.206586
18279_0082_00014;14;;Petite Rue Anatole France;18100;18279;Vierzon;;;2.049751;47.220456
18279_0095_00021;21;;Rue André Gide;18100;18279;Vierzon;;;2.095621;47.224416
18279_1810_00012;12;;Rue de l'Ile du Cher;18100;18279;Vierzon;;;2.064884;47.21693
18279_0195_00022;22;;Rue Arthur Rimbaud;18100;18279;Vierzon;;;2.08349;47.20214
18279_3047_00090;90;;Rue Saint Exupéry;18100;18279;Vierzon;;;2.066746;47.199716
18279_1860_00006;6;;Rue Jean de la Fontaine;18100;18279;Vierzon;;;2.059303;47.221509
18279_1515_00002;2;;Chemin des Genievres;18100;18279;Vierzon;;;2.104882;47.228999
18279_1470_00028;28;;Rue Gaston Cornavin;18100;18279;Vierzon;;;2.087368;47.229016
18279_3170_00022;22;;Rue de Valmy;18100;18279;Vierzon;;;2.069864;47.218931
18279_0990_00039;39;;Rue Danielle Casanova;18100;18279;Vierzon;;;2.0742;47.212399
18279_1143_00015;15;;Rue Eirick Labonne;18100;18279;Vierzon;;;2.086856;47.199703
18279_1550_00007;7;;Petit Chemin de la Giraudiere;18100;18279;Vierzon;;;2.029879;47.236563
18279_1450_00027;27;;Rue Gambon;18100;18279;Vierzon;;;2.074475;47.226924
18279_1730_00009;9;;Avenue Henri Brisson;18100;18279;Vierzon;;;2.061861;47.225631
18279_1877_00058;58;;Avenue Jean Jaurès;18100;18279;Vierzon;;;2.044392;47.231248
18279_1290_00021;21;;Rue Félix Pyat;18100;18279;Vierzon;;;2.081352;47.229945
18279_2688_00066;66;;Rue Pierre Brossolette;18100;18279;Vierzon;;;2.073909;47.204388
18279_1840_00016;16;;Rue Jean-baptiste Clément;18100;18279;Vierzon;;;2.070475;47.228401
18279_1520_00013;13;;Rue George Sand;18100;18279;Vierzon;;;2.066896;47.225992
18279_1320_00053;53;;Route de Foëcy;18100;18279;Vierzon;;;2.107285;47.207019
18279_2155_00004;4;;Avenue du 8 Mai 1945;18100;18279;Vierzon;;;2.075708;47.227114
18279_1128_00035;35;;Avenue Edouard Vaillant;18100;18279;Vierzon;;;2.061245;47.231884
18279_3202_00043;43;;Avenue de Verdun;18100;18279;Vierzon;;;2.073695;47.225684
18279_2410_00007;7;;Boulevard de la Nation;18100;18279;Vierzon;;;2.059334;47.215658
18279_0370_00141;141;;Route de Bellon;18100;18279;Vierzon;;;2.08177;47.203086
18279_3047_00071;71;;Rue Saint Exupéry;18100;18279;Vierzon;;;2.067609;47.202199
18279_1560_00027;27;;Rue Gourdon;18100;18279;Vierzon;;;2.065314;47.224586
18279_1710_00015;15;;Rue Guy Môquet;18100;18279;Vierzon;;;2.075407;47.211867
18279_3210_00001;1;;Rue Victor Hugo;18100;18279;Vierzon;;;2.068034;47.223395
18279_0980_00014;14;;Rue du Crot à Foulon;18100;18279;Vierzon;;;2.064267;47.230081
18279_2190_00002;2;;Rue Marcel Perrin;18100;18279;Vierzon;;;2.07144;47.224227
18279_1990_00039_bis;39;bis;Rue Jules Louis Breton;18100;18279;Vierzon;;;2.079552;47.220541
18279_1535_00012;12;;Rue Georges Fauconnier;18100;18279;Vierzon;;;2.071093;47.238284
18279_2719_00004;4;;Chemin Pierre Dupont;18100;18279;Vierzon;;;2.043927;47.234953
18279_1190_00011;11;;Quai de l’Etang;18100;18279;Vierzon;;;2.103565;47.214899
18279_2688_00041;41;;Rue Pierre Brossolette;18100;18279;Vierzon;;;2.076442;47.204128
18279_3073_00039_a;39;a;Rue de la Société Française;18100;18279;Vierzon;;;2.057707;47.226168
18279_0350_00061;61;;Rue Beau Site;18100;18279;Vierzon;;;2.071356;47.209149
18279_0090_00005;5;;Rue Andre de Chenier;18100;18279;Vierzon;;;2.073991;47.219063
18279_3047_00062;62;;Rue Saint Exupéry;18100;18279;Vierzon;;;2.067308;47.201643
18279_1055_00025;25;;Avenue du 19 Mars 1962;18100;18279;Vierzon;;;2.09168;47.239833
18279_2700_00006;6;;Rue Pierre Curie;18100;18279;Vierzon;;;2.056917;47.217767
18279_2648_00009;9;;Chemin de la Petite Noue;18100;18279;Vierzon;;;2.062197;47.204526
18279_2070_00031_ter;31;ter;Boulevard de la Liberté;18100;18279;Vierzon;;;2.064873;47.227239
18279_1536_00036;36;;Rue Georges Politzer;18100;18279;Vierzon;;;2.078194;47.203466
18279_1980_00027;27;;Rue Jules Guesde;18100;18279;Vierzon;;;2.04651;47.227884
18279_1160_00042;42;;Rue Emile Zola;18100;18279;Vierzon;;;2.041879;47.224959
18279_3180_00006;6;;Rue Van Craeynest;18100;18279;Vierzon;;;2.064566;47.209681
18279_1128_00134;134;;Avenue Edouard Vaillant;18100;18279;Vierzon;;;2.060631;47.239909
18279_1070_00012;12;;Rue des Donneaux;18100;18279;Vierzon;;;2.04482;47.226648
18279_2710_00022;22;;Rue Pierre Debournou;18100;18279;Vierzon;;;2.062348;47.223508
18279_1440_00013;13;;Rue Gambetta;18100;18279;Vierzon;;;2.097526;47.220425
18279_0950_00001;1;;Chemin des Crêles;18100;18279;Vierzon;;;2.082015;47.198564
18279_1732_00016;16;;Square Henriette Dumuin;18100;18279;Vierzon;;;2.078302;47.203099
18279_0600_00021;21;;Petite Rue du Camp;18100;18279;Vierzon;;;2.066299;47.206791
18279_2100_00084_bis;84;bis;Rue des Longueraies;18100;18279;Vierzon;;;2.060211;47.23545
18279_0600_00013;13;;Petite Rue du Camp;18100;18279;Vierzon;;;2.066954;47.206691
18279_0600_00031;31;;Petite Rue du Camp;18100;18279;Vierzon;;;2.065367;47.206913
18279_2770_00039;39;;Rue de la Plaisance;18100;18279;Vierzon;;;2.09311;47.221541
18279_2330_00007_bis;7;bis;Rue Mirabeau;18100;18279;Vierzon;;;2.055908;47.212021
18279_0080_00016;16;;Rue Anatole France;18100;18279;Vierzon;;;2.059174;47.221096
18279_0743_00006;6;;Rue Charlotte Delbo;18100;18279;Vierzon;;;2.086559;47.222915
18279_1940_00048;48;;Rue Joliot Curie;18100;18279;Vierzon;;;2.074399;47.210507
18279_1536_00044;44;;Rue Georges Politzer;18100;18279;Vierzon;;;2.078142;47.203912
18279_2501_00045;45;;Rue Pablo Casals;18100;18279;Vierzon;;;2.081562;47.200803
18279_1300_00047;47;;Rue Fernand Léger;18100;18279;Vierzon;;;2.085944;47.228651
18279_1500_00009;9;;Rue Gay Lussac;18100;18279;Vierzon;;;2.076415;47.223661
18279_2220_00049;49;;Rue du Maréchal Joffre;18100;18279;Vierzon;;;2.070243;47.222946
18279_3165_00004;4;;Chemin des Vallees;18100;18279;Vierzon;;;2.04221;47.224704
18279_2100_00045;45;;Rue des Longueraies;18100;18279;Vierzon;;;2.058412;47.233908
18279_0420_00042_a;42;a;Rue de la Bidauderie;18100;18279;Vierzon;;;2.081871;47.236123
18279_3202_00008;8;;Avenue de Verdun;18100;18279;Vierzon;;;2.071993;47.224214
18279_0890_00055;55;;Rue de la Convention;18100;18279;Vierzon;;;2.105024;47.220299
18279_2770_00064_b;64;b;Rue de la Plaisance;18100;18279;Vierzon;;;2.097563;47.221512
18279_3165_00014;14;;Chemin des Vallees;18100;18279;Vierzon;;;2.04048;47.222678
18279_1120_00017_bis;17;bis;Rue Edouard Branly;18100;18279;Vierzon;;;2.103672;47.217685
18279_2510_00071;71;;Rue de la Paix;18100;18279;Vierzon;;;2.054275;47.217327
18279_0542_00038_bis;38;bis;Rue du Bourdoiseau;18100;18279;Vierzon;;;2.063038;47.233143
18279_2714_00010;10;;Allée Pierre de Coubertin;18100;18279;Vierzon;;;2.077;47.209969
18279_0417_00032;32;;Rue Berty Albrecht;18100;18279;Vierzon;;;2.055412;47.210176
18279_2040_00064;64;;Avenue Mal Philippe Leclerc de Ha;18100;18279;Vierzon;;;2.051749;47.208504
18279_2910_00078;78;;Avenue du 14 Juillet;18100;18279;Vierzon;;;2.063101;47.210848
18279_1250_00103;103;;Rue Eugène Pottier;18100;18279;Vierzon;;;2.09775;47.226648
18279_2050_00010;10;;Rue Ledru Rollin;18100;18279;Vierzon;;;2.079236;47.215976
18279_1280_00043_c;43;c;Rue de Fay;18100;18279;Vierzon;;;2.049987;47.23792
18279_1990_00013_bis;13;bis;Rue Jules Louis Breton;18100;18279;Vierzon;;;2.075472;47.221002
18279_0400_00005;5;;Rue des Berlurettes;18100;18279;Vierzon;;;2.061874;47.2357
18279_0794_00011;11;;Chemin des Chavannes;18100;18279;Vierzon;;;2.04865;47.213898
18279_1700_00029;29;;Rue Gustave Flourens;18100;18279;Vierzon;;;2.054966;47.231189
18279_1450_00004_bis;4;bis;Rue Gambon;18100;18279;Vierzon;;;2.070979;47.227199
18279_3047_00064;64;;Rue Saint Exupéry;18100;18279;Vierzon;;;2.067268;47.201512
18279_1175_00002;2;;Chemin des Erables;18100;18279;Vierzon;;;2.030916;47.212153
18279_2845_00020;20;;Passage Proudhon;18100;18279;Vierzon;;;2.049046;47.232987
18279_2608_00038;38;;Chemin des Peages;18100;18279;Vierzon;;;2.026931;47.226292
18279_1128_00084;84;;Avenue Edouard Vaillant;18100;18279;Vierzon;;;2.060794;47.235914
18279_0980_00031;31;;Rue du Crot à Foulon;18100;18279;Vierzon;;;2.062552;47.231156
18279_1825_00040;40;;Rue Jacques Brel;18100;18279;Vierzon;;;2.081675;47.199003
18279_2928_00004;4;;Impasse Raspail;18100;18279;Vierzon;;;2.075511;47.223729
18279_1405_00009;9;;Rue Gagarine;18100;18279;Vierzon;;;2.07935;47.224626
18279_2340_00015_bis;15;bis;Rue Molière;18100;18279;Vierzon;;;2.065094;47.218961
18279_0082_00036;36;;Petite Rue Anatole France;18100;18279;Vierzon;;;2.048814;47.221633
18279_1290_00089;89;;Rue Félix Pyat;18100;18279;Vierzon;;;2.086567;47.227439
18279_1480_00011;11;;Rue de la Gaucherie;18100;18279;Vierzon;;;2.063896;47.223272
18279_2390_00082;82;;Rue du Mouton;18100;18279;Vierzon;;;2.090633;47.229259
18279_0743_00014;14;;Rue Charlotte Delbo;18100;18279;Vierzon;;;2.087578;47.22263
18279_0740_00002;2;;Rue Charles Hurvoy;18100;18279;Vierzon;;;2.070377;47.227104
18279_3133_00025;25;;Route de Tours;18100;18279;Vierzon;;;2.038087;47.233595
18279_2950_00038_a;38;a;Avenue de la République;18100;18279;Vierzon;;;2.065031;47.223459
18279_1720_00035;35;;Rue Henri Barbusse;18100;18279;Vierzon;;;2.064666;47.231989
18279_2770_00031;31;;Rue de la Plaisance;18100;18279;Vierzon;;;2.09334;47.220826
18279_0320_00001_bis;1;bis;Quai du Bassin;18100;18279;Vierzon;;;2.068278;47.220303
18279_2620_00055;55;;Rue des Pentecotes;18100;18279;Vierzon;;;2.058452;47.228893
18279_0440_00012;12;;Rue Blaise Pascal;18100;18279;Vierzon;;;2.075393;47.216564
18279_1470_00001;1;;Rue Gaston Cornavin;18100;18279;Vierzon;;;2.087478;47.227515
18279_2302_00003;3;;Rue Michel Lucas;18100;18279;Vierzon;;;2.084316;47.23079
18279_1160_00024;24;;Rue Emile Zola;18100;18279;Vierzon;;;2.04454;47.22485
18279_2080_00051;51;;Route de la Loeuf;18100;18279;Vierzon;;;2.035839;47.216476
18279_0160_00085_bis;85;bis;Rue Armand Bazile;18100;18279;Vierzon;;;2.078867;47.215517
18279_2410_00029;29;;Boulevard de la Nation;18100;18279;Vierzon;;;2.058088;47.214745
18279_2105_00005;5;;Petite Rue des Longueraies;18100;18279;Vierzon;;;2.058646;47.237026
18279_2850_00010_b;10;b;Rue Proudhon;18100;18279;Vierzon;;;2.048603;47.231522
18279_3202_00061_bis;61;bis;Avenue de Verdun;18100;18279;Vierzon;;;2.074593;47.22647
18279_1128_00144;144;;Avenue Edouard Vaillant;18100;18279;Vierzon;;;2.058767;47.241397
18279_0220_00015_a;15;a;Rue Auber;18100;18279;Vierzon;;;2.082668;47.215708
18279_1128_00135;135;;Avenue Edouard Vaillant;18100;18279;Vierzon;;;2.060904;47.240522
18279_2625_00005;5;;Chemin du Perdrier;18100;18279;Vierzon;;;2.097148;47.222523
18279_2845_00005;5;;Passage Proudhon;18100;18279;Vierzon;;;2.048936;47.232583
18279_0500_00023;23;;Rue Boitard;18100;18279;Vierzon;;;2.070926;47.214744
18279_2688_00019;19;;Rue Pierre Brossolette;18100;18279;Vierzon;;;2.077279;47.204447
18279_0160_00007;7;;Rue Armand Bazile;18100;18279;Vierzon;;;2.070642;47.217805
18279_0125_00006;6;;Rue Anne Franck;18100;18279;Vierzon;;;2.08035;47.232165
18279_1825_00007;7;;Rue Jacques Brel;18100;18279;Vierzon;;;2.078678;47.200881
18279_2688_00042;42;;Rue Pierre Brossolette;18100;18279;Vierzon;;;2.075689;47.204626
18279_1170_00009;9;;Rue des Epinettes;18100;18279;Vierzon;;;2.068302;47.224592
18279_0280_00012;12;;Impasse Barbes;18100;18279;Vierzon;;;2.053579;47.233879
18279_0310_00073;73;;Rue du Bas de Grange;18100;18279;Vierzon;;;2.051383;47.224949
18279_0045_00003;3;;Route d'Ainset;18100;18279;Vierzon;;;2.076557;47.237181
18279_2265_00010;10;;Residence Mermoz Sud;18100;18279;Vierzon;;;2.062462;47.203164
18279_3118_00013;13;;Chemin du Terrichon;18100;18279;Vierzon;;;2.033209;47.217827
18279_1150_00028;28;;Rue Emile Bouleau;18100;18279;Vierzon;;;2.06833;47.218717
18279_2485_00038_a;38;a;Rue du 11 Novembre 1918;18100;18279;Vierzon;;;2.062549;47.222077
18279_1065_00014;14;;Cour des Donneaux;18100;18279;Vierzon;;;2.043933;47.227614
18279_0817_00002;2;;Chemin du Chevry;18100;18279;Vierzon;;;2.115808;47.215311
18279_1290_00130;130;;Rue Félix Pyat;18100;18279;Vierzon;;;2.091639;47.228581
18279_0195_00046;46;;Rue Arthur Rimbaud;18100;18279;Vierzon;;;2.084238;47.202786
18279_0110_00029;29;;Rue André Hènault;18100;18279;Vierzon;;;2.062097;47.215545
18279_2190_00028;28;;Rue Marcel Perrin;18100;18279;Vierzon;;;2.070957;47.225208
18279_0100_00017;17;;Rue André Guillemain;18100;18279;Vierzon;;;2.081781;47.215919
18279_1530_00012;12;;Rue Georges Clémenceau;18100;18279;Vierzon;;;2.057825;47.215647
18279_1290_00158;158;;Rue Félix Pyat;18100;18279;Vierzon;;;2.094654;47.22811
18279_0225_00007;7;;Allée Auguste Rodin;18100;18279;Vierzon;;;2.080951;47.23236
18279_0120_00135;135;;Rue André Ribaud;18100;18279;Vierzon;;;2.075136;47.236207
18279_1250_00034;34;;Rue Eugène Pottier;18100;18279;Vierzon;;;2.09958;47.219145
18279_1560_00037;37;;Rue Gourdon;18100;18279;Vierzon;;;2.064817;47.224638
18279_0060_00005;5;;Rue Alphonse Daudet;18100;18279;Vierzon;;;2.078684;47.217023
18279_2155_00073_bis;73;bis;Avenue du 8 Mai 1945;18100;18279;Vierzon;;;2.083973;47.233798
18279_0817_00051;51;;Chemin du Chevry;18100;18279;Vierzon;;;2.121868;47.214745
18279_0380_00004;4;;Chemin de la Bercetterie;18100;18279;Vierzon;;;2.029916;47.239239
18279_1950_00016;16;;Avenue du Jonc;18100;18279;Vierzon;;;2.065077;47.210276
18279_2270_00018;18;;Rue Meunier;18100;18279;Vierzon;;;2.045109;47.229214
18279_0623_00021;21;;Rue Camelinat;18100;18279;Vierzon;;;2.071658;47.235893
18279_2583_00022;22;;Rue Paul Eluard;18100;18279;Vierzon;;;2.084714;47.200666
18279_2770_00040;40;;Rue de la Plaisance;18100;18279;Vierzon;;;2.093861;47.221016
18279_3060_00013_b;13;b;Rue du Sergent Bobillot;18100;18279;Vierzon;;;2.04798;47.22923
18279_0740_00081;81;;Rue Charles Hurvoy;18100;18279;Vierzon;;;2.061857;47.229412
18279_3060_00011;11;;Rue du Sergent Bobillot;18100;18279;Vierzon;;;2.048009;47.229319
18279_0290_00081;81;;Rue Barbès;18100;18279;Vierzon;;;2.057039;47.23642
18279_1915_00034;34;;Rue Jean Vilar;18100;18279;Vierzon;;;2.08361;47.199942
18279_2070_00034;34;;Boulevard de la Liberté;18100;18279;Vierzon;;;2.064723;47.227086
18279_1720_00050;50;;Rue Henri Barbusse;18100;18279;Vierzon;;;2.064906;47.232255
18279_1510_00035;35;;Grande Rue de la Genette;18100;18279;Vierzon;;;2.056019;47.216307
18279_0190_00104;104;;Rue de l'Armistice;18100;18279;Vierzon;;;2.055446;47.216989
18279_2720_00027;27;;Rue Pierre Dupont;18100;18279;Vierzon;;;2.045371;47.235883
18279_1155_00036;36;;Rue Emile Desforges;18100;18279;Vierzon;;;2.084334;47.228416
18279_1950_00021_b;21;b;Avenue du Jonc;18100;18279;Vierzon;;;2.065537;47.210272
18279_1185_00005;5;;Rue des Etablissements Merlin;18100;18279;Vierzon;;;2.084464;47.232828
18279_1470_00077;77;;Rue Gaston Cornavin;18100;18279;Vierzon;;;2.086946;47.229608
18279_0890_00023;23;;Rue de la Convention;18100;18279;Vierzon;;;2.101318;47.218879
18279_3091_00022;22;;Chemin des Tailles;18100;18279;Vierzon;;;2.058993;47.239527
18279_3047_00107;107;;Rue Saint Exupéry;18100;18279;Vierzon;;;2.067431;47.200172
18279_2770_00079;79;;Rue de la Plaisance;18100;18279;Vierzon;;;2.097254;47.22159
18279_2950_00021_bis;21;bis;Avenue de la République;18100;18279;Vierzon;;;2.065731;47.223042
18279_1210_00005;5;;Rue Etienne Desroches;18100;18279;Vierzon;;;2.099927;47.221725
18279_2795_00014;14;;Rue des Ponts;18100;18279;Vierzon;;;2.067341;47.219913
18279_1877_00063;63;;Avenue Jean Jaurès;18100;18279;Vierzon;;;2.04335;47.231366
18279_2950_00007_bis;7;bis;Avenue de la République;18100;18279;Vierzon;;;2.067054;47.222259
18279_1456_00015;15;;Chemin du Gardois;18100;18279;Vierzon;;;2.035427;47.20912
18279_3280_00113;113;;Rue de Villeneuve;18100;18279;Vierzon;;;2.069184;47.206819
18279_1229_00001;1;;Impasse Etienne Marcel;18100;18279;Vierzon;;;2.10116;47.217363
18279_2502_00005;5;;Rue Pablo Neruda;18100;18279;Vierzon;;;2.08284;47.22605
18279_0270_00058;58;;Rue Babeuf;18100;18279;Vierzon;;;2.040986;47.23288
18279_2930_00003;3;;Rue Raspail;18100;18279;Vierzon;;;2.072521;47.224247
18279_2930_01555;1555;;Rue Raspail;18100;18279;Vierzon;;;2.077416;47.22305
18279_2330_00076;76;;Rue Mirabeau;18100;18279;Vierzon;;;2.053118;47.210398
18279_1950_00004;4;;Avenue du Jonc;18100;18279;Vierzon;;;2.063648;47.21051
18279_0445_00057;57;;Chemin Blanc;18100;18279;Vierzon;;;2.06082;47.204337
18279_1980_00055;55;;Rue Jules Guesde;18100;18279;Vierzon;;;2.044277;47.229596
18279_3047_00016;16;;Rue Saint Exupéry;18100;18279;Vierzon;;;2.068339;47.205276
18279_0545_00009;9;;Route de Bourges;18100;18279;Vierzon;;;2.109272;47.215465
18279_0030_00010;10;;Rue de l'Abricot;18100;18279;Vierzon;;;2.057448;47.220496
18279_2950_00017;17;;Avenue de la République;18100;18279;Vierzon;;;2.066252;47.222786
18279_0972_00040;40;;Rue de la Croix Moreau;18100;18279;Vierzon;;;2.040387;47.226105
18279_1870_00069;69;;Rue Jean Jacques Rousseau;18100;18279;Vierzon;;;2.075139;47.218131
18279_3170_00022_c;22;c;Rue de Valmy;18100;18279;Vierzon;;;2.069805;47.218926
18279_2560_00039;39;;Rue Pasteur;18100;18279;Vierzon;;;2.088617;47.219437
18279_0080_00046;46;;Rue Anatole France;18100;18279;Vierzon;;;2.056461;47.221682
18279_1470_00032;32;;Rue Gaston Cornavin;18100;18279;Vierzon;;;2.087358;47.229261
18279_1250_00038;38;;Rue Eugène Pottier;18100;18279;Vierzon;;;2.099748;47.219473
18279_0280_00002;2;;Impasse Barbes;18100;18279;Vierzon;;;2.052857;47.234239
18279_59t98n_00008;8;;Rue Xavier de Maistre;18100;18279;Vierzon;;;2.054899;47.214053
18279_1990_00057;57;;Rue Jules Louis Breton;18100;18279;Vierzon;;;2.081963;47.220182
18279_0440_00004_b;4;b;Rue Blaise Pascal;18100;18279;Vierzon;;;2.075887;47.217623
18279_1825_00021;21;;Rue Jacques Brel;18100;18279;Vierzon;;;2.080672;47.199708
18279_0972_00024;24;;Rue de la Croix Moreau;18100;18279;Vierzon;;;2.04281;47.226172
18279_2560_00053;53;;Rue Pasteur;18100;18279;Vierzon;;;2.08974;47.219022
18279_2080_00003;3;;Route de la Loeuf;18100;18279;Vierzon;;;2.049245;47.214162
18279_2080_00023;23;;Route de la Loeuf;18100;18279;Vierzon;;;2.042536;47.214972
18279_2300_00011;11;;Rue Michelet;18100;18279;Vierzon;;;2.07325;47.217514
18279_1375_00046;46;;Rue France Bloch-sérazin;18100;18279;Vierzon;;;2.077087;47.205735
18279_2070_00022;22;;Boulevard de la Liberté;18100;18279;Vierzon;;;2.065632;47.226899
18279_1980_00067;67;;Rue Jules Guesde;18100;18279;Vierzon;;;2.042132;47.229431
18279_1877_00039_g;39;g;Avenue Jean Jaurès;18100;18279;Vierzon;;;2.045084;47.231007
18279_0350_00081;81;;Rue Beau Site;18100;18279;Vierzon;;;2.070719;47.207764
18279_0095_00002;2;;Rue André Gide;18100;18279;Vierzon;;;2.094763;47.223558
18279_0435_00039;39;;Rue de Bitterfeld;18100;18279;Vierzon;;;2.085663;47.202233
18279_2605_00015;15;;Ruelle du Pavillon;18100;18279;Vierzon;;;2.0704;47.224704
18279_1250_00073;73;;Rue Eugène Pottier;18100;18279;Vierzon;;;2.0983;47.224416
18279_2060_00002;2;;Rue Léon Bourgeois;18100;18279;Vierzon;;;2.058821;47.213331
18279_2750_00042;42;;Rue des Pillots;18100;18279;Vierzon;;;2.051811;47.213903
18279_1732_00064;64;;Square Henriette Dumuin;18100;18279;Vierzon;;;2.079728;47.202005
18279_3110_00030;30;;Rue des Terres Mortes;18100;18279;Vierzon;;;2.056342;47.206692
18279_1265_00013_a;13;a;Impasse de Fay;18100;18279;Vierzon;;;2.052325;47.235765
18279_3180_00007;7;;Rue Van Craeynest;18100;18279;Vierzon;;;2.064902;47.209751
18279_2180_00009;9;;Rue Marcel Cachin;18100;18279;Vierzon;;;2.089495;47.229113
18279_2750_00038;38;;Rue des Pillots;18100;18279;Vierzon;;;2.052563;47.213776
18279_0445_00013_b;13;b;Chemin Blanc;18100;18279;Vierzon;;;2.054051;47.207022
18279_1160_00009;9;;Rue Emile Zola;18100;18279;Vierzon;;;2.036744;47.225862
18279_1144_00020;20;;Rue Elsa Triolet;18100;18279;Vierzon;;;2.084087;47.229497
18279_0120_00129;129;;Rue André Ribaud;18100;18279;Vierzon;;;2.074889;47.235996
18279_3226_00012;12;;Route du Vieux Domaine;18100;18279;Vierzon;;;2.083066;47.214341
18279_0743_00005;5;;Rue Charlotte Delbo;18100;18279;Vierzon;;;2.087565;47.222936
18279_0370_00020;20;;Route de Bellon;18100;18279;Vierzon;;;2.071711;47.213894
18279_1640_00010;10;;Rue du Grelet;18100;18279;Vierzon;;;2.049851;47.231136
18279_1210_00033;33;;Rue Etienne Desroches;18100;18279;Vierzon;;;2.102892;47.220301
18279_2330_00086;86;;Rue Mirabeau;18100;18279;Vierzon;;;2.052455;47.210022
18279_1700_00038;38;;Rue Gustave Flourens;18100;18279;Vierzon;;;2.054707;47.231378
18279_2560_00065;65;;Rue Pasteur;18100;18279;Vierzon;;;2.090562;47.218774
18279_1391_00015;15;;Rue de la Fringale;18100;18279;Vierzon;;;2.039964;47.233468
18279_1990_00061;61;;Rue Jules Louis Breton;18100;18279;Vierzon;;;2.082175;47.220162
18279_3165_00003;3;;Chemin des Vallees;18100;18279;Vierzon;;;2.042368;47.224786
18279_2030_00018;18;;Rue Lavoisier;18100;18279;Vierzon;;;2.067718;47.227303
18279_1980_00018;18;;Rue Jules Guesde;18100;18279;Vierzon;;;2.04849;47.227495
18279_0497_00005_a;5;a;Chemin de Bois Marteau;18100;18279;Vierzon;;;2.056497;47.238317
18279_0542_00001;1;;Rue du Bourdoiseau;18100;18279;Vierzon;;;2.063992;47.230766
18279_2100_00010;10;;Rue des Longueraies;18100;18279;Vierzon;;;2.057493;47.231317
18279_0350_00040;40;;Rue Beau Site;18100;18279;Vierzon;;;2.071931;47.210646
18279_1770_00007;7;;Rue Honoré de Balzac;18100;18279;Vierzon;;;2.065572;47.213005
18279_1128_00088;88;;Avenue Edouard Vaillant;18100;18279;Vierzon;;;2.060784;47.236147
18279_0070_00008;8;;Rue Alphonse Pradat;18100;18279;Vierzon;;;2.047862;47.223827
18279_2180_00011;11;;Rue Marcel Cachin;18100;18279;Vierzon;;;2.089415;47.228952
18279_1990_00063_a;63;a;Rue Jules Louis Breton;18100;18279;Vierzon;;;2.082486;47.219986
18279_2370_00001;1;;Rue de la Montagne;18100;18279;Vierzon;;;2.073315;47.22158
18279_1240_00080_ter;80;ter;Rue Etienne Nivet;18100;18279;Vierzon;;;2.087901;47.220631
18279_0120_00046;46;;Rue André Ribaud;18100;18279;Vierzon;;;2.06824;47.231411
18279_2070_00010;10;;Boulevard de la Liberté;18100;18279;Vierzon;;;2.067524;47.226462
18279_0587_00006;6;;Allée Camille Claudel;18100;18279;Vierzon;;;2.081351;47.232653
18279_3110_00011;11;;Rue des Terres Mortes;18100;18279;Vierzon;;;2.056889;47.207652
18279_2910_00048;48;;Avenue du 14 Juillet;18100;18279;Vierzon;;;2.064006;47.213057
18279_3280_00065;65;;Rue de Villeneuve;18100;18279;Vierzon;;;2.070742;47.209759
18279_2100_00027;27;;Rue des Longueraies;18100;18279;Vierzon;;;2.058231;47.232594
18279_0951_00018;18;;Chemin des Grandes Crêles;18100;18279;Vierzon;;;2.070374;47.204228
18279_0273_00010;10;;Rue Baptiste Marcet;18100;18279;Vierzon;;;2.058768;47.238638
18279_0045_00007_c;7;c;Route d'Ainset;18100;18279;Vierzon;;;2.075119;47.238277
18279_1180_00012;12;;Rue Ernest Renan;18100;18279;Vierzon;;;2.074559;47.217381
18279_1720_00023_a;23;a;Rue Henri Barbusse;18100;18279;Vierzon;;;2.06439;47.231105
18279_0599_00015;15;;Chemin du Camp;18100;18279;Vierzon;;;2.063157;47.205582
18279_1366_00015;15;;Cours de Fougery;18100;18279;Vierzon;;;2.072503;47.234235
18279_0350_00103;103;;Rue Beau Site;18100;18279;Vierzon;;;2.069935;47.206415
18279_1470_00009;9;;Rue Gaston Cornavin;18100;18279;Vierzon;;;2.08738;47.227922
18279_2265_00022;22;;Residence Mermoz Sud;18100;18279;Vierzon;;;2.063465;47.202671
18279_2155_00002;2;;Avenue du 8 Mai 1945;18100;18279;Vierzon;;;2.075551;47.226988
18279_2620_00009;9;;Rue des Pentecotes;18100;18279;Vierzon;;;2.060557;47.227579
18279_0942_00012;12;;Impasse de la Craillo;18100;18279;Vierzon;;;2.067939;47.236023
18279_1510_00028;28;;Grande Rue de la Genette;18100;18279;Vierzon;;;2.05708;47.216353
18279_1140_00010;10;;Place de l'Eglise des Forges;18100;18279;Vierzon;;;2.101781;47.21339
18279_2500_00034;34;;Rue des Ormes;18100;18279;Vierzon;;;2.078497;47.232586
18279_2058_00050;50;;Rue Léo Mérigot;18100;18279;Vierzon;;;2.051846;47.228174
18279_1060_00025;25;;Rue du Docteur Lobligeois;18100;18279;Vierzon;;;2.056331;47.217201
18279_671bao_00031;31;;avenue maréchal philippe leclerc de hauteclocque;18100;18279;Vierzon;;;2.054962;47.20866
18279_2188_00027;27;;Rue Marcel Pagnol;18100;18279;Vierzon;;;2.075864;47.209518
18279_2640_00028;28;;Route du Petit Râteau;18100;18279;Vierzon;;;2.097173;47.230663
18279_3226_00056;56;;Route du Vieux Domaine;18100;18279;Vierzon;;;2.097673;47.209767
18279_2390_00024;24;;Rue du Mouton;18100;18279;Vierzon;;;2.083723;47.230114
18279_2720_00023;23;;Rue Pierre Dupont;18100;18279;Vierzon;;;2.046107;47.235526
18279_1860_00004;4;;Rue Jean de la Fontaine;18100;18279;Vierzon;;;2.059269;47.221471
18279_0545_00014;14;;Route de Bourges;18100;18279;Vierzon;;;2.110984;47.214613
18279_3251_00009;9;;Rue du Village Aubry;18100;18279;Vierzon;;;2.099462;47.217948
18279_0220_00017_bis;17;bis;Rue Auber;18100;18279;Vierzon;;;2.083917;47.215191
18279_0020_00019_bis;19;bis;Chemin de l’Abricot;18100;18279;Vierzon;;;2.050533;47.218718
18279_1280_00025;25;;Rue de Fay;18100;18279;Vierzon;;;2.050719;47.235367
18279_2025_00036_bis;36;bis;avenue maréchal jean de lattre de tassigny;18100;18279;Vierzon;;;2.066265;47.207478
18279_0497_00013;13;;Chemin de Bois Marteau;18100;18279;Vierzon;;;2.055785;47.23948
18279_2947_00020;20;;Route René Dumont;18100;18279;Vierzon;;;2.088803;47.208258
18279_2188_00018;18;;Rue Marcel Pagnol;18100;18279;Vierzon;;;2.076252;47.210327
18279_1877_00088;88;;Avenue Jean Jaurès;18100;18279;Vierzon;;;2.041785;47.23185
18279_0420_00033_b;33;b;Rue de la Bidauderie;18100;18279;Vierzon;;;2.081;47.236599
18279_2265_00016;16;;Residence Mermoz Sud;18100;18279;Vierzon;;;2.062966;47.202818
18279_le1ny7_00009_bis;9;bis;Rue Jeanne Labourbe;18100;18279;Vierzon;;;2.05904;47.231745
18279_0025_00009;9;;Passage de l’Abricot;18100;18279;Vierzon;;;2.05452;47.21992
18279_2200_00024;24;;Rue Marcel Sembat;18100;18279;Vierzon;;;2.051928;47.228874
18279_0080_00095;95;;Rue Anatole France;18100;18279;Vierzon;;;2.051019;47.2224
18279_2430_00002_bis;2;bis;Rue Urbain Nègre;18100;18279;Vierzon;;;2.08126;47.226871
18279_0963_00038;38;;Route de la Croix;18100;18279;Vierzon;;;2.104872;47.229456
18279_1210_00006;6;;Rue Etienne Desroches;18100;18279;Vierzon;;;2.099929;47.221526
18279_2430_00003_a;3;a;Rue Urbain Nègre;18100;18279;Vierzon;;;2.080763;47.226764
18279_2980_00003;3;;Rue Riparia;18100;18279;Vierzon;;;2.060441;47.214905
18279_0370_00096_e;96;e;Route de Bellon;18100;18279;Vierzon;;;2.079037;47.208694
18279_0339_00001_bis;1;bis;Chemin de la Bazinière;18100;18279;Vierzon;;;2.085915;47.246715
18279_3131_00007;7;;Passage Tissier;18100;18279;Vierzon;;;2.046551;47.22965
18279_0128_00004;4;;Passage Parmentier;18100;18279;Vierzon;;;2.045926;47.228915
18279_2650_00001;1;;Rue de la Petite Noue;18100;18279;Vierzon;;;2.057976;47.20905
18279_1145_00005;5;;Rue Emile Accolas;18100;18279;Vierzon;;;2.062007;47.231784
18279_0110_00021;21;;Rue André Hènault;18100;18279;Vierzon;;;2.062703;47.215581
18279_0350_00064;64;;Rue Beau Site;18100;18279;Vierzon;;;2.070684;47.208367
18279_1535_00021_b;21;b;Rue Georges Fauconnier;18100;18279;Vierzon;;;2.069089;47.239184
18279_0082_00046_bis;46;bis;Petite Rue Anatole France;18100;18279;Vierzon;;;2.049079;47.222482
18279_2850_00048;48;;Rue Proudhon;18100;18279;Vierzon;;;2.047882;47.234397
18279_0817_00001;1;;Chemin du Chevry;18100;18279;Vierzon;;;2.116025;47.215465
18279_3061_00014;14;;Boulevard Salvador Allende;18100;18279;Vierzon;;;2.085456;47.226688
18279_2410_00047;47;;Boulevard de la Nation;18100;18279;Vierzon;;;2.057296;47.214397
18279_1980_00028;28;;Rue Jules Guesde;18100;18279;Vierzon;;;2.046572;47.227779
18279_2594_00018;18;;Rue Paul Valery;18100;18279;Vierzon;;;2.06682;47.208752
18279_0840_00027;27;;Rue Claude Michaud;18100;18279;Vierzon;;;2.067759;47.214143
18279_0088_00005_a;5;a;Impasse Andre de Chenier;18100;18279;Vierzon;;;2.07361;47.219036
18279_0714_00012;12;;Rue du Champ du Four;18100;18279;Vierzon;;;2.08166;47.233788
18279_2100_00039;39;;Rue des Longueraies;18100;18279;Vierzon;;;2.058539;47.233352
18279_0120_00144;144;;Rue André Ribaud;18100;18279;Vierzon;;;2.07507;47.236047
18279_2870_00014;14;;Route de Puits Berteau;18100;18279;Vierzon;;;2.079409;47.232985
18279_1912_00003;3;;Impasse Jean Rostand;18100;18279;Vierzon;;;2.073415;47.232047
18279_1032_00015;15;;Rue Diderot;18100;18279;Vierzon;;;2.070866;47.21742
18279_1841_00076_c;76;c;square jean-baptiste clément;18100;18279;Vierzon;;;2.074607;47.23224
18279_0500_00001;1;;Rue Boitard;18100;18279;Vierzon;;;2.068809;47.215083
18279_66j5mf_00022;22;;Chemin des Noues;18100;18279;Vierzon;;;2.048298;47.210043
18279_1693_00010;10;;Allee Guillaume Apollinaire;18100;18279;Vierzon;;;2.085548;47.22067
18279_2302_00001;1;;Rue Michel Lucas;18100;18279;Vierzon;;;2.084209;47.230705
18279_66j5mf_00013;13;;Chemin des Noues;18100;18279;Vierzon;;;2.047134;47.210245
18279_1000_00012_a;12;a;Rue Danton;18100;18279;Vierzon;;;2.048052;47.226971
18279_1929_00003;3;;Impasse de Jérusalem;18100;18279;Vierzon;;;2.066335;47.218127
18279_0599_00006;6;;Chemin du Camp;18100;18279;Vierzon;;;2.0632;47.206675
18279_2070_00013_a;13;a;Boulevard de la Liberté;18100;18279;Vierzon;;;2.068096;47.226521
18279_2070_00026;26;;Boulevard de la Liberté;18100;18279;Vierzon;;;2.065371;47.226948
18279_0400_00017;17;;Rue des Berlurettes;18100;18279;Vierzon;;;2.062869;47.236045
18279_3133_00018;18;;Route de Tours;18100;18279;Vierzon;;;2.039103;47.233141
18279_3060_00025_b;25;b;Rue du Sergent Bobillot;18100;18279;Vierzon;;;2.046707;47.227939
18279_1170_00018;18;;Rue des Epinettes;18100;18279;Vierzon;;;2.069053;47.225425
18279_1143_00013;13;;Rue Eirick Labonne;18100;18279;Vierzon;;;2.086936;47.19956
18279_2188_00042;42;;Rue Marcel Pagnol;18100;18279;Vierzon;;;2.07569;47.209409
18279_2816_00019;19;;Passage du Pré d'Anet;18100;18279;Vierzon;;;2.075506;47.219638
18279_1150_00025;25;;Rue Emile Bouleau;18100;18279;Vierzon;;;2.068205;47.21859
18279_1155_00057;57;;Rue Emile Desforges;18100;18279;Vierzon;;;2.085758;47.229413
18279_2930_00019;19;;Rue Raspail;18100;18279;Vierzon;;;2.073674;47.223836
18279_2830_00064;64;;Rue du President Wilson;18100;18279;Vierzon;;;2.0537;47.216806
18279_0568_00048_bis;48;bis;Chemin du Briou;18100;18279;Vierzon;;;2.08707;47.226236
18279_1020_00009;9;;Rue Descartes;18100;18279;Vierzon;;;2.080478;47.216618
18279_3048_00028;28;;Route de Saint Laurent;18100;18279;Vierzon;;;2.118937;47.21891
18279_2648_00014;14;;Chemin de la Petite Noue;18100;18279;Vierzon;;;2.062286;47.204429
18279_0951_00004;4;;Chemin des Grandes Crêles;18100;18279;Vierzon;;;2.070453;47.205322
18279_1320_00058;58;;Route de Foëcy;18100;18279;Vierzon;;;2.105253;47.207779
18279_1285_00011;11;;Rue Federico Garcia Lorca;18100;18279;Vierzon;;;2.086465;47.199242
18279_1320_00019;19;;Route de Foëcy;18100;18279;Vierzon;;;2.102905;47.209865
18279_0uduo0_00005;5;;Chemin du Jouffroy;18100;18279;Vierzon;;;2.104836;47.221908
18279_0866_00066;66;;Avenue du Colonel Manhes;18100;18279;Vierzon;;;2.084327;47.223986
18279_0978_00004_m;4;m;Passage du Crot à Foulon;18100;18279;Vierzon;;;2.063364;47.229741
18279_3110_00017;17;;Rue des Terres Mortes;18100;18279;Vierzon;;;2.056682;47.207269
18279_1320_00015;15;;Route de Foëcy;18100;18279;Vierzon;;;2.103943;47.20981
18279_0498_00008;8;;Petit Chemin Petit Chem de Bois Marteau;18100;18279;Vierzon;;;2.053697;47.237623
18279_2520_00010;10;;Rue du Panorama;18100;18279;Vierzon;;;2.069985;47.212176
18279_1870_00076;76;;Rue Jean Jacques Rousseau;18100;18279;Vierzon;;;2.083984;47.216708
18279_2390_00036;36;;Rue du Mouton;18100;18279;Vierzon;;;2.084683;47.229949
18279_1730_00032_b;32;b;Avenue Henri Brisson;18100;18279;Vierzon;;;2.060821;47.229416
18279_0390_00024;24;;Passage des Bergeries Ouest;18100;18279;Vierzon;;;2.049721;47.22439
18279_2080_00106;106;;Route de la Loeuf;18100;18279;Vierzon;;;2.029624;47.212887
18279_a070_00055;55;;Residence des Bruyeres;18100;18279;Vierzon;;;2.06582;47.204598
18279_1730_00026;26;;Avenue Henri Brisson;18100;18279;Vierzon;;;2.061079;47.2284
18279_1840_00020_bis;20;bis;Rue Jean-baptiste Clément;18100;18279;Vierzon;;;2.070407;47.22832
18279_2735_00012;12;;Rue Pierre Ferdonnet;18100;18279;Vierzon;;;2.090141;47.226169
18279_1990_00049;49;;Rue Jules Louis Breton;18100;18279;Vierzon;;;2.080781;47.220295
18279_2608_00002;2;;Chemin des Peages;18100;18279;Vierzon;;;2.03433;47.225963
18279_0075_00003;3;;Rue Ambroise Croizat;18100;18279;Vierzon;;;2.070226;47.235139
18279_0290_00081_a;81;a;Rue Barbès;18100;18279;Vierzon;;;2.057039;47.23642
18279_1940_00002;2;;Rue Joliot Curie;18100;18279;Vierzon;;;2.07339;47.208688
18279_1980_00047;47;;Rue Jules Guesde;18100;18279;Vierzon;;;2.044735;47.228367
18279_2460_00008;8;;Rue Nicolas Boileau;18100;18279;Vierzon;;;2.071304;47.221352
18279_0445_00073;73;;Chemin Blanc;18100;18279;Vierzon;;;2.061699;47.203483
18279_0370_00011_t;11;t;Route de Bellon;18100;18279;Vierzon;;;2.071584;47.214044
18279_2070_00020;20;;Boulevard de la Liberté;18100;18279;Vierzon;;;2.065801;47.226865
18279_1825_00048;48;;Rue Jacques Brel;18100;18279;Vierzon;;;2.082213;47.198778
18279_1626_00001;1;;Chemin de la Gratouille;18100;18279;Vierzon;;;2.047738;47.235438
18279_1990_00034;34;;Rue Jules Louis Breton;18100;18279;Vierzon;;;2.077163;47.221135
18279_2500_00023;23;;Rue des Ormes;18100;18279;Vierzon;;;2.078073;47.232443
18279_1720_00031;31;;Rue Henri Barbusse;18100;18279;Vierzon;;;2.064542;47.231639
18279_2845_00028_b;28;b;Passage Proudhon;18100;18279;Vierzon;;;2.048787;47.233708
18279_3047_00100;100;;Rue Saint Exupéry;18100;18279;Vierzon;;;2.066544;47.199022
18279_0710_00036_b;36;b;Rue du Champanet;18100;18279;Vierzon;;;2.062571;47.220597
18279_2630_00024_bis;24;bis;Rue du Péry;18100;18279;Vierzon;;;2.08421;47.224957
18279_2688_00073;73;;Rue Pierre Brossolette;18100;18279;Vierzon;;;2.075417;47.203675
18279_2870_00106;106;;Route de Puits Berteau;18100;18279;Vierzon;;;2.072466;47.237194
18279_2491_00011;11;;Chemin de l’Orme a Lieue;18100;18279;Vierzon;;;2.125987;47.214848
18279_3086_00049;49;;Impasse Suzanne Masson;18100;18279;Vierzon;;;2.078204;47.205442
18279_0460_00025;25;;Rue Blanqui;18100;18279;Vierzon;;;2.048741;47.225369
18279_3280_00051;51;;Rue de Villeneuve;18100;18279;Vierzon;;;2.07115;47.210486
18279_1250_00054;54;;Rue Eugène Pottier;18100;18279;Vierzon;;;2.09961;47.220839
18279_2100_00031;31;;Rue des Longueraies;18100;18279;Vierzon;;;2.058324;47.232806
18279_2030_00001;1;;Rue Lavoisier;18100;18279;Vierzon;;;2.065935;47.226029
18279_0100_00027;27;;Rue André Guillemain;18100;18279;Vierzon;;;2.081416;47.215211
18279_2058_00004;4;;Rue Léo Mérigot;18100;18279;Vierzon;;;2.049523;47.230121
18279_1825_00066;66;;Rue Jacques Brel;18100;18279;Vierzon;;;2.084152;47.199105
18279_0308_00005;5;;Place du Bas de Grange;18100;18279;Vierzon;;;2.048356;47.224711
18279_1840_00059;59;;Rue Jean-baptiste Clément;18100;18279;Vierzon;;;2.074545;47.232099
18279_1938_00007;7;;Chemin des Joffrois;18100;18279;Vierzon;;;2.105055;47.222303
18279_0417_00028;28;;Rue Berty Albrecht;18100;18279;Vierzon;;;2.05554;47.210559
18279_0817_00034;34;;Chemin du Chevry;18100;18279;Vierzon;;;2.121279;47.214906
18279_1555_00012;12;;Impasse de la Glaciere;18100;18279;Vierzon;;;2.042477;47.230778
18279_0190_00091;91;;Rue de l'Armistice;18100;18279;Vierzon;;;2.055043;47.217158
18279_2100_00038;38;;Rue des Longueraies;18100;18279;Vierzon;;;2.057512;47.233228
18279_3251_00006;6;;Rue du Village Aubry;18100;18279;Vierzon;;;2.099546;47.217954
18279_0359_00001;1;;Parc de Bellevue;18100;18279;Vierzon;;;2.077426;47.226907
18279_1821_00014;14;;Rue Jacqueline Auriol;18100;18279;Vierzon;;;2.065393;47.202582
18279_2485_00001_a;1;a;Rue du 11 Novembre 1918;18100;18279;Vierzon;;;2.066183;47.22119
18279_1010_00007;7;;Rue Denis Papin;18100;18279;Vierzon;;;2.055774;47.230153
18279_1280_00019;19;;Rue de Fay;18100;18279;Vierzon;;;2.051147;47.235122
18279_2085_00013;13;;Rue des Lilas;18100;18279;Vierzon;;;2.056438;47.232251
18279_0963_00011_b;11;b;Route de la Croix;18100;18279;Vierzon;;;2.098383;47.22891
18279_1330_00001;1;;Impasse des Fontaines;18100;18279;Vierzon;;;2.0649;47.214583
18279_3047_00060_bis;60;bis;Rue Saint Exupéry;18100;18279;Vierzon;;;2.067346;47.201756
18279_671bao_00064;64;;avenue maréchal philippe leclerc de hauteclocque;18100;18279;Vierzon;;;2.05176;47.208506
18279_1128_00002_bis;2;bis;Avenue Edouard Vaillant;18100;18279;Vierzon;;;2.061043;47.229935
18279_2390_00080;80;;Rue du Mouton;18100;18279;Vierzon;;;2.090526;47.229369
18279_0020_00010;10;;Chemin de l’Abricot;18100;18279;Vierzon;;;2.052955;47.220095
18279_2085_00035;35;;Rue des Lilas;18100;18279;Vierzon;;;2.056244;47.233439
18279_3061_00013;13;;Boulevard Salvador Allende;18100;18279;Vierzon;;;2.083793;47.226804
18279_2058_00045_bis;45;bis;Rue Léo Mérigot;18100;18279;Vierzon;;;2.053846;47.226946
18279_1430_00017_a;17;a;Rue Gallerand;18100;18279;Vierzon;;;2.068376;47.222809
18279_0968_00006;6;;Impasse de la Croix Moreau;18100;18279;Vierzon;;;2.033557;47.226491
18279_1877_00041;41;;Avenue Jean Jaurès;18100;18279;Vierzon;;;2.044627;47.230967
18279_2190_00031_bis;31;bis;Rue Marcel Perrin;18100;18279;Vierzon;;;2.071118;47.226037
18279_0910_00005;5;;Ruelle du Corneau;18100;18279;Vierzon;;;2.070377;47.223757
18279_0uduo0_00012;12;;Chemin du Jouffroy;18100;18279;Vierzon;;;2.105186;47.222055
18279_0310_00006;6;;Rue du Bas de Grange;18100;18279;Vierzon;;;2.060965;47.222848
18279_0435_00048;48;;Rue de Bitterfeld;18100;18279;Vierzon;;;2.087524;47.200888
18279_0320_00001_ter;1;ter;Quai du Bassin;18100;18279;Vierzon;;;2.068626;47.220238
18279_2080_00015;15;;Route de la Loeuf;18100;18279;Vierzon;;;2.043921;47.215083
18279_1128_00019;19;;Avenue Edouard Vaillant;18100;18279;Vierzon;;;2.061284;47.230827
18279_0417_00027;27;;Rue Berty Albrecht;18100;18279;Vierzon;;;2.055031;47.210087
18279_1190_00003;3;;Quai de l’Etang;18100;18279;Vierzon;;;2.102747;47.215241
18279_1230_00103;103;;Rue Etienne Marcel;18100;18279;Vierzon;;;2.104115;47.21619
18279_0290_00080;80;;Rue Barbès;18100;18279;Vierzon;;;2.059576;47.237238
18279_0310_00061_a;61;a;Rue du Bas de Grange;18100;18279;Vierzon;;;2.053422;47.224893
18279_1140_00001;1;;Place de l'Eglise des Forges;18100;18279;Vierzon;;;2.101719;47.213676
18279_0uduo0_00016;16;;Chemin du Jouffroy;18100;18279;Vierzon;;;2.105288;47.222681
18279_2155_00059_l;59;l;Avenue du 8 Mai 1945;18100;18279;Vierzon;;;2.079351;47.230873
18279_3207_00002;2;;Rue du Vert Pommier;18100;18279;Vierzon;;;2.067397;47.223647
18279_1230_00061_ter;61;ter;Rue Etienne Marcel;18100;18279;Vierzon;;;2.100852;47.217291
18279_0790_00011;11;;Rue du Château d'Eau;18100;18279;Vierzon;;;2.065973;47.209169
18279_3280_00019;19;;Rue de Villeneuve;18100;18279;Vierzon;;;2.072283;47.212454
18279_2870_00096;96;;Route de Puits Berteau;18100;18279;Vierzon;;;2.073764;47.236955
18279_0100_00038;38;;Rue André Guillemain;18100;18279;Vierzon;;;2.081031;47.214713
18279_0963_00012;12;;Route de la Croix;18100;18279;Vierzon;;;2.098566;47.228321
18279_0270_00038;38;;Rue Babeuf;18100;18279;Vierzon;;;2.043682;47.233404
18279_0045_00008;8;;Route d'Ainset;18100;18279;Vierzon;;;2.07751;47.2368
18279_0417_00022;22;;Rue Berty Albrecht;18100;18279;Vierzon;;;2.056183;47.211088
18279_1720_00088;88;;Rue Henri Barbusse;18100;18279;Vierzon;;;2.065853;47.237902
18279_3048_00048;48;;Route de Saint Laurent;18100;18279;Vierzon;;;2.121393;47.220318
18279_1375_00035;35;;Rue France Bloch-sérazin;18100;18279;Vierzon;;;2.07794;47.206202
18279_1194_00006;6;;Chemin de l’Etang du Verdin;18100;18279;Vierzon;;;2.041189;47.235243
18279_1290_00169;169;;Rue Félix Pyat;18100;18279;Vierzon;;;2.094249;47.228593
18279_0817_00014;14;;Chemin du Chevry;18100;18279;Vierzon;;;2.117646;47.215267
18279_3060_00009_bis;9;bis;Rue du Sergent Bobillot;18100;18279;Vierzon;;;2.048244;47.229351
18279_0120_00035;35;;Rue André Ribaud;18100;18279;Vierzon;;;2.067364;47.230897
18279_1250_00042;42;;Rue Eugène Pottier;18100;18279;Vierzon;;;2.099838;47.219878
18279_1285_00007;7;;Rue Federico Garcia Lorca;18100;18279;Vierzon;;;2.086804;47.199376
18279_0568_00040;40;;Chemin du Briou;18100;18279;Vierzon;;;2.08678;47.225559
18279_0095_00012;12;;Rue André Gide;18100;18279;Vierzon;;;2.096062;47.222482
18279_0550_00013;13;;Rue du Bourgneuf;18100;18279;Vierzon;;;2.064445;47.215365
18279_a070_00037;37;;Residence des Bruyeres;18100;18279;Vierzon;;;2.066191;47.20578
18279_0370_00101;101;;Route de Bellon;18100;18279;Vierzon;;;2.078415;47.210308
18279_0512_00063;63;;Route de Bonègue;18100;18279;Vierzon;;;2.077004;47.249588
18279_0350_00047;47;;Rue Beau Site;18100;18279;Vierzon;;;2.072075;47.210145
18279_2105_00004;4;;Petite Rue des Longueraies;18100;18279;Vierzon;;;2.058793;47.236163
18279_1210_00035_a;35;a;Rue Etienne Desroches;18100;18279;Vierzon;;;2.102881;47.220309
18279_2990_00012;12;;Rue Robespierre;18100;18279;Vierzon;;;2.096256;47.219174
18279_2405_00009;9;;Rue Mozart;18100;18279;Vierzon;;;2.079253;47.23213
18279_a150_01513;1513;;Residence les Dumaines;18100;18279;Vierzon;;;2.093256;47.22025
18279_1535_00023;23;;Rue Georges Fauconnier;18100;18279;Vierzon;;;2.068721;47.239408
18279_2155_00057_v;57;v;Avenue du 8 Mai 1945;18100;18279;Vierzon;;;2.079165;47.230998
18279_le1ny7_00014;14;;Rue Jeanne Labourbe;18100;18279;Vierzon;;;2.061566;47.232201
18279_2755_00004;4;;Rue de la Piscine;18100;18279;Vierzon;;;2.061374;47.219961
18279_0370_00022;22;;Route de Bellon;18100;18279;Vierzon;;;2.072005;47.213775
18279_0866_00040;40;;Avenue du Colonel Manhes;18100;18279;Vierzon;;;2.081197;47.223325
18279_2190_00003;3;;Rue Marcel Perrin;18100;18279;Vierzon;;;2.071431;47.224373
18279_0025_00003;3;;Passage de l’Abricot;18100;18279;Vierzon;;;2.054553;47.220445
18279_1538_00014;14;;Rue Georges Rousseau;18100;18279;Vierzon;;;2.057888;47.212753
18279_1240_00078;78;;Rue Etienne Nivet;18100;18279;Vierzon;;;2.08685;47.220942
18279_3202_00055;55;;Avenue de Verdun;18100;18279;Vierzon;;;2.074119;47.226023
18279_1165_00008;8;;Rue de l'Epargne;18100;18279;Vierzon;;;2.057734;47.236102
18279_2080_00014;14;;Route de la Loeuf;18100;18279;Vierzon;;;2.045648;47.215147
18279_3047_00003;3;;Rue Saint Exupéry;18100;18279;Vierzon;;;2.068719;47.206073
18279_1155_00034;34;;Rue Emile Desforges;18100;18279;Vierzon;;;2.084081;47.228181
18279_2430_00009_a;9;a;Rue Urbain Nègre;18100;18279;Vierzon;;;2.079776;47.227501
18279_3047_00123;123;;Rue Saint Exupéry;18100;18279;Vierzon;;;2.066657;47.198871
18279_2070_00019;19;;Boulevard de la Liberté;18100;18279;Vierzon;;;2.067448;47.226664
18279_2720_00009;9;;Rue Pierre Dupont;18100;18279;Vierzon;;;2.047309;47.234916
18279_1200_00010;10;;Rue de l'Etape;18100;18279;Vierzon;;;2.069267;47.222726
18279_2630_00011_bis;11;bis;Rue du Péry;18100;18279;Vierzon;;;2.083383;47.225448
18279_1980_00009_a;9;a;Rue Jules Guesde;18100;18279;Vierzon;;;2.049808;47.22836
18279_0715_00017;17;;Chemin du Champ des Renards;18100;18279;Vierzon;;;2.093743;47.227061
18279_1128_00128;128;;Avenue Edouard Vaillant;18100;18279;Vierzon;;;2.060645;47.239525
18279_2608_00059_bis;59;bis;Chemin des Peages;18100;18279;Vierzon;;;2.01693;47.228214
18279_2058_00062_bis;62;bis;Rue Léo Mérigot;18100;18279;Vierzon;;;2.052802;47.227688
18279_1405_00016;16;;Rue Gagarine;18100;18279;Vierzon;;;2.080346;47.224285
18279_0110_00016;16;;Rue André Hènault;18100;18279;Vierzon;;;2.062997;47.215492
18279_1055_00007;7;;Avenue du 19 Mars 1962;18100;18279;Vierzon;;;2.088611;47.237433
18279_1200_00003;3;;Rue de l'Etape;18100;18279;Vierzon;;;2.068565;47.22269
18279_2700_00008;8;;Rue Pierre Curie;18100;18279;Vierzon;;;2.056897;47.217688
18279_0740_00027;27;;Rue Charles Hurvoy;18100;18279;Vierzon;;;2.06849;47.227663
18279_2058_00020;20;;Rue Léo Mérigot;18100;18279;Vierzon;;;2.05041;47.229554
18279_2220_00026;26;;Rue du Maréchal Joffre;18100;18279;Vierzon;;;2.06916;47.223174
18279_3047_00105;105;;Rue Saint Exupéry;18100;18279;Vierzon;;;2.067475;47.200357
18279_3076_00013;13;;Route des Souchènes;18100;18279;Vierzon;;;2.033462;47.213723
18279_0990_00041;41;;Rue Danielle Casanova;18100;18279;Vierzon;;;2.074495;47.212366
18279_0085_00039;39;;Imp Ancienne Cite de la Verrerie;18100;18279;Vierzon;;;2.099859;47.210068
18279_0420_00009;9;;Rue de la Bidauderie;18100;18279;Vierzon;;;2.079263;47.23464
18279_2390_00084;84;;Rue du Mouton;18100;18279;Vierzon;;;2.090736;47.229154
18279_0590_00010;10;;Rue Camille Desmoulins;18100;18279;Vierzon;;;2.063602;47.22079
18279_0720_00011;11;;Rue des Changes;18100;18279;Vierzon;;;2.068893;47.223636
18279_2155_00039_a;39;a;Avenue du 8 Mai 1945;18100;18279;Vierzon;;;2.078631;47.229577
18279_3141_00011;11;;Chemin de la Trietterie;18100;18279;Vierzon;;;2.099152;47.243017
18279_1715_00006;6;;Allee Hoche;18100;18279;Vierzon;;;2.045762;47.227381
18279_1895_00001;1;;Rue Jean Moulin;18100;18279;Vierzon;;;2.063175;47.233535
18279_le1ny7_00005;5;;Rue Jeanne Labourbe;18100;18279;Vierzon;;;2.059035;47.231076
18279_0045_00050;50;;Route d'Ainset;18100;18279;Vierzon;;;2.085259;47.246479
18279_3280_00105;105;;Rue de Villeneuve;18100;18279;Vierzon;;;2.06946;47.207222
18279_0225_00002;2;;Allée Auguste Rodin;18100;18279;Vierzon;;;2.080579;47.232597
18279_2950_00028_b;28;b;Avenue de la République;18100;18279;Vierzon;;;2.065382;47.223299
18279_2040_00006;6;;Avenue Mal Philippe Leclerc de Ha;18100;18279;Vierzon;;;2.057598;47.209403
18279_1062_00021;21;;Rue du Docteur Pierre Roux;18100;18279;Vierzon;;;2.07036;47.224046
18279_1840_00076_f;76;f;Rue Jean-baptiste Clément;18100;18279;Vierzon;;;2.074238;47.233447
18279_0201_00014;14;;Chemin des Assis;18100;18279;Vierzon;;;2.021648;47.235365
18279_2608_00017;17;;Chemin des Peages;18100;18279;Vierzon;;;2.029872;47.225883
18279_1825_00033;33;;Rue Jacques Brel;18100;18279;Vierzon;;;2.081927;47.199105
18279_1420_00011;11;;Rue Galilée;18100;18279;Vierzon;;;2.070336;47.222026
18279_0385_00020;20;;Chemin des Bergeries;18100;18279;Vierzon;;;2.053362;47.223694
18279_2190_00004;4;;Rue Marcel Perrin;18100;18279;Vierzon;;;2.07134;47.224365
18279_0417_00020;20;;Rue Berty Albrecht;18100;18279;Vierzon;;;2.056273;47.211304
18279_2870_00094;94;;Route de Puits Berteau;18100;18279;Vierzon;;;2.073938;47.236922
18279_2330_00009_a;9;a;Rue Mirabeau;18100;18279;Vierzon;;;2.055781;47.212295
18279_1160_00052;52;;Rue Emile Zola;18100;18279;Vierzon;;;2.040337;47.225572
18279_1480_00019;19;;Rue de la Gaucherie;18100;18279;Vierzon;;;2.065273;47.222575
18279_1285_00009;9;;Rue Federico Garcia Lorca;18100;18279;Vierzon;;;2.086642;47.199282
18279_1308_00006;6;;Impasse des Feuillures;18100;18279;Vierzon;;;2.064461;47.21108
18279_0576_00001;1;;Chemin de la Bruyère;18100;18279;Vierzon;;;2.08119;47.187668
18279_2100_00008_bis;8;bis;Rue des Longueraies;18100;18279;Vierzon;;;2.057269;47.231293
18279_0972_00012;12;;Rue de la Croix Moreau;18100;18279;Vierzon;;;2.043347;47.225554
18279_3133_00067;67;;Route de Tours;18100;18279;Vierzon;;;2.034577;47.235699
18279_1065_00006;6;;Cour des Donneaux;18100;18279;Vierzon;;;2.044578;47.227464
18279_1150_00046;46;;Rue Emile Bouleau;18100;18279;Vierzon;;;2.067858;47.217619
18279_3052_00017;17;;Route de Saint Lazare;18100;18279;Vierzon;;;2.096841;47.207037
18279_1877_00082;82;;Avenue Jean Jaurès;18100;18279;Vierzon;;;2.042325;47.231726
18279_1290_00037;37;;Rue Félix Pyat;18100;18279;Vierzon;;;2.082198;47.229239
18279_2816_00055;55;;Passage du Pré d'Anet;18100;18279;Vierzon;;;2.080227;47.218665
18279_p07zqe_00023_a;23;a;Chemin du Pre d’Anet;18100;18279;Vierzon;;;2.075776;47.219586
18279_0120_00121;121;;Rue André Ribaud;18100;18279;Vierzon;;;2.074476;47.235621
18279_0095_00028;28;;Rue André Gide;18100;18279;Vierzon;;;2.096173;47.224331
18279_2080_00133;133;;Route de la Loeuf;18100;18279;Vierzon;;;2.031134;47.208763
18279_2290_00020;20;;Rue des Meunières;18100;18279;Vierzon;;;2.055967;47.234606
18279_1128_00121;121;;Avenue Edouard Vaillant;18100;18279;Vierzon;;;2.060959;47.239201
18279_1128_00082_c;82;c;Avenue Edouard Vaillant;18100;18279;Vierzon;;;2.060482;47.235546
18279_3137_00006;6;;Rue du Travail;18100;18279;Vierzon;;;2.042361;47.232321
18279_1950_00018_bis;18;bis;Avenue du Jonc;18100;18279;Vierzon;;;2.066903;47.209973
18279_a600_00001;1;;Residence Val d’Yevre;18100;18279;Vierzon;;;2.093934;47.218631
18279_0866_00027;27;;Avenue du Colonel Manhes;18100;18279;Vierzon;;;2.082898;47.223806
18279_2950_00042_bis;42;bis;Avenue de la République;18100;18279;Vierzon;;;2.064704;47.223615
18279_1535_00066;66;;Rue Georges Fauconnier;18100;18279;Vierzon;;;2.06805;47.239596
18279_2685_00011;11;;Avenue Pierre Billes;18100;18279;Vierzon;;;2.112317;47.202164
18279_2080_00042;42;;Route de la Loeuf;18100;18279;Vierzon;;;2.037209;47.217002
18279_0710_00070;70;;Rue du Champanet;18100;18279;Vierzon;;;2.058458;47.220438
18279_1250_00054_bis;54;bis;Rue Eugène Pottier;18100;18279;Vierzon;;;2.099515;47.220981
18279_1530_00005;5;;Rue Georges Clémenceau;18100;18279;Vierzon;;;2.058013;47.215531
18279_0270_00054;54;;Rue Babeuf;18100;18279;Vierzon;;;2.04147;47.233053
18279_2430_00018;18;;Rue Urbain Nègre;18100;18279;Vierzon;;;2.080199;47.227984
18279_2750_00013;13;;Rue des Pillots;18100;18279;Vierzon;;;2.054849;47.213785
18279_0090_00003;3;;Rue Andre de Chenier;18100;18279;Vierzon;;;2.073925;47.218838
18279_1549_00003;3;;Chemin de la Giraudiere;18100;18279;Vierzon;;;2.030896;47.233307
18279_a400_00002;2;;Residence les Pommiers;18100;18279;Vierzon;;;2.093049;47.228031
18279_0290_00009;9;;Rue Barbès;18100;18279;Vierzon;;;2.051889;47.233629
18279_66j5mf_00007;7;;Chemin des Noues;18100;18279;Vierzon;;;2.04729;47.209941
18279_1290_00083;83;;Rue Félix Pyat;18100;18279;Vierzon;;;2.086026;47.227477
18279_2995_00013;13;;Rue Roland Champenier;18100;18279;Vierzon;;;2.068344;47.239036
18279_2070_00007;7;;Boulevard de la Liberté;18100;18279;Vierzon;;;2.068513;47.226426
18279_1930_00022_b;22;b;Rue de Jérusalem;18100;18279;Vierzon;;;2.066238;47.217474
18279_2005_00014;14;;Rue Julian Grimau;18100;18279;Vierzon;;;2.08554;47.201399
18279_0290_00060;60;;Rue Barbès;18100;18279;Vierzon;;;2.056962;47.236255
18279_2910_00081_b;81;b;Avenue du 14 Juillet;18100;18279;Vierzon;;;2.062738;47.211393
18279_0512_00003_a;3;a;Route de Bonègue;18100;18279;Vierzon;;;2.073667;47.238803
18279_1520_00023;23;;Rue George Sand;18100;18279;Vierzon;;;2.066785;47.22745
18279_0195_00036;36;;Rue Arthur Rimbaud;18100;18279;Vierzon;;;2.083901;47.202079
18279_2155_00043_b;43;b;Avenue du 8 Mai 1945;18100;18279;Vierzon;;;2.078722;47.229879
18279_2560_00024;24;;Rue Pasteur;18100;18279;Vierzon;;;2.086645;47.219952
18279_3226_00040;40;;Route du Vieux Domaine;18100;18279;Vierzon;;;2.096263;47.210294
18279_a130_00004;4;;Lotissement de la Colline;18100;18279;Vierzon;;;2.072403;47.232466
18279_2320_00023;23;;Rue Millière;18100;18279;Vierzon;;;2.050266;47.226214
18279_0060_00013;13;;Rue Alphonse Daudet;18100;18279;Vierzon;;;2.077905;47.21507
18279_2170_00006;6;;Place Marceau;18100;18279;Vierzon;;;2.057067;47.213482
18279_1440_00024;24;;Rue Gambetta;18100;18279;Vierzon;;;2.09801;47.219669
18279_3047_00080;80;;Rue Saint Exupéry;18100;18279;Vierzon;;;2.066935;47.200373
18279_1250_00082;82;;Rue Eugène Pottier;18100;18279;Vierzon;;;2.098528;47.222894
18279_0730_00003;3;;Rue Charles Gibault;18100;18279;Vierzon;;;2.081138;47.217565
18279_0170_00061;61;;Rue Armand Brunet;18100;18279;Vierzon;;;2.072499;47.221263
18279_1289_00123;123;;Impasse Felix Pyat;18100;18279;Vierzon;;;2.089906;47.228632
18279_3202_00046;46;;Avenue de Verdun;18100;18279;Vierzon;;;2.073897;47.225669
18279_1720_00004;4;;Rue Henri Barbusse;18100;18279;Vierzon;;;2.06375;47.229313
18279_2430_00009_b;9;b;Rue Urbain Nègre;18100;18279;Vierzon;;;2.079821;47.227427
18279_0290_00044_c;44;c;Rue Barbès;18100;18279;Vierzon;;;2.055152;47.235352
18279_2450_00018;18;;Route de Neuvy;18100;18279;Vierzon;;;2.095184;47.244043
18279_1230_00107;107;;Rue Etienne Marcel;18100;18279;Vierzon;;;2.104548;47.216016
18279_2005_00020;20;;Rue Julian Grimau;18100;18279;Vierzon;;;2.08531;47.201043
18279_2920_00004;4;;Rue Rabelais;18100;18279;Vierzon;;;2.066662;47.219998
18279_2870_00177;177;;Route de Puits Berteau;18100;18279;Vierzon;;;2.062699;47.23928
18279_0745_00012;12;;Chemin de Charnay;18100;18279;Vierzon;;;2.028167;47.241365
18279_3285_00015;15;;Rue Vincent Auriol;18100;18279;Vierzon;;;2.087753;47.199805
18279_1470_00081;81;;Rue Gaston Cornavin;18100;18279;Vierzon;;;2.087219;47.229771
18279_b2fplh_00005;5;;Residence Mermoz;18100;18279;Vierzon;;;2.063465;47.205039
18279_2390_00086;86;;Rue du Mouton;18100;18279;Vierzon;;;2.090835;47.229053
18279_2910_00025_bis;25;bis;Avenue du 14 Juillet;18100;18279;Vierzon;;;2.064597;47.214915
18279_2990_00017;17;;Rue Robespierre;18100;18279;Vierzon;;;2.096683;47.219784
18279_1280_00029;29;;Rue de Fay;18100;18279;Vierzon;;;2.050547;47.23569
18279_1172_00001;1;;Passage des Epinettes;18100;18279;Vierzon;;;2.070991;47.225517
18279_0660_00010;10;;Rue Célestin Gérard;18100;18279;Vierzon;;;2.054396;47.225811
18279_2390_00070;70;;Rue du Mouton;18100;18279;Vierzon;;;2.089288;47.230084
18279_0714_00010;10;;Rue du Champ du Four;18100;18279;Vierzon;;;2.081771;47.233677
18279_2870_00105;105;;Route de Puits Berteau;18100;18279;Vierzon;;;2.070305;47.23751
18279_1877_00001;1;;Avenue Jean Jaurès;18100;18279;Vierzon;;;2.048849;47.230149
18279_1825_00038;38;;Rue Jacques Brel;18100;18279;Vierzon;;;2.081512;47.199117
18279_1536_00015;15;;Rue Georges Politzer;18100;18279;Vierzon;;;2.079273;47.204557
18279_2501_00011;11;;Rue Pablo Casals;18100;18279;Vierzon;;;2.082657;47.201427
18279_1700_00034;34;;Rue Gustave Flourens;18100;18279;Vierzon;;;2.055131;47.231238
18279_0726_00022;22;;Rue Baudelaire;18100;18279;Vierzon;;;2.084932;47.198947
18279_0462_00004;4;;Rue Bobby Sands;18100;18279;Vierzon;;;2.063779;47.221937
18279_2719_00007;7;;Chemin Pierre Dupont;18100;18279;Vierzon;;;2.043945;47.234905
18279_3147_00037;37;;Rue de l'Unité;18100;18279;Vierzon;;;2.072516;47.236638
18279_3165_00015;15;;Chemin des Vallees;18100;18279;Vierzon;;;2.041053;47.223089
18279_2688_00007;7;;Rue Pierre Brossolette;18100;18279;Vierzon;;;2.07677;47.20472
18279_0060_00002_a;2;a;Rue Alphonse Daudet;18100;18279;Vierzon;;;2.078543;47.216968
18279_0290_00040;40;;Rue Barbès;18100;18279;Vierzon;;;2.054857;47.235257
18279_1290_00076;76;;Rue Félix Pyat;18100;18279;Vierzon;;;2.085876;47.227408
18279_2850_00008;8;;Rue Proudhon;18100;18279;Vierzon;;;2.048765;47.231279
18279_1055_00018_g;18;g;Avenue du 19 Mars 1962;18100;18279;Vierzon;;;2.091785;47.239711
18279_1072_00011_b;11;b;Petite Rue des Donneaux;18100;18279;Vierzon;;;2.046324;47.226504
18279_2810_00003;3;;Rue de la Poterie;18100;18279;Vierzon;;;2.072518;47.222446
18279_2950_00054;54;;Avenue de la République;18100;18279;Vierzon;;;2.063196;47.22434
18279_1870_00042_a;42;a;Rue Jean Jacques Rousseau;18100;18279;Vierzon;;;2.076205;47.218222
18279_1720_00044;44;;Rue Henri Barbusse;18100;18279;Vierzon;;;2.064733;47.231829
18279_2560_00040_bis;40;bis;Rue Pasteur;18100;18279;Vierzon;;;2.088516;47.219696
18279_1690_00009;9;;Route de Guérigny;18100;18279;Vierzon;;;2.133206;47.214653
18279_2850_00032_a;32;a;Rue Proudhon;18100;18279;Vierzon;;;2.047948;47.233226
18279_0972_00016;16;;Rue de la Croix Moreau;18100;18279;Vierzon;;;2.043033;47.225611
18279_2935_00041_c;41;c;Chemin des Rechignardes;18100;18279;Vierzon;;;2.07027;47.230239
18279_2405_00013;13;;Rue Mozart;18100;18279;Vierzon;;;2.079006;47.232043
18279_1308_00004_a;4;a;Impasse des Feuillures;18100;18279;Vierzon;;;2.063913;47.210972
18279_0817_00027;27;;Chemin du Chevry;18100;18279;Vierzon;;;2.119456;47.215422
18279_a070_00035;35;;Residence des Bruyeres;18100;18279;Vierzon;;;2.066197;47.205936
18279_1470_00067;67;;Rue Gaston Cornavin;18100;18279;Vierzon;;;2.08725;47.229025
18279_0497_00024_bis;24;bis;Chemin de Bois Marteau;18100;18279;Vierzon;;;2.055325;47.239914
18279_0890_00124;124;;Rue de la Convention;18100;18279;Vierzon;;;2.109933;47.225347
18279_1510_00029;29;;Grande Rue de la Genette;18100;18279;Vierzon;;;2.056685;47.216287
18279_1290_00101;101;;Rue Félix Pyat;18100;18279;Vierzon;;;2.088745;47.227737
18279_0120_00084;84;;Rue André Ribaud;18100;18279;Vierzon;;;2.06996;47.23338
18279_0890_00019;19;;Rue de la Convention;18100;18279;Vierzon;;;2.101575;47.218613
18279_1750_00005;5;;Rue Henri Sellier;18100;18279;Vierzon;;;2.054545;47.217657
18279_1530_00040;40;;Rue Georges Clémenceau;18100;18279;Vierzon;;;2.055056;47.215954
18279_1060_00044;44;;Rue du Docteur Lobligeois;18100;18279;Vierzon;;;2.055263;47.217382
18279_0930_00035;35;;Rue Courbet;18100;18279;Vierzon;;;2.085319;47.228231
18279_0220_00041_bis;41;bis;Rue Auber;18100;18279;Vierzon;;;2.082995;47.216591
18279_3135_00016;16;;Rue des Tramways de l'Indre;18100;18279;Vierzon;;;2.059508;47.21432
18279_0545_00070;70;;Route de Bourges;18100;18279;Vierzon;;;2.126829;47.213603
18279_1536_00024;24;;Rue Georges Politzer;18100;18279;Vierzon;;;2.077193;47.2037
18279_1980_00028_b;28;b;Rue Jules Guesde;18100;18279;Vierzon;;;2.046489;47.227784
18279_2625_00002;2;;Chemin du Perdrier;18100;18279;Vierzon;;;2.097613;47.221746
18279_0290_00021;21;;Rue Barbès;18100;18279;Vierzon;;;2.052554;47.234381
18279_0817_00013_ter;13;ter;Chemin du Chevry;18100;18279;Vierzon;;;2.118005;47.215414
18279_0320_00013;13;;Quai du Bassin;18100;18279;Vierzon;;;2.072088;47.219697
18279_1210_00053;53;;Rue Etienne Desroches;18100;18279;Vierzon;;;2.10381;47.220208
18279_2491_00023;23;;Chemin de l’Orme a Lieue;18100;18279;Vierzon;;;2.124852;47.215507
18279_0890_00131_a;131;a;Rue de la Convention;18100;18279;Vierzon;;;2.109385;47.224343
18279_0691_00014;14;;Passage du Chambon;18100;18279;Vierzon;;;2.054428;47.222304
18279_0310_00047;47;;Rue du Bas de Grange;18100;18279;Vierzon;;;2.05487;47.22445
18279_1470_00071;71;;Rue Gaston Cornavin;18100;18279;Vierzon;;;2.08724;47.229272
18279_1165_00006;6;;Rue de l'Epargne;18100;18279;Vierzon;;;2.057623;47.236052
18279_2058_00030;30;;Rue Léo Mérigot;18100;18279;Vierzon;;;2.050844;47.229127
18279_2688_00009;9;;Rue Pierre Brossolette;18100;18279;Vierzon;;;2.076422;47.204531
18279_1555_00001;1;;Impasse de la Glaciere;18100;18279;Vierzon;;;2.042813;47.231107
18279_1640_00005;5;;Rue du Grelet;18100;18279;Vierzon;;;2.05007;47.231347
18279_2850_00008_bis;8;bis;Rue Proudhon;18100;18279;Vierzon;;;2.04812;47.23141
18279_2040_00039;39;;Avenue Mal Philippe Leclerc de Ha;18100;18279;Vierzon;;;2.053843;47.208629
18279_2410_00017;17;;Boulevard de la Nation;18100;18279;Vierzon;;;2.058732;47.215216
18279_2025_00034;34;;avenue maréchal jean de lattre de tassigny;18100;18279;Vierzon;;;2.066207;47.207863
18279_0270_00043;43;;Rue Babeuf;18100;18279;Vierzon;;;2.042495;47.233189
18279_3226_00033;33;;Route du Vieux Domaine;18100;18279;Vierzon;;;2.094981;47.213207
18279_1860_00003;3;;Rue Jean de la Fontaine;18100;18279;Vierzon;;;2.059181;47.221414
18279_1980_00041_bis;41;bis;Rue Jules Guesde;18100;18279;Vierzon;;;2.045313;47.228587
18279_0400_00008;8;;Rue des Berlurettes;18100;18279;Vierzon;;;2.062686;47.235895
18279_1255_00031;31;;Rue Evariste Galois;18100;18279;Vierzon;;;2.084862;47.201597
18279_0075_00012;12;;Rue Ambroise Croizat;18100;18279;Vierzon;;;2.069448;47.235796
18279_2070_00041;41;;Boulevard de la Liberté;18100;18279;Vierzon;;;2.063115;47.22836
18279_0500_00006;6;;Rue Boitard;18100;18279;Vierzon;;;2.069669;47.214743
18279_0435_00020;20;;Rue de Bitterfeld;18100;18279;Vierzon;;;2.085029;47.202331
18279_1200_00005;5;;Rue de l'Etape;18100;18279;Vierzon;;;2.068662;47.222707
18279_2720_00049_c;49;c;Rue Pierre Dupont;18100;18279;Vierzon;;;2.042341;47.237839
18279_1732_00046;46;;Square Henriette Dumuin;18100;18279;Vierzon;;;2.079287;47.202012
18279_1870_00079_bis;79;bis;Rue Jean Jacques Rousseau;18100;18279;Vierzon;;;2.077285;47.217736
18279_0074_00043;43;;Place Ambroise Croizat;18100;18279;Vierzon;;;2.068941;47.236511
18279_1825_00012;12;;Rue Jacques Brel;18100;18279;Vierzon;;;2.078788;47.20048
18279_1128_00057_b;57;b;Avenue Edouard Vaillant;18100;18279;Vierzon;;;2.061078;47.233664
18279_1128_00059_d;59;d;Avenue Edouard Vaillant;18100;18279;Vierzon;;;2.061043;47.23469
18279_0650_00004_a;4;a;Rue du Cavalier;18100;18279;Vierzon;;;2.062391;47.226917
18279_2264_00015;15;;Res Mermoz Nord;18100;18279;Vierzon;;;2.06396;47.20499
18279_1775_00018;18;;Rue des Hortensias;18100;18279;Vierzon;;;2.053078;47.233542
18279_1750_00011;11;;Rue Henri Sellier;18100;18279;Vierzon;;;2.055142;47.218006
18279_2080_00050;50;;Route de la Loeuf;18100;18279;Vierzon;;;2.036172;47.216972
18279_2025_00070;70;;avenue maréchal jean de lattre de tassigny;18100;18279;Vierzon;;;2.070303;47.205786
18279_3226_00013;13;;Route du Vieux Domaine;18100;18279;Vierzon;;;2.084372;47.214064
18279_3160_00058;58;;Rue du Val Fleury;18100;18279;Vierzon;;;2.068479;47.208298
18279_1650_00023_bis;23;bis;Rue Grelon;18100;18279;Vierzon;;;2.061173;47.216111
18279_3084_00019;19;;Chemin du Stade Constant Duval;18100;18279;Vierzon;;;2.056802;47.241055
18279_1120_00026;26;;Rue Edouard Branly;18100;18279;Vierzon;;;2.10446;47.218448
18279_3055_00011;11;;Chemin de Saint Priest;18100;18279;Vierzon;;;2.034752;47.22801
18279_1170_00018_c;18;c;Rue des Epinettes;18100;18279;Vierzon;;;2.068621;47.225631
18279_1526_00020;20;;Square Georges Brassens;18100;18279;Vierzon;;;2.077416;47.201508
18279_2220_00023;23;;Rue du Maréchal Joffre;18100;18279;Vierzon;;;2.069373;47.223105
18279_0095_00046;46;;Rue André Gide;18100;18279;Vierzon;;;2.094525;47.226072
18279_1230_00025;25;;Rue Etienne Marcel;18100;18279;Vierzon;;;2.09707;47.218027
18279_0978_00004_c;4;c;Passage du Crot à Foulon;18100;18279;Vierzon;;;2.063015;47.229826
18279_0080_00116;116;;Rue Anatole France;18100;18279;Vierzon;;;2.050031;47.22267
18279_1877_00084;84;;Avenue Jean Jaurès;18100;18279;Vierzon;;;2.042128;47.231771
18279_3048_00044;44;;Route de Saint Laurent;18100;18279;Vierzon;;;2.120965;47.219981
18279_1840_00098;98;;Rue Jean-baptiste Clément;18100;18279;Vierzon;;;2.076234;47.233251
18279_2620_00041_c;41;c;Rue des Pentecotes;18100;18279;Vierzon;;;2.058715;47.228409
18279_1569_00017;17;;Chemin de Grands Champs;18100;18279;Vierzon;;;2.086651;47.250099
18279_3131_00006;6;;Passage Tissier;18100;18279;Vierzon;;;2.046547;47.229743
18279_0020_00005;5;;Chemin de l’Abricot;18100;18279;Vierzon;;;2.053064;47.220383
18279_2816_00005;5;;Passage du Pré d'Anet;18100;18279;Vierzon;;;2.073757;47.220112
18279_2688_00055;55;;Rue Pierre Brossolette;18100;18279;Vierzon;;;2.075423;47.204308
18279_2058_00028;28;;Rue Léo Mérigot;18100;18279;Vierzon;;;2.050718;47.229254
18279_0780_00002;2;;Rue du Château;18100;18279;Vierzon;;;2.0711;47.22284
18279_0060_00002_b;2;b;Rue Alphonse Daudet;18100;18279;Vierzon;;;2.078406;47.216612
18279_2719_00010;10;;Chemin Pierre Dupont;18100;18279;Vierzon;;;2.043955;47.23521
18279_0310_00016_a;16;a;Rue du Bas de Grange;18100;18279;Vierzon;;;2.055454;47.224385
18279_1062_00019;19;;Rue du Docteur Pierre Roux;18100;18279;Vierzon;;;2.069968;47.224102
18279_2040_00050;50;;Avenue Mal Philippe Leclerc de Ha;18100;18279;Vierzon;;;2.053091;47.208712
18279_2155_00025_a;25;a;Avenue du 8 Mai 1945;18100;18279;Vierzon;;;2.077219;47.22848
18279_0080_00122;122;;Rue Anatole France;18100;18279;Vierzon;;;2.04935;47.22278
18279_3137_00020;20;;Rue du Travail;18100;18279;Vierzon;;;2.04374;47.23227
18279_2950_00037;37;;Avenue de la République;18100;18279;Vierzon;;;2.064662;47.22353
18279_0500_00019;19;;Rue Boitard;18100;18279;Vierzon;;;2.070688;47.214703
18279_2309_00038;38;;Chemin des Millards;18100;18279;Vierzon;;;2.103182;47.233298
18279_2688_00048;48;;Rue Pierre Brossolette;18100;18279;Vierzon;;;2.075135;47.204641
18279_0600_00033;33;;Petite Rue du Camp;18100;18279;Vierzon;;;2.065164;47.206942
18279_1062_00003;3;;Rue du Docteur Pierre Roux;18100;18279;Vierzon;;;2.068911;47.224215
18279_1825_00022;22;;Rue Jacques Brel;18100;18279;Vierzon;;;2.080534;47.199616
18279_2025_00019;19;;avenue maréchal jean de lattre de tassigny;18100;18279;Vierzon;;;2.065849;47.208275
18279_1712_00030;30;;Hameau de la Dumonerie;18100;18279;Vierzon;;;2.095114;47.219071
18279_1128_00089;89;;Avenue Edouard Vaillant;18100;18279;Vierzon;;;2.06106;47.236509
18279_0420_00031_bis;31;bis;Rue de la Bidauderie;18100;18279;Vierzon;;;2.08131;47.23638
18279_1060_00014;14;;Rue du Docteur Lobligeois;18100;18279;Vierzon;;;2.058686;47.216969
18279_1428_00016;16;;Place Gallerand;18100;18279;Vierzon;;;2.068778;47.223118
18279_hv0stn_00003;3;;Impasse de Bel Air;18100;18279;Vierzon;;;2.076318;47.213199
18279_1230_00123_b;123;b;Rue Etienne Marcel;18100;18279;Vierzon;;;2.106997;47.215515
18279_0160_00057;57;;Rue Armand Bazile;18100;18279;Vierzon;;;2.075499;47.216474
18279_2155_00052;52;;Avenue du 8 Mai 1945;18100;18279;Vierzon;;;2.078574;47.229011
18279_1128_00099;99;;Avenue Edouard Vaillant;18100;18279;Vierzon;;;2.061021;47.237594
18279_2206_00002;2;;Rue Maryse Bastié;18100;18279;Vierzon;;;2.065155;47.203145
18279_0420_00011;11;;Rue de la Bidauderie;18100;18279;Vierzon;;;2.079363;47.234688
18279_2630_00021;21;;Rue du Péry;18100;18279;Vierzon;;;2.084399;47.225205
18279_0370_00085;85;;Route de Bellon;18100;18279;Vierzon;;;2.077853;47.211422
18279_3147_00023;23;;Rue de l'Unité;18100;18279;Vierzon;;;2.072258;47.235984
18279_0890_00144;144;;Rue de la Convention;18100;18279;Vierzon;;;2.110175;47.226965
18279_3130_00008;8;;Rue Théodore Roosevelt;18100;18279;Vierzon;;;2.068394;47.223778
18279_3165_00011;11;;Chemin des Vallees;18100;18279;Vierzon;;;2.04161;47.223778
18279_1290_00027;27;;Rue Félix Pyat;18100;18279;Vierzon;;;2.081681;47.229652
18279_2410_00027;27;;Boulevard de la Nation;18100;18279;Vierzon;;;2.058256;47.214866
18279_1440_00016;16;;Rue Gambetta;18100;18279;Vierzon;;;2.097279;47.22031
18279_2720_00032;32;;Rue Pierre Dupont;18100;18279;Vierzon;;;2.044495;47.236216
18279_0720_00019;19;;Rue des Changes;18100;18279;Vierzon;;;2.069292;47.223816
18279_0110_00023;23;;Rue André Hènault;18100;18279;Vierzon;;;2.062604;47.215576
18279_1500_00016;16;;Rue Gay Lussac;18100;18279;Vierzon;;;2.07777;47.224569
18279_1980_00023_bis;23;bis;Rue Jules Guesde;18100;18279;Vierzon;;;2.04749;47.227576
18279_0951_00028;28;;Chemin des Grandes Crêles;18100;18279;Vierzon;;;2.070177;47.203062
18279_66j5mf_00054;54;;Chemin des Noues;18100;18279;Vierzon;;;2.04413;47.211329
18279_0320_00005_ter;5;ter;Quai du Bassin;18100;18279;Vierzon;;;2.069669;47.220016
18279_2688_00044;44;;Rue Pierre Brossolette;18100;18279;Vierzon;;;2.075399;47.204539
18279_3048_00001;1;;Route de Saint Laurent;18100;18279;Vierzon;;;2.11594;47.216264
18279_1230_00123_a;123;a;Rue Etienne Marcel;18100;18279;Vierzon;;;2.106844;47.215584
18279_1308_00005;5;;Impasse des Feuillures;18100;18279;Vierzon;;;2.064498;47.211165
18279_2890_00013;13;;Rue du Putet;18100;18279;Vierzon;;;2.056726;47.230395
18279_0075_00053;53;;Rue Ambroise Croizat;18100;18279;Vierzon;;;2.069743;47.236933
18279_2240_00007;7;;Rue Mattéoti;18100;18279;Vierzon;;;2.062177;47.214679
18279_2595_00008;8;;Rue Paul Verlaine;18100;18279;Vierzon;;;2.064889;47.23946
18279_0350_00083;83;;Rue Beau Site;18100;18279;Vierzon;;;2.070628;47.207629
18279_1366_00012;12;;Cours de Fougery;18100;18279;Vierzon;;;2.072607;47.234206
18279_0400_00021;21;;Rue des Berlurettes;18100;18279;Vierzon;;;2.063039;47.236105
18279_0714_00023;23;;Rue du Champ du Four;18100;18279;Vierzon;;;2.080586;47.234665
18279_0817_00043;43;;Chemin du Chevry;18100;18279;Vierzon;;;2.121227;47.215048
18279_2030_00020;20;;Rue Lavoisier;18100;18279;Vierzon;;;2.067892;47.22744
18279_2710_00005;5;;Rue Pierre Debournou;18100;18279;Vierzon;;;2.062621;47.223864
18279_1065_00015;15;;Cour des Donneaux;18100;18279;Vierzon;;;2.044153;47.227418
18279_1220_00007_c;7;c;Rue Etienne Dolet;18100;18279;Vierzon;;;2.102539;47.215415
18279_2795_00073;73;;Rue des Ponts;18100;18279;Vierzon;;;2.065862;47.218002
18279_1290_00131;131;;Rue Félix Pyat;18100;18279;Vierzon;;;2.090213;47.228992
18279_1510_00019;19;;Grande Rue de la Genette;18100;18279;Vierzon;;;2.057534;47.216268
18279_3202_00025_d;25;d;Avenue de Verdun;18100;18279;Vierzon;;;2.073128;47.225247
18279_2935_00007;7;;Chemin des Rechignardes;18100;18279;Vierzon;;;2.070271;47.230239
18279_2260_00036;36;;Route de Méreau;18100;18279;Vierzon;;;2.061502;47.207351
18279_1128_00079_bis;79;bis;Avenue Edouard Vaillant;18100;18279;Vierzon;;;2.06111;47.235023
18279_2714_00004;4;;Allée Pierre de Coubertin;18100;18279;Vierzon;;;2.077464;47.210517
18279_1470_00007;7;;Rue Gaston Cornavin;18100;18279;Vierzon;;;2.087411;47.227792
18279_3085_00002;2;;Allee de la Source;18100;18279;Vierzon;;;2.077304;47.212471
18279_lukrq1_00007;7;;Rue Rouget de Lisle;18100;18279;Vierzon;;;2.047086;47.232896
18279_1555_00002;2;;Impasse de la Glaciere;18100;18279;Vierzon;;;2.042886;47.231286
18279_2390_00050;50;;Rue du Mouton;18100;18279;Vierzon;;;2.085659;47.230486
18279_a210_00021;21;;Residence de la Foret;18100;18279;Vierzon;;;2.064264;47.238062
18279_1857_00003;3;;Rue Jean Cocteau;18100;18279;Vierzon;;;2.084981;47.226977
18279_3160_00012;12;;Rue du Val Fleury;18100;18279;Vierzon;;;2.070449;47.211868
18279_1230_00001;1;;Rue Etienne Marcel;18100;18279;Vierzon;;;2.092209;47.218965
18279_0310_00037;37;;Rue du Bas de Grange;18100;18279;Vierzon;;;2.055978;47.224228
18279_1720_00079;79;;Rue Henri Barbusse;18100;18279;Vierzon;;;2.065798;47.238328
18279_1060_00050;50;;Rue du Docteur Lobligeois;18100;18279;Vierzon;;;2.054709;47.217435
18279_3202_00070;70;;Avenue de Verdun;18100;18279;Vierzon;;;2.074865;47.226441
18279_3086_00023;23;;Impasse Suzanne Masson;18100;18279;Vierzon;;;2.078945;47.205528
18279_0170_00020;20;;Rue Armand Brunet;18100;18279;Vierzon;;;2.069243;47.221967
18279_0435_00041;41;;Rue de Bitterfeld;18100;18279;Vierzon;;;2.085822;47.20216
18279_2302_00019;19;;Rue Michel Lucas;18100;18279;Vierzon;;;2.085505;47.230955
18279_2580_00002;2;;Rue Paul Doumer;18100;18279;Vierzon;;;2.057009;47.213211
18279_1280_00007;7;;Rue de Fay;18100;18279;Vierzon;;;2.051159;47.233792
18279_3271_00005;5;;Route du Village d’En Haut;18100;18279;Vierzon;;;2.110223;47.230492
18279_0395_00004;4;;Rue Henri Bergson;18100;18279;Vierzon;;;2.095067;47.224054
18279_671bao_00058;58;;avenue maréchal philippe leclerc de hauteclocque;18100;18279;Vierzon;;;2.052367;47.208605
18279_1290_00047;47;;Rue Félix Pyat;18100;18279;Vierzon;;;2.082914;47.228665
18279_0170_00006;6;;Rue Armand Brunet;18100;18279;Vierzon;;;2.067959;47.222259
18279_2870_00168;168;;Route de Puits Berteau;18100;18279;Vierzon;;;2.064721;47.239188
18279_0270_00040;40;;Rue Babeuf;18100;18279;Vierzon;;;2.043557;47.233386
18279_0270_00030;30;;Rue Babeuf;18100;18279;Vierzon;;;2.044469;47.233512
18279_3073_00025_a;25;a;Rue de la Société Française;18100;18279;Vierzon;;;2.058239;47.225827
18279_2950_00014;14;;Avenue de la République;18100;18279;Vierzon;;;2.066328;47.222881
18279_1230_00068;68;;Rue Etienne Marcel;18100;18279;Vierzon;;;2.099975;47.217425
18279_0420_00052_a;52;a;Rue de la Bidauderie;18100;18279;Vierzon;;;2.08314;47.236765
18279_1155_00042;42;;Rue Emile Desforges;18100;18279;Vierzon;;;2.084823;47.228718
18279_0710_00031;31;;Rue du Champanet;18100;18279;Vierzon;;;2.060925;47.220243
18279_1128_00040_bis;40;bis;Avenue Edouard Vaillant;18100;18279;Vierzon;;;2.061024;47.232097
18279_2625_00046;46;;Chemin du Perdrier;18100;18279;Vierzon;;;2.095808;47.228163
18279_1385_00008;8;;Rue Frédéric Mistral;18100;18279;Vierzon;;;2.094721;47.225428
18279_2155_00045;45;;Avenue du 8 Mai 1945;18100;18279;Vierzon;;;2.078984;47.229851
18279_0370_00015;15;;Route de Bellon;18100;18279;Vierzon;;;2.071915;47.2139
18279_1060_00033;33;;Rue du Docteur Lobligeois;18100;18279;Vierzon;;;2.055795;47.217252
18279_1240_00076;76;;Rue Etienne Nivet;18100;18279;Vierzon;;;2.086635;47.220999
18279_2030_00012;12;;Rue Lavoisier;18100;18279;Vierzon;;;2.067318;47.226989
18279_2040_00037;37;;Avenue Mal Philippe Leclerc de Ha;18100;18279;Vierzon;;;2.054173;47.208685
18279_2850_00032_f;32;f;Rue Proudhon;18100;18279;Vierzon;;;2.047995;47.233183
18279_1145_00007;7;;Rue Emile Accolas;18100;18279;Vierzon;;;2.062121;47.231786
18279_2750_00017;17;;Rue des Pillots;18100;18279;Vierzon;;;2.054375;47.213758
18279_2058_00018_a;18;a;Rue Léo Mérigot;18100;18279;Vierzon;;;2.050304;47.229646
18279_1062_00011;11;;Rue du Docteur Pierre Roux;18100;18279;Vierzon;;;2.069545;47.224162
18279_2650_00030;30;;Rue de la Petite Noue;18100;18279;Vierzon;;;2.059542;47.205447
18279_2583_00027;27;;Rue Paul Eluard;18100;18279;Vierzon;;;2.08548;47.200569
18279_2816_00073;73;;Passage du Pré d'Anet;18100;18279;Vierzon;;;2.081928;47.218416
18279_0780_00006;6;;Rue du Château;18100;18279;Vierzon;;;2.0711;47.22284
18279_3280_00026;26;;Rue de Villeneuve;18100;18279;Vierzon;;;2.071542;47.211928
18279_2100_00079;79;;Rue des Longueraies;18100;18279;Vierzon;;;2.060137;47.235392
18279_1560_00021;21;;Rue Gourdon;18100;18279;Vierzon;;;2.066037;47.224512
18279_2648_00001;1;;Chemin de la Petite Noue;18100;18279;Vierzon;;;2.060684;47.204907
18279_1180_00006;6;;Rue Ernest Renan;18100;18279;Vierzon;;;2.074688;47.217731
18279_671bao_00022;22;;avenue maréchal philippe leclerc de hauteclocque;18100;18279;Vierzon;;;2.05604;47.209166
18279_0715_00009;9;;Chemin du Champ des Renards;18100;18279;Vierzon;;;2.094334;47.227563
18279_3135_00007;7;;Rue des Tramways de l'Indre;18100;18279;Vierzon;;;2.062027;47.214431
18279_0710_00006_a;6;a;Rue du Champanet;18100;18279;Vierzon;;;2.064895;47.220489
18279_1128_00105;105;;Avenue Edouard Vaillant;18100;18279;Vierzon;;;2.061006;47.238077
18279_2270_00017_bis;17;bis;Rue Meunier;18100;18279;Vierzon;;;2.045004;47.229235
18279_2080_00118;118;;Route de la Loeuf;18100;18279;Vierzon;;;2.029912;47.21087
18279_2080_00048;48;;Route de la Loeuf;18100;18279;Vierzon;;;2.036487;47.217004
18279_0743_00011;11;;Rue Charlotte Delbo;18100;18279;Vierzon;;;2.088165;47.222679
18279_0080_00092;92;;Rue Anatole France;18100;18279;Vierzon;;;2.052047;47.222296
18279_3133_00054;54;;Route de Tours;18100;18279;Vierzon;;;2.035331;47.235385
18279_3047_00040;40;;Rue Saint Exupéry;18100;18279;Vierzon;;;2.067861;47.203596
18279_2320_00004;4;;Rue Millière;18100;18279;Vierzon;;;2.051226;47.225366
18279_1980_00022_c;22;c;Rue Jules Guesde;18100;18279;Vierzon;;;2.048099;47.22744
18279_0370_00113_a;113;a;Route de Bellon;18100;18279;Vierzon;;;2.080568;47.209418
18279_1834_00003;3;;Rue Jacques Richard;18100;18279;Vierzon;;;2.080713;47.200442
18279_2870_00018;18;;Route de Puits Berteau;18100;18279;Vierzon;;;2.079177;47.23328
18279_1230_00029;29;;Rue Etienne Marcel;18100;18279;Vierzon;;;2.097639;47.217952
18279_2850_00044;44;;Rue Proudhon;18100;18279;Vierzon;;;2.047938;47.233925
18279_0600_00005;5;;Petite Rue du Camp;18100;18279;Vierzon;;;2.067729;47.206522
18279_3210_00006_bis;6;bis;Rue Victor Hugo;18100;18279;Vierzon;;;2.067445;47.223424
18279_0290_00019;19;;Rue Barbès;18100;18279;Vierzon;;;2.052451;47.234298
18279_2320_00009;9;;Rue Millière;18100;18279;Vierzon;;;2.051175;47.225321
18279_1020_00008_bis;8;bis;Rue Descartes;18100;18279;Vierzon;;;2.080836;47.217152
18279_1128_00116_t;116;t;Avenue Edouard Vaillant;18100;18279;Vierzon;;;2.060156;47.23867
18279_1165_00016;16;;Rue de l'Epargne;18100;18279;Vierzon;;;2.058429;47.235786
18279_0370_00155;155;;Route de Bellon;18100;18279;Vierzon;;;2.081735;47.201364
18279_2648_00018;18;;Chemin de la Petite Noue;18100;18279;Vierzon;;;2.062781;47.204313
18279_le1ny7_00003_bis;3;bis;Rue Jeanne Labourbe;18100;18279;Vierzon;;;2.058952;47.230924
18279_1430_00018;18;;Rue Gallerand;18100;18279;Vierzon;;;2.068102;47.2228
18279_0420_00015;15;;Rue de la Bidauderie;18100;18279;Vierzon;;;2.079521;47.234782
18279_2270_00022;22;;Rue Meunier;18100;18279;Vierzon;;;2.045003;47.229041
18279_1790_00015;15;;Rue de l'Hospice;18100;18279;Vierzon;;;2.051476;47.226265
18279_2608_00013;13;;Chemin des Peages;18100;18279;Vierzon;;;2.030647;47.225786
18279_0140_00020;20;;Rue Antonin Lerault;18100;18279;Vierzon;;;2.068805;47.21476
18279_3047_00070;70;;Rue Saint Exupéry;18100;18279;Vierzon;;;2.067135;47.201057
18279_0100_00036;36;;Rue André Guillemain;18100;18279;Vierzon;;;2.081182;47.215003
18279_2025_00022;22;;avenue maréchal jean de lattre de tassigny;18100;18279;Vierzon;;;2.065177;47.208439
18279_2850_00039_bis;39;bis;Rue Proudhon;18100;18279;Vierzon;;;2.048379;47.234129
18279_0640_00019;19;;Rue Casimir Lecomte;18100;18279;Vierzon;;;2.064576;47.227923
18279_0815_00003;3;;Ruelle du Chevrier;18100;18279;Vierzon;;;2.069608;47.222875
18279_0482_00026_c;26;c;Rue du Bois d'Yèvre;18100;18279;Vierzon;;;2.069635;47.217568
18279_0210_00006;6;;Rue des Ateliers;18100;18279;Vierzon;;;2.053752;47.230988
18279_1144_00028;28;;Rue Elsa Triolet;18100;18279;Vierzon;;;2.08481;47.229864
18279_3170_00007;7;;Rue de Valmy;18100;18279;Vierzon;;;2.067525;47.219009
18279_1670_00007_bis;7;bis;Rue du Gros Caillou;18100;18279;Vierzon;;;2.069097;47.222614
18279_0389_00004;4;;Passage des Bergeries Est;18100;18279;Vierzon;;;2.050462;47.224681
18279_0420_00048;48;;Rue de la Bidauderie;18100;18279;Vierzon;;;2.082462;47.236576
18279_1732_00040;40;;Square Henriette Dumuin;18100;18279;Vierzon;;;2.078639;47.20218
18279_1712_00026;26;;Hameau de la Dumonerie;18100;18279;Vierzon;;;2.095291;47.21939
18279_0990_00051;51;;Rue Danielle Casanova;18100;18279;Vierzon;;;2.074526;47.212984
18279_a070_00017;17;;Residence des Bruyeres;18100;18279;Vierzon;;;2.065249;47.205447
18279_1020_00001;1;;Rue Descartes;18100;18279;Vierzon;;;2.081167;47.217947
18279_2189_00019_a;19;a;Rue Marcel Paul;18100;18279;Vierzon;;;2.0914;47.233978
18279_0512_00020;20;;Route de Bonègue;18100;18279;Vierzon;;;2.072842;47.23984
18279_2508_00001;1;;Chemin des Paincourts;18100;18279;Vierzon;;;2.01622;47.216572
18279_2485_00025;25;;Rue du 11 Novembre 1918;18100;18279;Vierzon;;;2.064925;47.22167
18279_2795_00078_a;78;a;Rue des Ponts;18100;18279;Vierzon;;;2.066254;47.21848
18279_1290_00124_a;124;a;Rue Félix Pyat;18100;18279;Vierzon;;;2.091155;47.228253
18279_3091_00001;1;;Chemin des Tailles;18100;18279;Vierzon;;;2.05812;47.237594
18279_0290_00012;12;;Rue Barbès;18100;18279;Vierzon;;;2.051989;47.233601
18279_3073_00026_x;26;x;Rue de la Société Française;18100;18279;Vierzon;;;2.056234;47.225793
18279_0025_00008;8;;Passage de l’Abricot;18100;18279;Vierzon;;;2.054421;47.22029
18279_3060_00017_b;17;b;Rue du Sergent Bobillot;18100;18279;Vierzon;;;2.047616;47.228688
18279_1230_00119;119;;Rue Etienne Marcel;18100;18279;Vierzon;;;2.106324;47.215628
18279_3280_00104;104;;Rue de Villeneuve;18100;18279;Vierzon;;;2.068852;47.206999
18279_1460_00023;23;;Rue Garibaldi;18100;18279;Vierzon;;;2.05762;47.222372
18279_1150_00043;43;;Rue Emile Bouleau;18100;18279;Vierzon;;;2.067825;47.217709
18279_0400_00002;2;;Rue des Berlurettes;18100;18279;Vierzon;;;2.06164;47.235353
18279_0387_00006;6;;Passage des Bergeries;18100;18279;Vierzon;;;2.05091;47.224724
18279_0740_00015;15;;Rue Charles Hurvoy;18100;18279;Vierzon;;;2.069477;47.227456
18279_1128_00023_a;23;a;Avenue Edouard Vaillant;18100;18279;Vierzon;;;2.061276;47.23105
18279_2058_00068;68;;Rue Léo Mérigot;18100;18279;Vierzon;;;2.052922;47.227237
18279_1700_00019;19;;Rue Gustave Flourens;18100;18279;Vierzon;;;2.05564;47.23098
18279_1877_00019;19;;Avenue Jean Jaurès;18100;18279;Vierzon;;;2.047193;47.230496
18279_0350_00026;26;;Rue Beau Site;18100;18279;Vierzon;;;2.072403;47.211574
18279_a070_00029;29;;Residence des Bruyeres;18100;18279;Vierzon;;;2.065648;47.206111
18279_0275_00003;3;;Rue Bara;18100;18279;Vierzon;;;2.045608;47.231856
18279_2300_00018;18;;Rue Michelet;18100;18279;Vierzon;;;2.07328;47.21733
18279_0100_00033;33;;Rue André Guillemain;18100;18279;Vierzon;;;2.081167;47.214741
18279_0290_00087;87;;Rue Barbès;18100;18279;Vierzon;;;2.05739;47.236668
18279_2560_00046;46;;Rue Pasteur;18100;18279;Vierzon;;;2.088874;47.219555
18279_p07zqe_00069;69;;Chemin du Pre d’Anet;18100;18279;Vierzon;;;2.081628;47.21835
18279_1732_00060;60;;Square Henriette Dumuin;18100;18279;Vierzon;;;2.07996;47.201891
18279_0275_00006;6;;Rue Bara;18100;18279;Vierzon;;;2.045472;47.23206
18279_2605_00025;25;;Ruelle du Pavillon;18100;18279;Vierzon;;;2.070507;47.225146
18279_1120_00015;15;;Rue Edouard Branly;18100;18279;Vierzon;;;2.104561;47.217566
18279_2065_00006_a;6;a;Passage Leveque;18100;18279;Vierzon;;;2.052294;47.228524
18279_1700_00026;26;;Rue Gustave Flourens;18100;18279;Vierzon;;;2.055912;47.230982
18279_3052_00024;24;;Route de Saint Lazare;18100;18279;Vierzon;;;2.096715;47.207882
18279_1870_00079_ter;79;ter;Rue Jean Jacques Rousseau;18100;18279;Vierzon;;;2.077541;47.217687
18279_2750_00007;7;;Rue des Pillots;18100;18279;Vierzon;;;2.055659;47.213838
18279_2648_00037;37;;Chemin de la Petite Noue;18100;18279;Vierzon;;;2.066297;47.204047
18279_1070_00010;10;;Rue des Donneaux;18100;18279;Vierzon;;;2.044852;47.226783
18279_2210_00007;7;;Place du Maréchal Foch;18100;18279;Vierzon;;;2.067869;47.222876
18279_2610_00007;7;;Chemin des Pelles;18100;18279;Vierzon;;;2.045248;47.224122
18279_1870_00109_a;109;a;Rue Jean Jacques Rousseau;18100;18279;Vierzon;;;2.084885;47.216072
18279_0310_00053;53;;Rue du Bas de Grange;18100;18279;Vierzon;;;2.054186;47.224667
18279_1128_00108_t;108;t;Avenue Edouard Vaillant;18100;18279;Vierzon;;;2.060273;47.23811
18279_2430_00024;24;;Rue Urbain Nègre;18100;18279;Vierzon;;;2.080298;47.228302
18279_3160_00008;8;;Rue du Val Fleury;18100;18279;Vierzon;;;2.070697;47.21221
18279_2720_00010;10;;Rue Pierre Dupont;18100;18279;Vierzon;;;2.046887;47.235047
18279_1370_00004;4;;Rue Fourier;18100;18279;Vierzon;;;2.060303;47.229853
18279_0420_00010_a;10;a;Rue de la Bidauderie;18100;18279;Vierzon;;;2.079214;47.234413
18279_1250_00110;110;;Rue Eugène Pottier;18100;18279;Vierzon;;;2.098275;47.225328
18279_2714_00026;26;;Allée Pierre de Coubertin;18100;18279;Vierzon;;;2.077213;47.208621
18279_1950_00002;2;;Avenue du Jonc;18100;18279;Vierzon;;;2.063151;47.210593
18279_1155_00030;30;;Rue Emile Desforges;18100;18279;Vierzon;;;2.083385;47.227731
18279_0195_00038;38;;Rue Arthur Rimbaud;18100;18279;Vierzon;;;2.083763;47.202241
18279_1365_00007;7;;Chemin de Fougery;18100;18279;Vierzon;;;2.069902;47.227839
18279_3165_00002;2;;Chemin des Vallees;18100;18279;Vierzon;;;2.0424;47.225036
18279_0080_00023;23;;Rue Anatole France;18100;18279;Vierzon;;;2.059275;47.220971
18279_1549_00028;28;;Chemin de la Giraudiere;18100;18279;Vierzon;;;2.028593;47.236784
18279_0542_00030;30;;Rue du Bourdoiseau;18100;18279;Vierzon;;;2.063097;47.232466
18279_1630_00007;7;;Impasse du Grelet;18100;18279;Vierzon;;;2.050483;47.231152
18279_1720_01035;1035;;Rue Henri Barbusse;18100;18279;Vierzon;;;2.06513;47.233471
18279_0450_00004;4;;Rue Blanche Baron;18100;18279;Vierzon;;;2.065555;47.222483
18279_1698_00003;3;;Passage Flourens;18100;18279;Vierzon;;;2.054582;47.230715
18279_2750_00050;50;;Rue des Pillots;18100;18279;Vierzon;;;2.0507;47.214009
18279_a140_00004;4;;Résidence des Coumelins;18100;18279;Vierzon;;;2.099196;47.221881
18279_0352_00001;1;;Rue Beethoven;18100;18279;Vierzon;;;2.078211;47.235177
18279_2650_00037_a;37;a;Rue de la Petite Noue;18100;18279;Vierzon;;;2.0665;47.204036
18279_2502_00003;3;;Rue Pablo Neruda;18100;18279;Vierzon;;;2.082752;47.226004
18279_0866_00044_a;44;a;Avenue du Colonel Manhes;18100;18279;Vierzon;;;2.082404;47.223343
18279_1144_00032;32;;Rue Elsa Triolet;18100;18279;Vierzon;;;2.085437;47.230211
18279_3305_00001;1;;Rue de Wittelsheim;18100;18279;Vierzon;;;2.071967;47.223164
18279_0310_00069;69;;Rue du Bas de Grange;18100;18279;Vierzon;;;2.05224;47.224907
18279_0370_00094_b;94;b;Route de Bellon;18100;18279;Vierzon;;;2.079269;47.209445
18279_2625_00011;11;;Chemin du Perdrier;18100;18279;Vierzon;;;2.096665;47.22408
18279_2795_00010;10;;Rue des Ponts;18100;18279;Vierzon;;;2.067176;47.220064
18279_0465_00022;22;;Route du Bois Blanc;18100;18279;Vierzon;;;2.113266;47.202565
18279_66j5mf_00027;27;;Chemin des Noues;18100;18279;Vierzon;;;2.044014;47.210984
18279_3160_00042;42;;Rue du Val Fleury;18100;18279;Vierzon;;;2.06933;47.209755
18279_2720_00017;17;;Rue Pierre Dupont;18100;18279;Vierzon;;;2.046574;47.235299
18279_0080_00034;34;;Rue Anatole France;18100;18279;Vierzon;;;2.05776;47.221403
18279_a070_00027;27;;Residence des Bruyeres;18100;18279;Vierzon;;;2.065487;47.206028
18279_1065_00017;17;;Cour des Donneaux;18100;18279;Vierzon;;;2.044168;47.227463
18279_2370_00002;2;;Rue de la Montagne;18100;18279;Vierzon;;;2.073219;47.221796
18279_0420_00010;10;;Rue de la Bidauderie;18100;18279;Vierzon;;;2.079012;47.234366
18279_2220_00037;37;;Rue du Maréchal Joffre;18100;18279;Vierzon;;;2.069808;47.223036
18279_1530_00044;44;;Rue Georges Clémenceau;18100;18279;Vierzon;;;2.054839;47.215964
18279_1290_00075;75;;Rue Félix Pyat;18100;18279;Vierzon;;;2.085434;47.227517
18279_2870_00139_d;139;d;Route de Puits Berteau;18100;18279;Vierzon;;;2.066816;47.237446
18279_2870_00080;80;;Route de Puits Berteau;18100;18279;Vierzon;;;2.075118;47.236703
18279_1290_00150;150;;Rue Félix Pyat;18100;18279;Vierzon;;;2.093682;47.228112
18279_2155_00015;15;;Avenue du 8 Mai 1945;18100;18279;Vierzon;;;2.076303;47.227757
18279_2750_00015;15;;Rue des Pillots;18100;18279;Vierzon;;;2.054532;47.21377
18279_0942_00002;2;;Impasse de la Craillo;18100;18279;Vierzon;;;2.06896;47.237766
18279_2030_00016;16;;Rue Lavoisier;18100;18279;Vierzon;;;2.06759;47.227202
18279_2945_00008_a;8;a;Rue de Rendsburg;18100;18279;Vierzon;;;2.085811;47.200607
18279_0390_00020;20;;Passage des Bergeries Ouest;18100;18279;Vierzon;;;2.050177;47.224292
18279_1170_00015_bis;15;bis;Rue des Epinettes;18100;18279;Vierzon;;;2.069587;47.225939
18279_a120_00022;22;;Résidence le Clos de la Minée;18100;18279;Vierzon;;;2.066282;47.236867
18279_0845_00001;1;;Impasse du Clos du Roy;18100;18279;Vierzon;;;2.073603;47.222332
18279_0310_00056;56;;Rue du Bas de Grange;18100;18279;Vierzon;;;2.049414;47.225318
18279_1580_00001;1;;Rue du Grand Clement;18100;18279;Vierzon;;;2.071535;47.227381
18279_1060_00020;20;;Rue du Docteur Lobligeois;18100;18279;Vierzon;;;2.057979;47.217118
18279_3210_00059;59;;Rue Victor Hugo;18100;18279;Vierzon;;;2.064674;47.223808
18279_1770_00018;18;;Rue Honoré de Balzac;18100;18279;Vierzon;;;2.065015;47.212145
18279_0310_00016_m;16;m;Rue du Bas de Grange;18100;18279;Vierzon;;;2.055157;47.224451
18279_2290_00012;12;;Rue des Meunières;18100;18279;Vierzon;;;2.056958;47.234398
18279_1825_00006;6;;Rue Jacques Brel;18100;18279;Vierzon;;;2.078485;47.200849
18279_2085_00039;39;;Rue des Lilas;18100;18279;Vierzon;;;2.056041;47.233889
18279_0740_00022;22;;Rue Charles Hurvoy;18100;18279;Vierzon;;;2.065824;47.228366
18279_0990_00116;116;;Rue Danielle Casanova;18100;18279;Vierzon;;;2.074132;47.212764
18279_2795_00100;100;;Rue des Ponts;18100;18279;Vierzon;;;2.066032;47.218099
18279_1760_00027;27;;Rue d'Héry;18100;18279;Vierzon;;;2.071783;47.212422
18279_0836_00001;1;;Rue Claude Levi-strauss;18100;18279;Vierzon;;;2.080595;47.233353
18279_1450_00001_bis;1;bis;Rue Gambon;18100;18279;Vierzon;;;2.070784;47.227141
18279_1905_00044;44;;Rue Jean Picot;18100;18279;Vierzon;;;2.075953;47.211005
18279_0817_00039;39;;Chemin du Chevry;18100;18279;Vierzon;;;2.12075;47.215174
18279_0390_00014;14;;Passage des Bergeries Ouest;18100;18279;Vierzon;;;2.051175;47.224226
18279_a070_00051;51;;Residence des Bruyeres;18100;18279;Vierzon;;;2.065641;47.204834
18279_1160_00058;58;;Rue Emile Zola;18100;18279;Vierzon;;;2.039852;47.225619
18279_1380_00007;7;;Rue des Francs Tireurs;18100;18279;Vierzon;;;2.105443;47.217663
18279_3061_00001_bis;1;bis;Boulevard Salvador Allende;18100;18279;Vierzon;;;2.086024;47.226957
18279_2255_00017;17;;Place de la Mémoire;18100;18279;Vierzon;;;2.07984;47.199716
18279_1591_00003;3;;Chemin du Grand Orme;18100;18279;Vierzon;;;2.103449;47.229722
18279_2140_00005;5;;Impasse des Lunots;18100;18279;Vierzon;;;2.05144;47.230299
18279_2412_00009;9;;Impasse de la Nation;18100;18279;Vierzon;;;2.059176;47.21439
18279_0082_00003;3;;Petite Rue Anatole France;18100;18279;Vierzon;;;2.05256;47.220132
18279_2055_00001;1;;Rue Lénine;18100;18279;Vierzon;;;2.064656;47.232753
18279_0711_00003;3;;Chemin du Champ Chapelet;18100;18279;Vierzon;;;2.086973;47.236698
18279_0140_00004;4;;Rue Antonin Lerault;18100;18279;Vierzon;;;2.067466;47.215495
18279_1330_00006;6;;Impasse des Fontaines;18100;18279;Vierzon;;;2.06507;47.214529
18279_2594_00027;27;;Rue Paul Valery;18100;18279;Vierzon;;;2.067396;47.208462
18279_2008_00006;6;;Impasse Karl Marx;18100;18279;Vierzon;;;2.049826;47.229243
18279_1155_00046;46;;Rue Emile Desforges;18100;18279;Vierzon;;;2.085243;47.228987
18279_2795_00070_e;70;e;Rue des Ponts;18100;18279;Vierzon;;;2.066652;47.218672
18279_0290_00058;58;;Rue Barbès;18100;18279;Vierzon;;;2.056505;47.235922
18279_1472_00004;4;;Rue Gaston Monmousseau;18100;18279;Vierzon;;;2.062211;47.203922
18279_0590_00020;20;;Rue Camille Desmoulins;18100;18279;Vierzon;;;2.061961;47.220927
18279_2070_00011;11;;Boulevard de la Liberté;18100;18279;Vierzon;;;2.068225;47.226475
18279_0445_00031;31;;Chemin Blanc;18100;18279;Vierzon;;;2.056881;47.206181
18279_0978_00008_a;8;a;Passage du Crot à Foulon;18100;18279;Vierzon;;;2.063447;47.230063
18279_2080_00072;72;;Route de la Loeuf;18100;18279;Vierzon;;;2.032239;47.21578
18279_a120_00004;4;;Résidence le Clos de la Minée;18100;18279;Vierzon;;;2.066077;47.236516
18279_1980_00010;10;;Rue Jules Guesde;18100;18279;Vierzon;;;2.049303;47.22752
18279_0600_00022;22;;Petite Rue du Camp;18100;18279;Vierzon;;;2.066358;47.206844
18279_0730_00022;22;;Rue Charles Gibault;18100;18279;Vierzon;;;2.082976;47.217047
18279_0158_00002;2;;Impasse Armand Bazile;18100;18279;Vierzon;;;2.07756;47.216239
18279_0215_00015_b;15;b;Passage de l’Aubepine;18100;18279;Vierzon;;;2.04704;47.231961
18279_2594_00014;14;;Rue Paul Valery;18100;18279;Vierzon;;;2.067024;47.208458
18279_2500_00019;19;;Rue des Ormes;18100;18279;Vierzon;;;2.077568;47.232296
18279_3280_00025;25;;Rue de Villeneuve;18100;18279;Vierzon;;;2.072091;47.212098
18279_3047_00067;67;;Rue Saint Exupéry;18100;18279;Vierzon;;;2.067666;47.202388
18279_1210_00032;32;;Rue Etienne Desroches;18100;18279;Vierzon;;;2.102694;47.220132
18279_1549_00019;19;;Chemin de la Giraudiere;18100;18279;Vierzon;;;2.028234;47.236628
18279_3053_00008;8;;Impasse Saint Leonard;18100;18279;Vierzon;;;2.066997;47.214621
18279_0258_00002;2;;Impasse Babeuf;18100;18279;Vierzon;;;2.042413;47.233313
18279_2870_00085;85;;Route de Puits Berteau;18100;18279;Vierzon;;;2.072848;47.23704
18279_2714_00012;12;;Allée Pierre de Coubertin;18100;18279;Vierzon;;;2.076848;47.209845
18279_0800_00029_b;29;b;Quai du Cher;18100;18279;Vierzon;;;2.062722;47.216311
18279_3048_00040;40;;Route de Saint Laurent;18100;18279;Vierzon;;;2.120601;47.219631
18279_1510_00057;57;;Grande Rue de la Genette;18100;18279;Vierzon;;;2.05315;47.216382
18279_0160_00012;12;;Rue Armand Bazile;18100;18279;Vierzon;;;2.071379;47.217662
18279_0201_00024;24;;Chemin des Assis;18100;18279;Vierzon;;;2.019967;47.23628
18279_1770_00009;9;;Rue Honoré de Balzac;18100;18279;Vierzon;;;2.065532;47.212835
18279_3vyj15_00018;18;;Clos de la Minee;18100;18279;Vierzon;;;2.066392;47.2372
18279_1230_00081;81;;Rue Etienne Marcel;18100;18279;Vierzon;;;2.101867;47.216957
18279_0350_00037;37;;Rue Beau Site;18100;18279;Vierzon;;;2.072442;47.210871
18279_2058_00062;62;;Rue Léo Mérigot;18100;18279;Vierzon;;;2.052554;47.227476
18279_2501_00029;29;;Rue Pablo Casals;18100;18279;Vierzon;;;2.082712;47.200475
18279_2743_00001;1;;Rue Pierre et Jean Serpaud;18100;18279;Vierzon;;;2.087805;47.241452
18279_2070_00004;4;;Boulevard de la Liberté;18100;18279;Vierzon;;;2.067943;47.226376
18279_1877_00032_b;32;b;Avenue Jean Jaurès;18100;18279;Vierzon;;;2.046725;47.230719
18279_2189_00003;3;;Rue Marcel Paul;18100;18279;Vierzon;;;2.087993;47.234458
18279_3052_00013;13;;Route de Saint Lazare;18100;18279;Vierzon;;;2.097038;47.208055
18279_2155_00023;23;;Avenue du 8 Mai 1945;18100;18279;Vierzon;;;2.077334;47.22857
18279_671bao_00022_b;22;b;avenue maréchal philippe leclerc de hauteclocque;18100;18279;Vierzon;;;2.055849;47.209711
18279_3210_00025;25;;Rue Victor Hugo;18100;18279;Vierzon;;;2.066422;47.223322
18279_1875_00003;3;;Rue Jean Giono;18100;18279;Vierzon;;;2.078282;47.209711
18279_1750_00008;8;;Rue Henri Sellier;18100;18279;Vierzon;;;2.05445;47.217823
18279_2605_00005;5;;Ruelle du Pavillon;18100;18279;Vierzon;;;2.07089;47.224613
18279_1391_00012;12;;Rue de la Fringale;18100;18279;Vierzon;;;2.040349;47.233201
18279_0160_00089_bis;89;bis;Rue Armand Bazile;18100;18279;Vierzon;;;2.080094;47.21518
18279_2850_00040;40;;Rue Proudhon;18100;18279;Vierzon;;;2.047964;47.233682
18279_1910_00003;3;;Rue Jean Racine;18100;18279;Vierzon;;;2.046517;47.233176
18279_3076_00007;7;;Route des Souchènes;18100;18279;Vierzon;;;2.036574;47.213466
18279_2560_00019;19;;Rue Pasteur;18100;18279;Vierzon;;;2.085761;47.219843
18279_3280_00097;97;;Rue de Villeneuve;18100;18279;Vierzon;;;2.069638;47.207643
18279_2980_00014;14;;Rue Riparia;18100;18279;Vierzon;;;2.060192;47.213806
18279_2105_00010;10;;Petite Rue des Longueraies;18100;18279;Vierzon;;;2.058796;47.236497
18279_2300_00008;8;;Rue Michelet;18100;18279;Vierzon;;;2.073458;47.217869
18279_2610_00029;29;;Chemin des Pelles;18100;18279;Vierzon;;;2.042467;47.223482
18279_2260_00011;11;;Route de Méreau;18100;18279;Vierzon;;;2.062322;47.208995
18279_1365_00037_c;37;c;Chemin de Fougery;18100;18279;Vierzon;;;2.069751;47.230102
18279_2870_00092;92;;Route de Puits Berteau;18100;18279;Vierzon;;;2.074093;47.236893
18279_2910_00025;25;;Avenue du 14 Juillet;18100;18279;Vierzon;;;2.063659;47.214873
18279_3137_00021;21;;Rue du Travail;18100;18279;Vierzon;;;2.043993;47.232638
18279_0075_00005;5;;Rue Ambroise Croizat;18100;18279;Vierzon;;;2.070133;47.235172
18279_0170_00018_bis;18;bis;Rue Armand Brunet;18100;18279;Vierzon;;;2.068921;47.222052
18279_2850_00039;39;;Rue Proudhon;18100;18279;Vierzon;;;2.048044;47.234033
18279_3222_00008;8;;Impasse de Vieilfond;18100;18279;Vierzon;;;2.066128;47.239667
18279_0980_00023;23;;Rue du Crot à Foulon;18100;18279;Vierzon;;;2.063054;47.230713
18279_2290_00010;10;;Rue des Meunières;18100;18279;Vierzon;;;2.057139;47.234349
18279_1825_00011;11;;Rue Jacques Brel;18100;18279;Vierzon;;;2.079034;47.200517
18279_3150_00011;11;;Place Vaillant Couturier;18100;18279;Vierzon;;;2.070243;47.223213
18279_1520_00036;36;;Rue George Sand;18100;18279;Vierzon;;;2.066601;47.22784
18279_2870_00200;200;;Route de Puits Berteau;18100;18279;Vierzon;;;2.06155;47.24009
18279_1732_00024;24;;Square Henriette Dumuin;18100;18279;Vierzon;;;2.078034;47.202606
18279_2720_00014;14;;Rue Pierre Dupont;18100;18279;Vierzon;;;2.046567;47.235207
18279_0740_00021;21;;Rue Charles Hurvoy;18100;18279;Vierzon;;;2.069017;47.227549
18279_1870_00095;95;;Rue Jean Jacques Rousseau;18100;18279;Vierzon;;;2.080623;47.216918
18279_2928_00007;7;;Impasse Raspail;18100;18279;Vierzon;;;2.075474;47.224159
18279_0951_00036;36;;Chemin des Grandes Crêles;18100;18279;Vierzon;;;2.069962;47.202036
18279_0140_00031;31;;Rue Antonin Lerault;18100;18279;Vierzon;;;2.068788;47.214534
18279_0042_00015_a;15;a;Chemin des Ajoncs;18100;18279;Vierzon;;;2.081837;47.2378
18279_0963_00007_a;7;a;Route de la Croix;18100;18279;Vierzon;;;2.105413;47.229629
18279_2795_00006_a;6;a;Rue des Ponts;18100;18279;Vierzon;;;2.067251;47.220181
18279_0080_00105;105;;Rue Anatole France;18100;18279;Vierzon;;;2.050163;47.222559
18279_1320_00051;51;;Route de Foëcy;18100;18279;Vierzon;;;2.106393;47.20734
18279_0710_00018;18;;Rue du Champanet;18100;18279;Vierzon;;;2.064026;47.22031
18279_2770_00046;46;;Rue de la Plaisance;18100;18279;Vierzon;;;2.094662;47.221067
18279_0890_00044;44;;Rue de la Convention;18100;18279;Vierzon;;;2.103985;47.219896
18279_0925_00010;10;;La Cour d’En Haut;18100;18279;Vierzon;;;2.033237;47.20813
18279_0075_00016;16;;Rue Ambroise Croizat;18100;18279;Vierzon;;;2.069494;47.236116
18279_1290_00123;123;;Rue Félix Pyat;18100;18279;Vierzon;;;2.090007;47.228677
18279_0370_00032;32;;Route de Bellon;18100;18279;Vierzon;;;2.07341;47.213447
18279_0110_00051;51;;Rue André Hènault;18100;18279;Vierzon;;;2.059709;47.215435
18279_0350_00079;79;;Rue Beau Site;18100;18279;Vierzon;;;2.070791;47.207879
18279_1732_00078;78;;Square Henriette Dumuin;18100;18279;Vierzon;;;2.080238;47.20234
18279_1230_00101;101;;Rue Etienne Marcel;18100;18279;Vierzon;;;2.104076;47.21639
18279_3302_01285;1285;;Rue de la Voûte;18100;18279;Vierzon;;;2.058153;47.230049
18279_0740_00023;23;;Rue Charles Hurvoy;18100;18279;Vierzon;;;2.068895;47.227576
18279_1830_00030;30;;Rue Jacques Decour;18100;18279;Vierzon;;;2.08841;47.229979
18279_3052_00035;35;;Route de Saint Lazare;18100;18279;Vierzon;;;2.097631;47.200143
18279_1930_00002;2;;Rue de Jérusalem;18100;18279;Vierzon;;;2.066096;47.218019
18279_1511_00003;3;;Place de la Genette;18100;18279;Vierzon;;;2.060119;47.216663
18279_2590_00007;7;;Rue Paul Lafargue;18100;18279;Vierzon;;;2.071083;47.222275
18279_1535_00092;92;;Rue Georges Fauconnier;18100;18279;Vierzon;;;2.067049;47.238818
18279_1870_00047;47;;Rue Jean Jacques Rousseau;18100;18279;Vierzon;;;2.073181;47.218486
18279_2155_00010;10;;Avenue du 8 Mai 1945;18100;18279;Vierzon;;;2.07618;47.227494
18279_0866_00020;20;;Avenue du Colonel Manhes;18100;18279;Vierzon;;;2.079129;47.223395
18279_1062_00013;13;;Rue du Docteur Pierre Roux;18100;18279;Vierzon;;;2.069652;47.224146
18279_1155_00026;26;;Rue Emile Desforges;18100;18279;Vierzon;;;2.083153;47.227533
18279_1375_00011;11;;Rue France Bloch-sérazin;18100;18279;Vierzon;;;2.078005;47.206685
18279_0160_00041_bis;41;bis;Rue Armand Bazile;18100;18279;Vierzon;;;2.073976;47.216887
18279_1320_00040;40;;Route de Foëcy;18100;18279;Vierzon;;;2.104138;47.208431
18279_0201_00012;12;;Chemin des Assis;18100;18279;Vierzon;;;2.022064;47.235178
18279_0370_00151;151;;Route de Bellon;18100;18279;Vierzon;;;2.082;47.201602
18279_3160_00049;49;;Rue du Val Fleury;18100;18279;Vierzon;;;2.06936;47.209078
18279_2870_00191;191;;Route de Puits Berteau;18100;18279;Vierzon;;;2.061421;47.239982
18279_2870_00107;107;;Route de Puits Berteau;18100;18279;Vierzon;;;2.070185;47.237534
18279_0275_00004_b;4;b;Rue Bara;18100;18279;Vierzon;;;2.045476;47.231417
18279_a210_00006;6;;Residence de la Foret;18100;18279;Vierzon;;;2.063622;47.23864
18279_2155_00030;30;;Avenue du 8 Mai 1945;18100;18279;Vierzon;;;2.076887;47.228058
18279_2583_00005;5;;Rue Paul Eluard;18100;18279;Vierzon;;;2.082941;47.20195
18279_0640_01375;1375;;Rue Casimir Lecomte;18100;18279;Vierzon;;;2.064159;47.22748
18279_0100_00034_a;34;a;Rue André Guillemain;18100;18279;Vierzon;;;2.081212;47.215064
18279_2910_00025_ter;25;ter;Avenue du 14 Juillet;18100;18279;Vierzon;;;2.064423;47.214787
18279_0650_00006;6;;Rue du Cavalier;18100;18279;Vierzon;;;2.062774;47.226762
18279_0545_00045;45;;Route de Bourges;18100;18279;Vierzon;;;2.117752;47.214736
18279_1170_00014_bis;14;bis;Rue des Epinettes;18100;18279;Vierzon;;;2.068909;47.225296
18279_1500_00025;25;;Rue Gay Lussac;18100;18279;Vierzon;;;2.078128;47.224797
18279_1065_00019;19;;Cour des Donneaux;18100;18279;Vierzon;;;2.043751;47.22763
18279_0500_00021;21;;Rue Boitard;18100;18279;Vierzon;;;2.070924;47.214646
18279_1060_00010;10;;Rue du Docteur Lobligeois;18100;18279;Vierzon;;;2.059172;47.216836
18279_1160_00020;20;;Rue Emile Zola;18100;18279;Vierzon;;;2.044877;47.22479
18279_2309_01450;1450;;Chemin des Millards;18100;18279;Vierzon;;;2.105674;47.23398
18279_1825_00058;58;;Rue Jacques Brel;18100;18279;Vierzon;;;2.083172;47.198956
18279_1375_00024;24;;Rue France Bloch-sérazin;18100;18279;Vierzon;;;2.077295;47.206425
18279_2594_00031;31;;Rue Paul Valery;18100;18279;Vierzon;;;2.067256;47.208119
18279_2770_00021;21;;Rue de la Plaisance;18100;18279;Vierzon;;;2.09255;47.22018
18279_2040_00022;22;;Avenue Mal Philippe Leclerc de Ha;18100;18279;Vierzon;;;2.056218;47.209193
18279_1290_00037_a;37;a;Rue Félix Pyat;18100;18279;Vierzon;;;2.082219;47.22922
18279_2700_00016;16;;Rue Pierre Curie;18100;18279;Vierzon;;;2.056637;47.216767
18279_2750_00052;52;;Rue des Pillots;18100;18279;Vierzon;;;2.050452;47.214021
18279_2950_00052;52;;Avenue de la République;18100;18279;Vierzon;;;2.063374;47.224259
18279_3310_00014;14;;Quai d'Yèvre;18100;18279;Vierzon;;;2.063705;47.219156
18279_2200_00016_d;16;d;Rue Marcel Sembat;18100;18279;Vierzon;;;2.052736;47.229026
18279_3300_00003;3;;Rue Voltaire;18100;18279;Vierzon;;;2.067733;47.221412
18279_1128_00097;97;;Avenue Edouard Vaillant;18100;18279;Vierzon;;;2.061034;47.237276
18279_a210_00009;9;;Residence de la Foret;18100;18279;Vierzon;;;2.064431;47.238519
18279_1185_00001;1;;Rue des Etablissements Merlin;18100;18279;Vierzon;;;2.083674;47.23258
18279_0712_00013;13;;Rue du Champ Commun;18100;18279;Vierzon;;;2.068195;47.219676
18279_1290_00183;183;;Rue Félix Pyat;18100;18279;Vierzon;;;2.095369;47.228655
18279_1128_00015_b;15;b;Avenue Edouard Vaillant;18100;18279;Vierzon;;;2.061716;47.230285
18279_1536_00042;42;;Rue Georges Politzer;18100;18279;Vierzon;;;2.078048;47.203823
18279_0400_00013;13;;Rue des Berlurettes;18100;18279;Vierzon;;;2.06254;47.235932
18279_a255_00001;1;;Residence d’Hery;18100;18279;Vierzon;;;2.074062;47.208524
18279_0740_00010;10;;Rue Charles Hurvoy;18100;18279;Vierzon;;;2.068333;47.227616
18279_0968_00014_d;14;d;Impasse de la Croix Moreau;18100;18279;Vierzon;;;2.031538;47.226505
18279_2520_00032;32;;Rue du Panorama;18100;18279;Vierzon;;;2.069246;47.210649
18279_2502_00017;17;;Rue Pablo Neruda;18100;18279;Vierzon;;;2.083169;47.226571
18279_1300_00025;25;;Rue Fernand Léger;18100;18279;Vierzon;;;2.086111;47.228293
18279_2560_00033;33;;Rue Pasteur;18100;18279;Vierzon;;;2.087543;47.219691
18279_1170_00011;11;;Rue des Epinettes;18100;18279;Vierzon;;;2.068385;47.224681
18279_0541_00006;6;;Passage du Bourdoiseau;18100;18279;Vierzon;;;2.063126;47.235136
18279_2750_00039;39;;Rue des Pillots;18100;18279;Vierzon;;;2.051106;47.21391
18279_1220_00009;9;;Rue Etienne Dolet;18100;18279;Vierzon;;;2.102248;47.214783
18279_0080_00001;1;;Rue Anatole France;18100;18279;Vierzon;;;2.060699;47.220928
18279_1490_00010;10;;Chemin des Gaudrets;18100;18279;Vierzon;;;2.089001;47.221588
18279_0963_00058;58;;Route de la Croix;18100;18279;Vierzon;;;2.108495;47.228864
18279_1250_00150;150;;Rue Eugène Pottier;18100;18279;Vierzon;;;2.097246;47.228183
18279_1290_00135;135;;Rue Félix Pyat;18100;18279;Vierzon;;;2.090351;47.228673
18279_1830_00053;53;;Rue Jacques Decour;18100;18279;Vierzon;;;2.088102;47.229426
18279_0497_00036;36;;Chemin de Bois Marteau;18100;18279;Vierzon;;;2.05473;47.241291
18279_0890_00137;137;;Rue de la Convention;18100;18279;Vierzon;;;2.109657;47.224875
18279_2930_00009_f;9;f;Rue Raspail;18100;18279;Vierzon;;;2.072834;47.22414
18279_2870_00139;139;;Route de Puits Berteau;18100;18279;Vierzon;;;2.067367;47.237617
18279_2100_00055;55;;Rue des Longueraies;18100;18279;Vierzon;;;2.058458;47.234555
18279_1010_00014;14;;Rue Denis Papin;18100;18279;Vierzon;;;2.05581;47.230105
18279_0740_00006;6;;Rue Charles Hurvoy;18100;18279;Vierzon;;;2.06872;47.227529
18279_1128_00050;50;;Avenue Edouard Vaillant;18100;18279;Vierzon;;;2.060911;47.233035
18279_3073_00021;21;;Rue de la Société Française;18100;18279;Vierzon;;;2.058425;47.225453
18279_2025_00063;63;;avenue maréchal jean de lattre de tassigny;18100;18279;Vierzon;;;2.072996;47.204623
18279_1280_00048;48;;Rue de Fay;18100;18279;Vierzon;;;2.049745;47.238545
18279_1370_00005;5;;Rue Fourier;18100;18279;Vierzon;;;2.060369;47.229907
18279_2500_00006;6;;Rue des Ormes;18100;18279;Vierzon;;;2.076128;47.232447
18279_3086_00029;29;;Impasse Suzanne Masson;18100;18279;Vierzon;;;2.079356;47.204976
18279_1980_00063;63;;Rue Jules Guesde;18100;18279;Vierzon;;;2.042465;47.229291
18279_0270_00009;9;;Rue Babeuf;18100;18279;Vierzon;;;2.04641;47.233869
18279_3047_00115;115;;Rue Saint Exupéry;18100;18279;Vierzon;;;2.066812;47.199405
18279_1128_00015_e;15;e;Avenue Edouard Vaillant;18100;18279;Vierzon;;;2.061308;47.230249
18279_3271_00025;25;;Route du Village d’En Haut;18100;18279;Vierzon;;;2.112721;47.233438
18279_0710_00016;16;;Rue du Champanet;18100;18279;Vierzon;;;2.06408;47.220313
18279_1110_00013;13;;Rue Edgar Quinet;18100;18279;Vierzon;;;2.066252;47.223775
18279_1700_00037;37;;Rue Gustave Flourens;18100;18279;Vierzon;;;2.05422;47.231454
18279_0130_00012;12;;Rue Antoine Parmentier;18100;18279;Vierzon;;;2.046677;47.22919
18279_1440_00038;38;;Rue Gambetta;18100;18279;Vierzon;;;2.098963;47.219014
18279_0140_00014;14;;Rue Antonin Lerault;18100;18279;Vierzon;;;2.06844;47.215248
18279_2648_00037_a;37;a;Chemin de la Petite Noue;18100;18279;Vierzon;;;2.066297;47.204047
18279_2590_00016;16;;Rue Paul Lafargue;18100;18279;Vierzon;;;2.070893;47.222294
18279_0160_00070;70;;Rue Armand Bazile;18100;18279;Vierzon;;;2.079753;47.215361
18279_0951_00009;9;;Chemin des Grandes Crêles;18100;18279;Vierzon;;;2.070168;47.202438
18279_1500_00023;23;;Rue Gay Lussac;18100;18279;Vierzon;;;2.07766;47.224903
18279_3047_00021;21;;Rue Saint Exupéry;18100;18279;Vierzon;;;2.068393;47.204902
18279_1190_00012;12;;Quai de l’Etang;18100;18279;Vierzon;;;2.103604;47.214895
18279_2910_00018;18;;Avenue du 14 Juillet;18100;18279;Vierzon;;;2.064889;47.21524
18279_2620_00041;41;;Rue des Pentecotes;18100;18279;Vierzon;;;2.058804;47.228334
18279_3020_00002;2;;Rue de Ronvaux;18100;18279;Vierzon;;;2.054076;47.226404
18279_2690_00006;6;;Rue Pierre Calmette;18100;18279;Vierzon;;;2.063018;47.21608
18279_0435_00017;17;;Rue de Bitterfeld;18100;18279;Vierzon;;;2.084064;47.203265
18279_2993_00026;26;;Rue Roger Faletto;18100;18279;Vierzon;;;2.085668;47.199532
18279_1840_00075;75;;Rue Jean-baptiste Clément;18100;18279;Vierzon;;;2.076559;47.233079
18279_0500_00005;5;;Rue Boitard;18100;18279;Vierzon;;;2.0693;47.21504
18279_1230_00098_bis;98;bis;Rue Etienne Marcel;18100;18279;Vierzon;;;2.101491;47.216836
18279_2989_00005;5;;Rue Robert Desnos;18100;18279;Vierzon;;;2.081177;47.199914
18279_1825_00060;60;;Rue Jacques Brel;18100;18279;Vierzon;;;2.083415;47.199
18279_1065_00004;4;;Cour des Donneaux;18100;18279;Vierzon;;;2.04471;47.227425
18279_3060_00013;13;;Rue du Sergent Bobillot;18100;18279;Vierzon;;;2.047724;47.229269
18279_2501_00033;33;;Rue Pablo Casals;18100;18279;Vierzon;;;2.082526;47.200336
18279_0310_00008;8;;Rue du Bas de Grange;18100;18279;Vierzon;;;2.057497;47.224048
18279_3vyj15_00010;10;;Clos de la Minee;18100;18279;Vierzon;;;2.066329;47.236808
18279_0410_00006;6;;Rue Bernard Palissy;18100;18279;Vierzon;;;2.059751;47.225188
18279_2330_00009;9;;Rue Mirabeau;18100;18279;Vierzon;;;2.05555;47.212319
18279_1308_00003;3;;Impasse des Feuillures;18100;18279;Vierzon;;;2.064135;47.211211
18279_2750_00045;45;;Rue des Pillots;18100;18279;Vierzon;;;2.05043;47.213939
18279_0720_00004_bis;4;bis;Rue des Changes;18100;18279;Vierzon;;;2.068669;47.223379
18279_2055_00014_a;14;a;Rue Lénine;18100;18279;Vierzon;;;2.064033;47.233349
18279_1240_00072;72;;Rue Etienne Nivet;18100;18279;Vierzon;;;2.08541;47.221267
18279_1875_00002;2;;Rue Jean Giono;18100;18279;Vierzon;;;2.077828;47.209692
18279_b304_00051_c;51;c;Village au Piquet;18100;18279;Vierzon;;;2.121898;47.220841
18279_2850_00011;11;;Rue Proudhon;18100;18279;Vierzon;;;2.048662;47.23159
18279_1128_00123;123;;Avenue Edouard Vaillant;18100;18279;Vierzon;;;2.060954;47.239304
18279_0042_00001;1;;Chemin des Ajoncs;18100;18279;Vierzon;;;2.079183;47.238386
18279_0095_00034;34;;Rue André Gide;18100;18279;Vierzon;;;2.095591;47.225426
18279_0817_00003_a;3;a;Chemin du Chevry;18100;18279;Vierzon;;;2.116465;47.215821
18279_2320_00021;21;;Rue Millière;18100;18279;Vierzon;;;2.050292;47.226187
18279_1128_00032;32;;Avenue Edouard Vaillant;18100;18279;Vierzon;;;2.060973;47.231453
18279_1128_00040;40;;Avenue Edouard Vaillant;18100;18279;Vierzon;;;2.060942;47.232221
18279_1128_00030;30;;Avenue Edouard Vaillant;18100;18279;Vierzon;;;2.060977;47.231324
18279_1172_00003;3;;Passage des Epinettes;18100;18279;Vierzon;;;2.070856;47.225529
18279_2240_00006;6;;Rue Mattéoti;18100;18279;Vierzon;;;2.06177;47.214963
18279_0095_00044;44;;Rue André Gide;18100;18279;Vierzon;;;2.094659;47.22597
18279_1230_00082;82;;Rue Etienne Marcel;18100;18279;Vierzon;;;2.1005;47.216954
18279_2410_00020;20;;Boulevard de la Nation;18100;18279;Vierzon;;;2.059455;47.215593
18279_2460_00002;2;;Rue Nicolas Boileau;18100;18279;Vierzon;;;2.070452;47.221403
18279_0953_00017;17;;Chemin des Petites Crêles;18100;18279;Vierzon;;;2.077792;47.194966
18279_3202_00025;25;;Avenue de Verdun;18100;18279;Vierzon;;;2.072786;47.225419
18279_0495_00006;6;;Chemin des Grands Bois;18100;18279;Vierzon;;;2.051689;47.236447
18279_1780_00005;5;;Passage de l’Hospice;18100;18279;Vierzon;;;2.052945;47.226552
18279_0712_00010;10;;Rue du Champ Commun;18100;18279;Vierzon;;;2.06828;47.219757
18279_1290_00008;8;;Rue Félix Pyat;18100;18279;Vierzon;;;2.080572;47.230031
18279_1072_01240;1240;;Petite Rue des Donneaux;18100;18279;Vierzon;;;2.046232;47.226991
18279_0726_00003;3;;Rue Baudelaire;18100;18279;Vierzon;;;2.083045;47.198538
18279_0100_00001;1;;Rue André Guillemain;18100;18279;Vierzon;;;2.082659;47.217646
18279_2625_00031;31;;Chemin du Perdrier;18100;18279;Vierzon;;;2.09524;47.227472
18279_1370_00011;11;;Rue Fourier;18100;18279;Vierzon;;;2.059941;47.230103
18279_0495_00018;18;;Chemin des Grands Bois;18100;18279;Vierzon;;;2.052712;47.237337
18279_1520_00018;18;;Rue George Sand;18100;18279;Vierzon;;;2.06677;47.225663
18279_2688_00062;62;;Rue Pierre Brossolette;18100;18279;Vierzon;;;2.07428;47.204489
18279_2040_00021;21;;Avenue Mal Philippe Leclerc de Ha;18100;18279;Vierzon;;;2.056112;47.208973
18279_0270_00050;50;;Rue Babeuf;18100;18279;Vierzon;;;2.042606;47.233255
18279_1560_00026_ter;26;ter;Rue Gourdon;18100;18279;Vierzon;;;2.065298;47.224513
18279_1877_00055;55;;Avenue Jean Jaurès;18100;18279;Vierzon;;;2.043805;47.231093
18279_3135_00018;18;;Rue des Tramways de l'Indre;18100;18279;Vierzon;;;2.058708;47.213896
18279_3202_00005;5;;Avenue de Verdun;18100;18279;Vierzon;;;2.072134;47.224453
18279_2405_00019;19;;Rue Mozart;18100;18279;Vierzon;;;2.078679;47.231913
18279_0980_00025;25;;Rue du Crot à Foulon;18100;18279;Vierzon;;;2.062974;47.230784
18279_2260_00026;26;;Route de Méreau;18100;18279;Vierzon;;;2.061775;47.208015
18279_3118_00011;11;;Chemin du Terrichon;18100;18279;Vierzon;;;2.033483;47.217739
18279_1840_00066;66;;Rue Jean-baptiste Clément;18100;18279;Vierzon;;;2.073556;47.231625
18279_1877_00036;36;;Avenue Jean Jaurès;18100;18279;Vierzon;;;2.046325;47.23082
18279_1230_00081_bis;81;bis;Rue Etienne Marcel;18100;18279;Vierzon;;;2.101911;47.217005
18279_2688_00022;22;;Rue Pierre Brossolette;18100;18279;Vierzon;;;2.076389;47.205476
18279_0545_00087;87;;Route de Bourges;18100;18279;Vierzon;;;2.125545;47.214036
18279_0395_00005;5;;Rue Henri Bergson;18100;18279;Vierzon;;;2.09475;47.224191
18279_0740_00077;77;;Rue Charles Hurvoy;18100;18279;Vierzon;;;2.062028;47.229363
18279_2190_00002_bis;2;bis;Rue Marcel Perrin;18100;18279;Vierzon;;;2.071447;47.224196
18279_0042_00006;6;;Chemin des Ajoncs;18100;18279;Vierzon;;;2.079787;47.238435
18279_a015_00006;6;;Résidence Anatole France;18100;18279;Vierzon;;;2.05681;47.222099
18279_0930_00033;33;;Rue Courbet;18100;18279;Vierzon;;;2.085485;47.228342
18279_2520_00035;35;;Rue du Panorama;18100;18279;Vierzon;;;2.069191;47.210068
18279_1825_00034;34;;Rue Jacques Brel;18100;18279;Vierzon;;;2.081103;47.199338
18279_0542_00054;54;;Rue du Bourdoiseau;18100;18279;Vierzon;;;2.062361;47.23451
18279_3073_00026_e;26;e;Rue de la Société Française;18100;18279;Vierzon;;;2.057322;47.224897
18279_0030_00065;65;;Rue de l'Abricot;18100;18279;Vierzon;;;2.053535;47.221818
18279_0075_00014;14;;Rue Ambroise Croizat;18100;18279;Vierzon;;;2.069464;47.235995
18279_2648_00011;11;;Chemin de la Petite Noue;18100;18279;Vierzon;;;2.062416;47.204474
18279_1160_00038;38;;Rue Emile Zola;18100;18279;Vierzon;;;2.04273;47.225178
18279_0545_00079;79;;Route de Bourges;18100;18279;Vierzon;;;2.123807;47.214211
18279_1870_00028;28;;Rue Jean Jacques Rousseau;18100;18279;Vierzon;;;2.074887;47.218236
18279_a255_00005;5;;Residence d’Hery;18100;18279;Vierzon;;;2.074504;47.2085
18279_3130_00007;7;;Rue Théodore Roosevelt;18100;18279;Vierzon;;;2.068616;47.223949
18279_2410_00006;6;;Boulevard de la Nation;18100;18279;Vierzon;;;2.0606;47.2163
18279_3084_00027;27;;Chemin du Stade Constant Duval;18100;18279;Vierzon;;;2.05591;47.241654
18279_1535_00054;54;;Rue Georges Fauconnier;18100;18279;Vierzon;;;2.069137;47.239416
18279_1032_00004;4;;Rue Diderot;18100;18279;Vierzon;;;2.071303;47.218403
18279_0417_00004;4;;Rue Berty Albrecht;18100;18279;Vierzon;;;2.056822;47.211732
18279_1160_00018;18;;Rue Emile Zola;18100;18279;Vierzon;;;2.045054;47.224758
18279_1990_00025;25;;Rue Jules Louis Breton;18100;18279;Vierzon;;;2.077424;47.220998
18279_2100_00025;25;;Rue des Longueraies;18100;18279;Vierzon;;;2.058189;47.232492
18279_2080_00060;60;;Route de la Loeuf;18100;18279;Vierzon;;;2.034243;47.216413
18279_1290_00195;195;;Rue Félix Pyat;18100;18279;Vierzon;;;2.096673;47.228524
18279_1775_00008;8;;Rue des Hortensias;18100;18279;Vierzon;;;2.053894;47.232645
18279_0120_00139;139;;Rue André Ribaud;18100;18279;Vierzon;;;2.075333;47.236344
18279_1500_00035;35;;Rue Gay Lussac;18100;18279;Vierzon;;;2.080381;47.226086
18279_2740_00038;38;;Avenue Pierre Sémard;18100;18279;Vierzon;;;2.057946;47.226397
18279_0310_00092;92;;Rue du Bas de Grange;18100;18279;Vierzon;;;2.0451;47.225484
18279_0370_00004;4;;Route de Bellon;18100;18279;Vierzon;;;2.069926;47.214228
18279_2980_00023;23;;Rue Riparia;18100;18279;Vierzon;;;2.059934;47.213266
18279_2125_00013;13;;Rue Louise Michel;18100;18279;Vierzon;;;2.070762;47.235703
18279_a130_00005;5;;Lotissement de la Colline;18100;18279;Vierzon;;;2.072511;47.23243
18279_2095_00009;9;;Allee des Longueraies;18100;18279;Vierzon;;;2.059674;47.233039
18279_0990_00037;37;;Rue Danielle Casanova;18100;18279;Vierzon;;;2.074142;47.212229
18279_1870_00093;93;;Rue Jean Jacques Rousseau;18100;18279;Vierzon;;;2.080373;47.21714
18279_2100_00016;16;;Rue des Longueraies;18100;18279;Vierzon;;;2.057758;47.2317
18279_1511_00001;1;;Place de la Genette;18100;18279;Vierzon;;;2.059682;47.216327
18279_2157_00016;16;;Chemin de la Maison Blanche;18100;18279;Vierzon;;;2.038114;47.224506
18279_2580_00009_a;9;a;Rue Paul Doumer;18100;18279;Vierzon;;;2.056776;47.213064
18279_2190_00046_bis;46;bis;Rue Marcel Perrin;18100;18279;Vierzon;;;2.071033;47.225943
18279_2410_00045;45;;Boulevard de la Nation;18100;18279;Vierzon;;;2.057481;47.21429
18279_3269_00020;20;;Chemin du Village d’En Haut;18100;18279;Vierzon;;;2.124462;47.241503
18279_3150_00003;3;;Place Vaillant Couturier;18100;18279;Vierzon;;;2.069807;47.223292
18279_2910_00026;26;;Avenue du 14 Juillet;18100;18279;Vierzon;;;2.064696;47.214769
18279_1230_00094;94;;Rue Etienne Marcel;18100;18279;Vierzon;;;2.101259;47.216997
18279_1142_00022;22;;Rue Elisee Reclus;18100;18279;Vierzon;;;2.082628;47.202922
18279_0290_00073;73;;Rue Barbès;18100;18279;Vierzon;;;2.056547;47.236051
18279_2870_00024;24;;Route de Puits Berteau;18100;18279;Vierzon;;;2.079009;47.233588
18279_0350_00050;50;;Rue Beau Site;18100;18279;Vierzon;;;2.071497;47.209817
18279_1640_00007_b;7;b;Rue du Grelet;18100;18279;Vierzon;;;2.050363;47.231598
18279_0568_00034;34;;Chemin du Briou;18100;18279;Vierzon;;;2.086292;47.225108
18279_1391_00026;26;;Rue de la Fringale;18100;18279;Vierzon;;;2.03951;47.233971
18279_1310_00012;12;;Rue des Feuillures;18100;18279;Vierzon;;;2.066808;47.212807
18279_0082_00010;10;;Petite Rue Anatole France;18100;18279;Vierzon;;;2.05042;47.22017
18279_0600_00032;32;;Petite Rue du Camp;18100;18279;Vierzon;;;2.06518;47.207001
18279_0866_00003_bis;3;bis;Avenue du Colonel Manhes;18100;18279;Vierzon;;;2.077724;47.224185
18279_2430_00013_bis;13;bis;Rue Urbain Nègre;18100;18279;Vierzon;;;2.080263;47.227633
18279_2190_00005;5;;Rue Marcel Perrin;18100;18279;Vierzon;;;2.071422;47.224423
18279_3137_00002;2;;Rue du Travail;18100;18279;Vierzon;;;2.041932;47.232306
18279_0030_00027;27;;Rue de l'Abricot;18100;18279;Vierzon;;;2.055592;47.220581
18279_1605_00022;22;;Chemin des Gdes Noues Fontaines;18100;18279;Vierzon;;;2.044759;47.208135
18279_0195_00034;34;;Rue Arthur Rimbaud;18100;18279;Vierzon;;;2.084072;47.201998
18279_3047_00012;12;;Rue Saint Exupéry;18100;18279;Vierzon;;;2.068463;47.205644
18279_2583_00009;9;;Rue Paul Eluard;18100;18279;Vierzon;;;2.083229;47.201754
18279_1420_00008;8;;Rue Galilée;18100;18279;Vierzon;;;2.070809;47.222213
18279_1250_00094;94;;Rue Eugène Pottier;18100;18279;Vierzon;;;2.098451;47.223855
18279_0840_00031;31;;Rue Claude Michaud;18100;18279;Vierzon;;;2.068365;47.214305
18279_0308_00003;3;;Place du Bas de Grange;18100;18279;Vierzon;;;2.048555;47.224918
18279_2330_00004;4;;Rue Mirabeau;18100;18279;Vierzon;;;2.056905;47.213675
18279_3047_00012_bis;12;bis;Rue Saint Exupéry;18100;18279;Vierzon;;;2.067601;47.205783
18279_2485_00020;20;;Rue du 11 Novembre 1918;18100;18279;Vierzon;;;2.064055;47.221825
18279_3046_00016;16;;Chemin des Sables de Saint Prié;18100;18279;Vierzon;;;2.037475;47.232166
18279_0978_00004_l;4;l;Passage du Crot à Foulon;18100;18279;Vierzon;;;2.063333;47.229751
18279_0160_00031;31;;Rue Armand Bazile;18100;18279;Vierzon;;;2.072885;47.217185
18279_1700_00084;84;;Rue Gustave Flourens;18100;18279;Vierzon;;;2.051607;47.232615
18279_0020_00056;56;;Chemin de l’Abricot;18100;18279;Vierzon;;;2.0461;47.219344
18279_0260_00008;8;;Petite Rue Babeuf;18100;18279;Vierzon;;;2.045478;47.234551
18279_1405_00008;8;;Rue Gagarine;18100;18279;Vierzon;;;2.080484;47.223757
18279_0963_00047;47;;Route de la Croix;18100;18279;Vierzon;;;2.108383;47.229302
18279_0711_00005_a;5;a;Chemin du Champ Chapelet;18100;18279;Vierzon;;;2.086743;47.236865
18279_3047_00020;20;;Rue Saint Exupéry;18100;18279;Vierzon;;;2.068282;47.205071
18279_0350_00065;65;;Rue Beau Site;18100;18279;Vierzon;;;2.071198;47.208678
18279_1285_00021;21;;Rue Federico Garcia Lorca;18100;18279;Vierzon;;;2.085533;47.199364
18279_1770_00019;19;;Rue Honoré de Balzac;18100;18279;Vierzon;;;2.06524;47.212017
18279_1840_00061_bis;61;bis;Rue Jean-baptiste Clément;18100;18279;Vierzon;;;2.074838;47.232299
18279_2795_00059;59;;Rue des Ponts;18100;18279;Vierzon;;;2.066063;47.218324
18279_0310_00071_b;71;b;Rue du Bas de Grange;18100;18279;Vierzon;;;2.0517;47.224564
18279_0600_00053;53;;Petite Rue du Camp;18100;18279;Vierzon;;;2.062516;47.207302
18279_2500_00005;5;;Rue des Ormes;18100;18279;Vierzon;;;2.076313;47.232375
18279_2290_00022;22;;Rue des Meunières;18100;18279;Vierzon;;;2.055541;47.234686
18279_2180_00013;13;;Rue Marcel Cachin;18100;18279;Vierzon;;;2.089268;47.228932
18279_1940_00012;12;;Rue Joliot Curie;18100;18279;Vierzon;;;2.073664;47.209144
18279_0030_00061;61;;Rue de l'Abricot;18100;18279;Vierzon;;;2.053522;47.221476
18279_2870_00160;160;;Route de Puits Berteau;18100;18279;Vierzon;;;2.065734;47.239001
18279_0840_00032;32;;Rue Claude Michaud;18100;18279;Vierzon;;;2.068565;47.214057
18279_2945_00023;23;;Rue de Rendsburg;18100;18279;Vierzon;;;2.08533;47.199826
18279_2485_00013;13;;Rue du 11 Novembre 1918;18100;18279;Vierzon;;;2.065849;47.221423
18279_0110_00028;28;;Rue André Hènault;18100;18279;Vierzon;;;2.061163;47.215402
18279_2993_00008;8;;Rue Roger Faletto;18100;18279;Vierzon;;;2.086928;47.200441
18279_2688_00023;23;;Rue Pierre Brossolette;18100;18279;Vierzon;;;2.077554;47.204376
18279_1840_00033;33;;Rue Jean-baptiste Clément;18100;18279;Vierzon;;;2.071448;47.230001
18279_0045_00011;11;;Route d'Ainset;18100;18279;Vierzon;;;2.077712;47.238265
18279_2220_00059;59;;Rue du Maréchal Joffre;18100;18279;Vierzon;;;2.070586;47.222905
18279_1825_00025;25;;Rue Jacques Brel;18100;18279;Vierzon;;;2.081023;47.199516
18279_1250_00106;106;;Rue Eugène Pottier;18100;18279;Vierzon;;;2.098373;47.224996
18279_2620_00067;67;;Rue des Pentecotes;18100;18279;Vierzon;;;2.058486;47.229892
18279_3047_00057;57;;Rue Saint Exupéry;18100;18279;Vierzon;;;2.067825;47.202939
18279_3150_00002;2;;Place Vaillant Couturier;18100;18279;Vierzon;;;2.069574;47.223244
18279_1128_00069;69;;Avenue Edouard Vaillant;18100;18279;Vierzon;;;2.061149;47.234507
18279_2070_00002_bis;2;bis;Boulevard de la Liberté;18100;18279;Vierzon;;;2.068469;47.226199
18279_1834_00001;1;;Rue Jacques Richard;18100;18279;Vierzon;;;2.080838;47.200472
18279_0190_00095;95;;Rue de l'Armistice;18100;18279;Vierzon;;;2.055088;47.216747
18279_671bao_00031_a;31;a;avenue maréchal philippe leclerc de hauteclocque;18100;18279;Vierzon;;;2.054342;47.208766
18279_0043_00002;2;;Place Aimé Cesaire;18100;18279;Vierzon;;;2.067124;47.221383
18279_1690_00015;15;;Route de Guérigny;18100;18279;Vierzon;;;2.134524;47.215443
18279_0310_00016_s;16;s;Rue du Bas de Grange;18100;18279;Vierzon;;;2.055012;47.224484
18279_2025_00004;4;;avenue maréchal jean de lattre de tassigny;18100;18279;Vierzon;;;2.063356;47.209455
18279_1170_00016;16;;Rue des Epinettes;18100;18279;Vierzon;;;2.068955;47.225333
18279_1870_00101;101;;Rue Jean Jacques Rousseau;18100;18279;Vierzon;;;2.081488;47.216878
18279_2330_00071;71;;Rue Mirabeau;18100;18279;Vierzon;;;2.050861;47.209358
18279_0060_00002;2;;Rue Alphonse Daudet;18100;18279;Vierzon;;;2.078513;47.216854
18279_2270_00021;21;;Rue Meunier;18100;18279;Vierzon;;;2.04477;47.229073
18279_1930_00003;3;;Rue de Jérusalem;18100;18279;Vierzon;;;2.067225;47.217697
18279_1120_00004;4;;Rue Edouard Branly;18100;18279;Vierzon;;;2.104587;47.216533
18279_2735_00021;21;;Rue Pierre Ferdonnet;18100;18279;Vierzon;;;2.090686;47.226686
18279_2320_00008;8;;Rue Millière;18100;18279;Vierzon;;;2.051121;47.225487
18279_1290_00001;1;;Rue Félix Pyat;18100;18279;Vierzon;;;2.080386;47.230679
18279_2795_00048;48;;Rue des Ponts;18100;18279;Vierzon;;;2.066677;47.21916
18279_2950_00003;3;;Avenue de la République;18100;18279;Vierzon;;;2.067555;47.22217
18279_3133_00033;33;;Route de Tours;18100;18279;Vierzon;;;2.037366;47.234019
18279_2650_00002_bis;2;bis;Rue de la Petite Noue;18100;18279;Vierzon;;;2.058272;47.208239
18279_2461_00003;3;;Rue Nicolas Copernic;18100;18279;Vierzon;;;2.083435;47.23387
18279_1070_00016;16;;Rue des Donneaux;18100;18279;Vierzon;;;2.044753;47.226373
18279_0290_00011;11;;Rue Barbès;18100;18279;Vierzon;;;2.052;47.233787
18279_2070_00014;14;;Boulevard de la Liberté;18100;18279;Vierzon;;;2.066555;47.226681
18279_cjssze_00016;16;;L’Aujonniere;18100;18279;Vierzon;;;2.089101;47.23347
18279_0270_00024;24;;Rue Babeuf;18100;18279;Vierzon;;;2.044815;47.233561
18279_0075_00035;35;;Rue Ambroise Croizat;18100;18279;Vierzon;;;2.069366;47.235902
18279_2260_00029;29;;Route de Méreau;18100;18279;Vierzon;;;2.061786;47.207693
18279_2870_00150;150;;Route de Puits Berteau;18100;18279;Vierzon;;;2.067434;47.23844
18279_2845_00008;8;;Passage Proudhon;18100;18279;Vierzon;;;2.049585;47.232582
18279_1128_00058;58;;Avenue Edouard Vaillant;18100;18279;Vierzon;;;2.060755;47.234211
18279_2100_00063;63;;Rue des Longueraies;18100;18279;Vierzon;;;2.058477;47.2351
18279_2750_00047;47;;Rue des Pillots;18100;18279;Vierzon;;;2.050012;47.213918
18279_2100_00005;5;;Rue des Longueraies;18100;18279;Vierzon;;;2.057616;47.231323
18279_0644_00006;6;;Imp des Castors de la Jonchere;18100;18279;Vierzon;;;2.042057;47.230242
18279_0053_00002;2;;Rue Alfred Nobel;18100;18279;Vierzon;;;2.076905;47.201245
18279_2583_00017;17;;Rue Paul Eluard;18100;18279;Vierzon;;;2.083843;47.20134
18279_0890_00151;151;;Rue de la Convention;18100;18279;Vierzon;;;2.109904;47.225717
18279_2870_00054;54;;Route de Puits Berteau;18100;18279;Vierzon;;;2.077405;47.235869
18279_3150_00007;7;;Place Vaillant Couturier;18100;18279;Vierzon;;;2.069956;47.223251
18279_1230_00055;55;;Rue Etienne Marcel;18100;18279;Vierzon;;;2.100362;47.21746
18279_0120_00098;98;;Rue André Ribaud;18100;18279;Vierzon;;;2.071206;47.234264
18279_3130_00005_bis;5;bis;Rue Théodore Roosevelt;18100;18279;Vierzon;;;2.068434;47.223702
18279_1230_00050;50;;Rue Etienne Marcel;18100;18279;Vierzon;;;2.09843;47.217691
18279_2390_00028;28;;Rue du Mouton;18100;18279;Vierzon;;;2.083681;47.230503
18279_2472_01360;1360;;Route des Noues;18100;18279;Vierzon;;;2.031653;47.21395
18279_1072_00001;1;;Petite Rue des Donneaux;18100;18279;Vierzon;;;2.047455;47.227301
18279_1569_00027;27;;Chemin de Grands Champs;18100;18279;Vierzon;;;2.089448;47.252975
18279_2828_00004;4;;Rue du Presbytère;18100;18279;Vierzon;;;2.071023;47.221888
18279_2264_00009;9;;Res Mermoz Nord;18100;18279;Vierzon;;;2.063642;47.205098
18279_2719_00012;12;;Chemin Pierre Dupont;18100;18279;Vierzon;;;2.046698;47.235146
18279_0714_00001_a;1;a;Rue du Champ du Four;18100;18279;Vierzon;;;2.081508;47.233311
18279_1877_00008;8;;Avenue Jean Jaurès;18100;18279;Vierzon;;;2.048497;47.230315
18279_2370_00004;4;;Rue de la Montagne;18100;18279;Vierzon;;;2.073132;47.221984
18279_1250_00146_b;146;b;Rue Eugène Pottier;18100;18279;Vierzon;;;2.097953;47.227909
18279_0962_00007;7;;Chemin de la Croix;18100;18279;Vierzon;;;2.109418;47.231178
18279_0387_00022;22;;Passage des Bergeries;18100;18279;Vierzon;;;2.049956;47.224312
18279_1230_00047;47;;Rue Etienne Marcel;18100;18279;Vierzon;;;2.099481;47.217669
18279_2930_00009_b;9;b;Rue Raspail;18100;18279;Vierzon;;;2.073041;47.224281
18279_2850_00031;31;;Rue Proudhon;18100;18279;Vierzon;;;2.048136;47.23306
18279_0568_00024;24;;Chemin du Briou;18100;18279;Vierzon;;;2.08561;47.225212
18279_0980_00007_d;7;d;Rue du Crot à Foulon;18100;18279;Vierzon;;;2.064879;47.229915
18279_0890_00129;129;;Rue de la Convention;18100;18279;Vierzon;;;2.109268;47.224181
18279_0710_00026_a;26;a;Rue du Champanet;18100;18279;Vierzon;;;2.063319;47.22056
18279_2910_00024;24;;Avenue du 14 Juillet;18100;18279;Vierzon;;;2.064758;47.214917
18279_0150_00008_bis;8;bis;Place Aristide Briand;18100;18279;Vierzon;;;2.067149;47.221918
18279_0980_00010;10;;Rue du Crot à Foulon;18100;18279;Vierzon;;;2.064641;47.229997
18279_2650_00039;39;;Rue de la Petite Noue;18100;18279;Vierzon;;;2.0596;47.206023
18279_2770_00009;9;;Rue de la Plaisance;18100;18279;Vierzon;;;2.090964;47.219965
18279_1200_00015;15;;Rue de l'Etape;18100;18279;Vierzon;;;2.06938;47.222679
18279_0545_00032;32;;Route de Bourges;18100;18279;Vierzon;;;2.118015;47.214357
18279_0080_00113;113;;Rue Anatole France;18100;18279;Vierzon;;;2.049298;47.22272
18279_1250_01515;1515;;Rue Eugène Pottier;18100;18279;Vierzon;;;2.09737;47.22807
18279_1240_00052;52;;Rue Etienne Nivet;18100;18279;Vierzon;;;2.082183;47.221521
18279_0830_00001;1;;Rue Claude Bernard;18100;18279;Vierzon;;;2.077052;47.217651
18279_1730_00006;6;;Avenue Henri Brisson;18100;18279;Vierzon;;;2.061756;47.225321
18279_2264_00003;3;;Res Mermoz Nord;18100;18279;Vierzon;;;2.063434;47.204923
18279_1609_00006;6;;Chemin des Grandes Terres;18100;18279;Vierzon;;;2.061808;47.206085
18279_2190_00050_a;50;a;Rue Marcel Perrin;18100;18279;Vierzon;;;2.071022;47.226091
18279_2750_00019;19;;Rue des Pillots;18100;18279;Vierzon;;;2.053925;47.213726
18279_1604_00006;6;;Impasse des Grands Moulins;18100;18279;Vierzon;;;2.082282;47.22055
18279_3133_00021_bis;21;bis;Route de Tours;18100;18279;Vierzon;;;2.038615;47.233282
18279_2560_00022_a;22;a;Rue Pasteur;18100;18279;Vierzon;;;2.086193;47.220063
18279_1110_00015_a;15;a;Rue Edgar Quinet;18100;18279;Vierzon;;;2.06628;47.223869
18279_2988_00005;5;;Rue Robert Barran;18100;18279;Vierzon;;;2.059555;47.239797
18279_0370_00077;77;;Route de Bellon;18100;18279;Vierzon;;;2.077699;47.212028
18279_1270_00036;36;;Petite Rue de Fay;18100;18279;Vierzon;;;2.050618;47.237865
18279_2826_00012_b;12;b;Chemin du Pre Long;18100;18279;Vierzon;;;2.051061;47.239752
18279_3170_00005;5;;Rue de Valmy;18100;18279;Vierzon;;;2.067259;47.219012
18279_0053_00005;5;;Rue Alfred Nobel;18100;18279;Vierzon;;;2.077074;47.200815
18279_2750_00030;30;;Rue des Pillots;18100;18279;Vierzon;;;2.053568;47.213774
18279_0497_00008;8;;Chemin de Bois Marteau;18100;18279;Vierzon;;;2.056923;47.238675
18279_2710_00020;20;;Rue Pierre Debournou;18100;18279;Vierzon;;;2.062323;47.22346
18279_1072_00005;5;;Petite Rue des Donneaux;18100;18279;Vierzon;;;2.046914;47.22713
18279_0120_00023;23;;Rue André Ribaud;18100;18279;Vierzon;;;2.066657;47.230442
18279_1895_00016;16;;Rue Jean Moulin;18100;18279;Vierzon;;;2.063715;47.234746
18279_1020_00003_t;3;t;Rue Descartes;18100;18279;Vierzon;;;2.081014;47.217628
18279_0800_00013;13;;Quai du Cher;18100;18279;Vierzon;;;2.063559;47.216282
18279_0080_00103;103;;Rue Anatole France;18100;18279;Vierzon;;;2.050311;47.222532
18279_2870_00174;174;;Route de Puits Berteau;18100;18279;Vierzon;;;2.063994;47.239349
18279_2015_00006;6;;Impasse Kléber;18100;18279;Vierzon;;;2.057115;47.215221
18279_0130_00015;15;;Rue Antoine Parmentier;18100;18279;Vierzon;;;2.045918;47.229404
18279_0210_00004_bis;4;bis;Rue des Ateliers;18100;18279;Vierzon;;;2.053547;47.231156
18279_1128_00059_a;59;a;Avenue Edouard Vaillant;18100;18279;Vierzon;;;2.06108;47.233727
18279_0710_00032;32;;Rue du Champanet;18100;18279;Vierzon;;;2.062938;47.220314
18279_0395_00008;8;;Rue Henri Bergson;18100;18279;Vierzon;;;2.09511;47.224391
18279_1380_00010;10;;Rue des Francs Tireurs;18100;18279;Vierzon;;;2.105532;47.217645
18279_2000_00003;3;;Rue Jules Vallès;18100;18279;Vierzon;;;2.065719;47.219231
18279_0290_00111;111;;Rue Barbès;18100;18279;Vierzon;;;2.05977;47.237332
18279_3271_00002;2;;Route du Village d’En Haut;18100;18279;Vierzon;;;2.110143;47.229406
18279_0130_00003;3;;Rue Antoine Parmentier;18100;18279;Vierzon;;;2.04734;47.229121
18279_1510_00024;24;;Grande Rue de la Genette;18100;18279;Vierzon;;;2.05738;47.216346
18279_3048_00035;35;;Route de Saint Laurent;18100;18279;Vierzon;;;2.119663;47.219713
18279_1405_00018;18;;Rue Gagarine;18100;18279;Vierzon;;;2.080099;47.224282
18279_1732_00076;76;;Square Henriette Dumuin;18100;18279;Vierzon;;;2.080151;47.202421
18279_0370_00007;7;;Route de Bellon;18100;18279;Vierzon;;;2.070025;47.214287
18279_2814_00002;2;;Chemin de la Prairie de Langlee;18100;18279;Vierzon;;;2.119362;47.213951
18279_2080_00064;64;;Route de la Loeuf;18100;18279;Vierzon;;;2.033426;47.216187
18279_1250_00091;91;;Rue Eugène Pottier;18100;18279;Vierzon;;;2.09804;47.225715
18279_2640_00024_bis;24;bis;Route du Petit Râteau;18100;18279;Vierzon;;;2.097178;47.230644
18279_1536_00076;76;;Rue Georges Politzer;18100;18279;Vierzon;;;2.080891;47.202869
18279_2080_00120;120;;Route de la Loeuf;18100;18279;Vierzon;;;2.03017;47.210628
18279_1470_00006;6;;Rue Gaston Cornavin;18100;18279;Vierzon;;;2.087548;47.227668
18279_1870_00044;44;;Rue Jean Jacques Rousseau;18100;18279;Vierzon;;;2.07609;47.21803
18279_1840_00077;77;;Rue Jean-baptiste Clément;18100;18279;Vierzon;;;2.076824;47.233201
18279_0840_00011_b;11;b;Rue Claude Michaud;18100;18279;Vierzon;;;2.065926;47.213815
18279_1500_00025_bis;25;bis;Rue Gay Lussac;18100;18279;Vierzon;;;2.079471;47.225574
18279_3052_00015;15;;Route de Saint Lazare;18100;18279;Vierzon;;;2.096804;47.207404
18279_0075_00007;7;;Rue Ambroise Croizat;18100;18279;Vierzon;;;2.069915;47.235292
18279_2688_00053;53;;Rue Pierre Brossolette;18100;18279;Vierzon;;;2.075582;47.204333
18279_2025_00003;3;;avenue maréchal jean de lattre de tassigny;18100;18279;Vierzon;;;2.063101;47.209723
18279_1700_00030;30;;Rue Gustave Flourens;18100;18279;Vierzon;;;2.055412;47.231145
18279_1560_00055;55;;Rue Gourdon;18100;18279;Vierzon;;;2.063023;47.224824
18279_2220_00010;10;;Rue du Maréchal Joffre;18100;18279;Vierzon;;;2.068539;47.22325
18279_1230_00109;109;;Rue Etienne Marcel;18100;18279;Vierzon;;;2.104961;47.215909
18279_2302_00008;8;;Rue Michel Lucas;18100;18279;Vierzon;;;2.085243;47.230923
18279_0370_00045;45;;Route de Bellon;18100;18279;Vierzon;;;2.07431;47.2133
18279_2688_00057;57;;Rue Pierre Brossolette;18100;18279;Vierzon;;;2.075141;47.204074
18279_2870_00128;128;;Route de Puits Berteau;18100;18279;Vierzon;;;2.070246;47.237673
18279_0450_00003;3;;Rue Blanche Baron;18100;18279;Vierzon;;;2.065054;47.221383
18279_0210_00012;12;;Rue des Ateliers;18100;18279;Vierzon;;;2.054108;47.230722
18279_1128_00082_b;82;b;Avenue Edouard Vaillant;18100;18279;Vierzon;;;2.060421;47.235553
18279_1055_00006;6;;Avenue du 19 Mars 1962;18100;18279;Vierzon;;;2.088778;47.237433
18279_1250_00057;57;;Rue Eugène Pottier;18100;18279;Vierzon;;;2.098386;47.22331
18279_0590_00024;24;;Rue Camille Desmoulins;18100;18279;Vierzon;;;2.061316;47.220916
18279_1250_00023;23;;Rue Eugène Pottier;18100;18279;Vierzon;;;2.099614;47.219745
18279_1230_00004_bis;4;bis;Rue Etienne Marcel;18100;18279;Vierzon;;;2.092354;47.218777
18279_2406_00006;6;;Impasse Mozart;18100;18279;Vierzon;;;2.078594;47.231513
18279_0088_00006;6;;Impasse Andre de Chenier;18100;18279;Vierzon;;;2.074341;47.219172
18279_2390_00066;66;;Rue du Mouton;18100;18279;Vierzon;;;2.088862;47.230126
18279_1290_00014;14;;Rue Félix Pyat;18100;18279;Vierzon;;;2.081262;47.229876
18279_1877_00039_d;39;d;Avenue Jean Jaurès;18100;18279;Vierzon;;;2.045235;47.230973
18279_1060_00015;15;;Rue du Docteur Lobligeois;18100;18279;Vierzon;;;2.057674;47.217069
18279_1869_00009;9;;Passage Jean Jacques Rousseau;18100;18279;Vierzon;;;2.075438;47.218952
18279_2930_00043;43;;Rue Raspail;18100;18279;Vierzon;;;2.077626;47.222829
18279_2058_00014;14;;Rue Léo Mérigot;18100;18279;Vierzon;;;2.050155;47.229796
18279_0120_00013;13;;Rue André Ribaud;18100;18279;Vierzon;;;2.066055;47.229949
18279_0599_00005;5;;Chemin du Camp;18100;18279;Vierzon;;;2.063429;47.206313
18279_1870_00085;85;;Rue Jean Jacques Rousseau;18100;18279;Vierzon;;;2.0792;47.217378
18279_1535_00020;20;;Rue Georges Fauconnier;18100;18279;Vierzon;;;2.070588;47.238724
18279_0972_00006;6;;Rue de la Croix Moreau;18100;18279;Vierzon;;;2.043872;47.225463
18279_2795_00040;40;;Rue des Ponts;18100;18279;Vierzon;;;2.066812;47.219427
18279_0220_00005;5;;Rue Auber;18100;18279;Vierzon;;;2.083232;47.21685
18279_1790_00019;19;;Rue de l'Hospice;18100;18279;Vierzon;;;2.051079;47.226052
18279_3133_00052;52;;Route de Tours;18100;18279;Vierzon;;;2.035611;47.235219
18279_1250_00077;77;;Rue Eugène Pottier;18100;18279;Vierzon;;;2.098308;47.224662
18279_3202_00023;23;;Avenue de Verdun;18100;18279;Vierzon;;;2.073;47.225152
18279_3305_00002;2;;Rue de Wittelsheim;18100;18279;Vierzon;;;2.072486;47.222915
18279_2648_00006_bis;6;bis;Chemin de la Petite Noue;18100;18279;Vierzon;;;2.061491;47.20437
18279_2830_00063;63;;Rue du President Wilson;18100;18279;Vierzon;;;2.053685;47.216708
18279_2870_00149;149;;Route de Puits Berteau;18100;18279;Vierzon;;;2.065629;47.238756
18279_0310_00016_q;16;q;Rue du Bas de Grange;18100;18279;Vierzon;;;2.055057;47.224474
18279_0710_00022;22;;Rue du Champanet;18100;18279;Vierzon;;;2.063648;47.220314
18279_1535_00009;9;;Rue Georges Fauconnier;18100;18279;Vierzon;;;2.070473;47.238743
18279_2100_00043;43;;Rue des Longueraies;18100;18279;Vierzon;;;2.058436;47.233804
18279_2930_00001;1;;Rue Raspail;18100;18279;Vierzon;;;2.072364;47.224289
18279_2795_00070_c;70;c;Rue des Ponts;18100;18279;Vierzon;;;2.067242;47.218434
18279_2100_00035;35;;Rue des Longueraies;18100;18279;Vierzon;;;2.058414;47.233017
18279_1250_00078;78;;Rue Eugène Pottier;18100;18279;Vierzon;;;2.098572;47.222561
18279_1320_00034;34;;Route de Foëcy;18100;18279;Vierzon;;;2.103872;47.208587
18279_1950_00010;10;;Avenue du Jonc;18100;18279;Vierzon;;;2.064399;47.210385
18279_3226_00025_f;25;f;Route du Vieux Domaine;18100;18279;Vierzon;;;2.090914;47.212356
18279_1230_00072;72;;Rue Etienne Marcel;18100;18279;Vierzon;;;2.100205;47.217347
18279_1650_00006;6;;Rue Grelon;18100;18279;Vierzon;;;2.062658;47.215902
18279_3226_00052;52;;Route du Vieux Domaine;18100;18279;Vierzon;;;2.097281;47.209913
18279_2100_00060;60;;Rue des Longueraies;18100;18279;Vierzon;;;2.058353;47.234537
18279_0054_00006;6;;Rue Albert Schweitzer;18100;18279;Vierzon;;;2.096192;47.224801
18279_2583_00023;23;;Rue Paul Eluard;18100;18279;Vierzon;;;2.085066;47.200766
18279_0290_00039;39;;Rue Barbès;18100;18279;Vierzon;;;2.053921;47.235067
18279_2650_00031;31;;Rue de la Petite Noue;18100;18279;Vierzon;;;2.058975;47.206873
18279_0692_00004;4;;Petite Rue du Chambon;18100;18279;Vierzon;;;2.05533;47.223759
18279_0170_00038;38;;Rue Armand Brunet;18100;18279;Vierzon;;;2.070475;47.221683
18279_1190_00001_bis;1;bis;Quai de l’Etang;18100;18279;Vierzon;;;2.102864;47.215191
18279_0866_00049;49;;Avenue du Colonel Manhes;18100;18279;Vierzon;;;2.084263;47.224208
18279_0435_00049;49;;Rue de Bitterfeld;18100;18279;Vierzon;;;2.086444;47.201841
18279_1840_00086_a;86;a;Rue Jean-baptiste Clément;18100;18279;Vierzon;;;2.075124;47.232895
18279_2080_00102;102;;Route de la Loeuf;18100;18279;Vierzon;;;2.02975;47.213153
18279_0644_00007;7;;Imp des Castors de la Jonchere;18100;18279;Vierzon;;;2.041933;47.230247
18279_1194_00015_bis;15;bis;Chemin de l’Etang du Verdin;18100;18279;Vierzon;;;2.040506;47.23615
18279_1405_00020;20;;Rue Gagarine;18100;18279;Vierzon;;;2.079908;47.224673
18279_3053_00009;9;;Impasse Saint Leonard;18100;18279;Vierzon;;;2.0662;47.214746
18279_0160_00071;71;;Rue Armand Bazile;18100;18279;Vierzon;;;2.076679;47.216133
18279_2485_00015;15;;Rue du 11 Novembre 1918;18100;18279;Vierzon;;;2.065669;47.221461
18279_1480_00044_a;44;a;Rue de la Gaucherie;18100;18279;Vierzon;;;2.063478;47.223275
18279_0290_00066;66;;Rue Barbès;18100;18279;Vierzon;;;2.057743;47.236699
18279_3133_00025_t;25;t;Route de Tours;18100;18279;Vierzon;;;2.037909;47.233708
18279_1070_00022;22;;Rue des Donneaux;18100;18279;Vierzon;;;2.044664;47.225999
18279_0160_00097;97;;Rue Armand Bazile;18100;18279;Vierzon;;;2.080807;47.214974
18279_0691_00011;11;;Passage du Chambon;18100;18279;Vierzon;;;2.054733;47.222625
18279_2910_00012;12;;Avenue du 14 Juillet;18100;18279;Vierzon;;;2.064973;47.215477
18279_3047_00045;45;;Rue Saint Exupéry;18100;18279;Vierzon;;;2.068002;47.203543
18279_1060_00008;8;;Rue du Docteur Lobligeois;18100;18279;Vierzon;;;2.059327;47.216798
18279_1230_00104;104;;Rue Etienne Marcel;18100;18279;Vierzon;;;2.101873;47.21679
18279_1170_00012;12;;Rue des Epinettes;18100;18279;Vierzon;;;2.068213;47.224601
18279_3073_00027;27;;Rue de la Société Française;18100;18279;Vierzon;;;2.057906;47.225744
18279_3290_00009;9;;Passage Voltaire;18100;18279;Vierzon;;;2.067835;47.221319
18279_1760_00025;25;;Rue d'Héry;18100;18279;Vierzon;;;2.071611;47.212525
18279_2520_00021;21;;Rue du Panorama;18100;18279;Vierzon;;;2.069712;47.210946
18279_1870_00041;41;;Rue Jean Jacques Rousseau;18100;18279;Vierzon;;;2.072858;47.218523
18279_0745_00017;17;;Chemin de Charnay;18100;18279;Vierzon;;;2.027525;47.241109
18279_1185_00003;3;;Rue des Etablissements Merlin;18100;18279;Vierzon;;;2.084009;47.232801
18279_3047_00020_bis;20;bis;Rue Saint Exupéry;18100;18279;Vierzon;;;2.068011;47.204989
18279_2650_00022;22;;Rue de la Petite Noue;18100;18279;Vierzon;;;2.059211;47.206183
18279_0963_00036;36;;Route de la Croix;18100;18279;Vierzon;;;2.104404;47.229085
18279_0866_00043;43;;Avenue du Colonel Manhes;18100;18279;Vierzon;;;2.083911;47.224139
18279_2485_00027;27;;Rue du 11 Novembre 1918;18100;18279;Vierzon;;;2.064085;47.221755
18279_0925_00005;5;;La Cour d’En Haut;18100;18279;Vierzon;;;2.032613;47.208147
18279_0497_00016;16;;Chemin de Bois Marteau;18100;18279;Vierzon;;;2.056089;47.239315
18279_2190_00022_a;22;a;Rue Marcel Perrin;18100;18279;Vierzon;;;2.070918;47.225009
18279_0088_00005;5;;Impasse Andre de Chenier;18100;18279;Vierzon;;;2.07361;47.219036
18279_1320_00027;27;;Route de Foëcy;18100;18279;Vierzon;;;2.1034;47.209023
18279_2560_00032;32;;Rue Pasteur;18100;18279;Vierzon;;;2.087457;47.219889
18279_1980_00065;65;;Rue Jules Guesde;18100;18279;Vierzon;;;2.042299;47.22936
18279_0395_00019;19;;Rue Henri Bergson;18100;18279;Vierzon;;;2.094242;47.223991
18279_1750_00037;37;;Rue Henri Sellier;18100;18279;Vierzon;;;2.056148;47.217917
18279_2025_00009_a;9;a;avenue maréchal jean de lattre de tassigny;18100;18279;Vierzon;;;2.063732;47.209365
18279_1552_00002;2;;Rue Gisèle Halimi;18100;18279;Vierzon;;;2.072123;47.207354
18279_2491_00018;18;;Chemin de l’Orme a Lieue;18100;18279;Vierzon;;;2.124838;47.215734
18279_2335_00005_b;5;b;Rue Miranda de Ebro;18100;18279;Vierzon;;;2.065573;47.218355
18279_2188_00038;38;;Rue Marcel Pagnol;18100;18279;Vierzon;;;2.075159;47.209539
18279_1510_00043;43;;Grande Rue de la Genette;18100;18279;Vierzon;;;2.055122;47.216332
18279_0160_00028_a;28;a;Rue Armand Bazile;18100;18279;Vierzon;;;2.073387;47.217106
18279_3222_00006;6;;Impasse de Vieilfond;18100;18279;Vierzon;;;2.066123;47.239435
18279_3047_00081;81;;Rue Saint Exupéry;18100;18279;Vierzon;;;2.067382;47.201401
18279_3048_00041;41;;Route de Saint Laurent;18100;18279;Vierzon;;;2.120888;47.220084
18279_1580_00011;11;;Rue du Grand Clement;18100;18279;Vierzon;;;2.071903;47.227823
18279_0310_00027;27;;Rue du Bas de Grange;18100;18279;Vierzon;;;2.056464;47.224165
18279_2190_00060_a;60;a;Rue Marcel Perrin;18100;18279;Vierzon;;;2.070736;47.226724
18279_2930_00013;13;;Rue Raspail;18100;18279;Vierzon;;;2.072829;47.22414
18279_0941_00001;1;;Chemin de la Craillo;18100;18279;Vierzon;;;2.066195;47.237396
18279_0358_00004;4;;Impasse de Bellevue;18100;18279;Vierzon;;;2.073806;47.224375
18279_1710_00029;29;;Rue Guy Môquet;18100;18279;Vierzon;;;2.074635;47.21194
18279_3047_00078;78;;Rue Saint Exupéry;18100;18279;Vierzon;;;2.066969;47.200487
18279_2720_00024;24;;Rue Pierre Dupont;18100;18279;Vierzon;;;2.045506;47.235723
18279_2220_00033;33;;Rue du Maréchal Joffre;18100;18279;Vierzon;;;2.069654;47.223072
18279_1770_00008;8;;Rue Honoré de Balzac;18100;18279;Vierzon;;;2.0654;47.212827
18279_3160_00071;71;;Rue du Val Fleury;18100;18279;Vierzon;;;2.068669;47.207822
18279_2770_00005;5;;Rue de la Plaisance;18100;18279;Vierzon;;;2.090481;47.219964
18279_1128_00066_a;66;a;Avenue Edouard Vaillant;18100;18279;Vierzon;;;2.060639;47.234656
18279_2290_00006;6;;Rue des Meunières;18100;18279;Vierzon;;;2.057491;47.234251
18279_2625_00014;14;;Chemin du Perdrier;18100;18279;Vierzon;;;2.097363;47.22268
18279_2719_00022;22;;Chemin Pierre Dupont;18100;18279;Vierzon;;;2.043995;47.236265
18279_0830_00002;2;;Rue Claude Bernard;18100;18279;Vierzon;;;2.077158;47.217706
18279_2870_00151;151;;Route de Puits Berteau;18100;18279;Vierzon;;;2.065425;47.238823
18279_2850_00032;32;;Rue Proudhon;18100;18279;Vierzon;;;2.047947;47.233226
18279_1128_00104;104;;Avenue Edouard Vaillant;18100;18279;Vierzon;;;2.06073;47.237481
18279_2155_00044;44;;Avenue du 8 Mai 1945;18100;18279;Vierzon;;;2.077962;47.2289
18279_0740_00067;67;;Rue Charles Hurvoy;18100;18279;Vierzon;;;2.064674;47.228789
18279_1950_00021_a;21;a;Avenue du Jonc;18100;18279;Vierzon;;;2.065386;47.210302
18279_0160_00059_a;59;a;Rue Armand Bazile;18100;18279;Vierzon;;;2.075706;47.216405
18279_1518_00001;1;;Impasse George Sand;18100;18279;Vierzon;;;2.066413;47.224504
18279_0360_00006;6;;Rue de Bellevue;18100;18279;Vierzon;;;2.069722;47.209406
18279_1120_00030;30;;Rue Edouard Branly;18100;18279;Vierzon;;;2.104404;47.218744
18279_2180_00008;8;;Rue Marcel Cachin;18100;18279;Vierzon;;;2.089522;47.229272
18279_1720_00062;62;;Rue Henri Barbusse;18100;18279;Vierzon;;;2.065206;47.234257
18279_2795_00030;30;;Rue des Ponts;18100;18279;Vierzon;;;2.066957;47.219703
18279_1190_00002;2;;Quai de l’Etang;18100;18279;Vierzon;;;2.102995;47.21515
18279_1290_00151;151;;Rue Félix Pyat;18100;18279;Vierzon;;;2.092196;47.228672
18279_2930_00028;28;;Rue Raspail;18100;18279;Vierzon;;;2.080722;47.223164
18279_2050_00012;12;;Rue Ledru Rollin;18100;18279;Vierzon;;;2.079441;47.215924
18279_2595_00016;16;;Rue Paul Verlaine;18100;18279;Vierzon;;;2.064044;47.239705
18279_3160_00041;41;;Rue du Val Fleury;18100;18279;Vierzon;;;2.069802;47.209934
18279_1230_00010;10;;Rue Etienne Marcel;18100;18279;Vierzon;;;2.09383;47.218296
18279_1050_00001;1;;Impasse Diderot;18100;18279;Vierzon;;;2.070383;47.217496
18279_0215_00005;5;;Passage de l’Aubepine;18100;18279;Vierzon;;;2.046659;47.231095
18279_1230_00142;142;;Rue Etienne Marcel;18100;18279;Vierzon;;;2.106291;47.215467
18279_3076_00018;18;;Route des Souchènes;18100;18279;Vierzon;;;2.032496;47.213854
18279_0130_00013;13;;Rue Antoine Parmentier;18100;18279;Vierzon;;;2.046292;47.229703
18279_1300_00055;55;;Rue Fernand Léger;18100;18279;Vierzon;;;2.086461;47.228745
18279_2040_00054;54;;Avenue Mal Philippe Leclerc de Ha;18100;18279;Vierzon;;;2.052739;47.20866
18279_2410_00053;53;;Boulevard de la Nation;18100;18279;Vierzon;;;2.057211;47.214089
18279_lukrq1_00005;5;;Rue Rouget de Lisle;18100;18279;Vierzon;;;2.047279;47.232934
18279_2105_00001;1;;Petite Rue des Longueraies;18100;18279;Vierzon;;;2.05868;47.23636
18279_3147_00008;8;;Rue de l'Unité;18100;18279;Vierzon;;;2.072919;47.235268
18279_1980_00028_g;28;g;Rue Jules Guesde;18100;18279;Vierzon;;;2.046315;47.227843
18279_0730_00012;12;;Rue Charles Gibault;18100;18279;Vierzon;;;2.081304;47.217453
18279_0170_00057;57;;Rue Armand Brunet;18100;18279;Vierzon;;;2.072234;47.221291
18279_1732_00048;48;;Square Henriette Dumuin;18100;18279;Vierzon;;;2.079411;47.201941
18279_1840_00026_bis;26;bis;Rue Jean-baptiste Clément;18100;18279;Vierzon;;;2.070637;47.228245
18279_0370_00121;121;;Route de Bellon;18100;18279;Vierzon;;;2.080735;47.208412
18279_1990_00042;42;;Rue Jules Louis Breton;18100;18279;Vierzon;;;2.078256;47.220993
18279_0445_00037;37;;Chemin Blanc;18100;18279;Vierzon;;;2.057729;47.20579
18279_1549_00030_a;30;a;Chemin de la Giraudiere;18100;18279;Vierzon;;;2.029188;47.236866
18279_2302_00004;4;;Rue Michel Lucas;18100;18279;Vierzon;;;2.084875;47.230955
18279_1990_00043;43;;Rue Jules Louis Breton;18100;18279;Vierzon;;;2.079888;47.220458
18279_1062_00019_b;19;b;Rue du Docteur Pierre Roux;18100;18279;Vierzon;;;2.07014;47.224081
18279_1710_00007;7;;Rue Guy Môquet;18100;18279;Vierzon;;;2.075605;47.21231
18279_1190_00014;14;;Quai de l’Etang;18100;18279;Vierzon;;;2.103721;47.214846
18279_0160_00103;103;;Rue Armand Bazile;18100;18279;Vierzon;;;2.081782;47.214699
18279_3131_00005;5;;Passage Tissier;18100;18279;Vierzon;;;2.04673;47.229872
18279_1938_00005;5;;Chemin des Joffrois;18100;18279;Vierzon;;;2.105133;47.221972
18279_0930_00039;39;;Rue Courbet;18100;18279;Vierzon;;;2.085274;47.228448
18279_0080_00006;6;;Rue Anatole France;18100;18279;Vierzon;;;2.059954;47.22099
18279_1870_00066;66;;Rue Jean Jacques Rousseau;18100;18279;Vierzon;;;2.082691;47.216644
18279_1240_00080;80;;Rue Etienne Nivet;18100;18279;Vierzon;;;2.087172;47.220855
18279_3046_00010;10;;Chemin des Sables de Saint Prié;18100;18279;Vierzon;;;2.038088;47.232365
18279_2155_00059_y;59;y;Avenue du 8 Mai 1945;18100;18279;Vierzon;;;2.079145;47.231107
18279_671bao_00046_a;46;a;avenue maréchal philippe leclerc de hauteclocque;18100;18279;Vierzon;;;2.053578;47.208793
18279_1280_00004;4;;Rue de Fay;18100;18279;Vierzon;;;2.050947;47.233423
18279_p07zqe_00033;33;;Chemin du Pre d’Anet;18100;18279;Vierzon;;;2.077753;47.219265
18279_0420_00025;25;;Rue de la Bidauderie;18100;18279;Vierzon;;;2.080576;47.235496
18279_0740_00002_bis;2;bis;Rue Charles Hurvoy;18100;18279;Vierzon;;;2.06916;47.22739
18279_1732_00002_a;2;a;Square Henriette Dumuin;18100;18279;Vierzon;;;2.078954;47.203191
18279_1549_00020;20;;Chemin de la Giraudiere;18100;18279;Vierzon;;;2.027633;47.235433
18279_0445_00025;25;;Chemin Blanc;18100;18279;Vierzon;;;2.055527;47.206697
18279_2260_00035;35;;Route de Méreau;18100;18279;Vierzon;;;2.061476;47.206943
18279_0350_00101;101;;Rue Beau Site;18100;18279;Vierzon;;;2.070023;47.206525
18279_2058_00038;38;;Rue Léo Mérigot;18100;18279;Vierzon;;;2.05127;47.228745
18279_1730_00016_bis;16;bis;Avenue Henri Brisson;18100;18279;Vierzon;;;2.061125;47.227635
18279_0110_00024;24;;Rue André Hènault;18100;18279;Vierzon;;;2.06193;47.215442
18279_0800_00033;33;;Quai du Cher;18100;18279;Vierzon;;;2.062456;47.216509
18279_1877_00051;51;;Avenue Jean Jaurès;18100;18279;Vierzon;;;2.043953;47.23119
18279_2850_00010_d;10;d;Rue Proudhon;18100;18279;Vierzon;;;2.048189;47.231146
18279_2795_00003;3;;Rue des Ponts;18100;18279;Vierzon;;;2.066939;47.21987
18279_1290_00092_bis;92;bis;Rue Félix Pyat;18100;18279;Vierzon;;;2.087516;47.227295
18279_1520_00040;40;;Rue George Sand;18100;18279;Vierzon;;;2.066565;47.228027
18279_1128_00071;71;;Avenue Edouard Vaillant;18100;18279;Vierzon;;;2.061042;47.234675
18279_2080_00100;100;;Route de la Loeuf;18100;18279;Vierzon;;;2.029878;47.213389
18279_2025_00054;54;;avenue maréchal jean de lattre de tassigny;18100;18279;Vierzon;;;2.068166;47.206853
18279_0387_00008;8;;Passage des Bergeries;18100;18279;Vierzon;;;2.051119;47.224624
18279_0650_00028;28;;Rue du Cavalier;18100;18279;Vierzon;;;2.064963;47.226143
18279_2472_00036;36;;Route des Noues;18100;18279;Vierzon;;;2.046757;47.210373
18279_2795_00066_b;66;b;Rue des Ponts;18100;18279;Vierzon;;;2.066401;47.218766
18279_1834_00006;6;;Rue Jacques Richard;18100;18279;Vierzon;;;2.08037;47.200523
18279_1877_00010;10;;Avenue Jean Jaurès;18100;18279;Vierzon;;;2.048445;47.230327
18279_0482_00023;23;;Rue du Bois d'Yèvre;18100;18279;Vierzon;;;2.069566;47.217914
18279_b2fplh_00016;16;;Residence Mermoz;18100;18279;Vierzon;;;2.063072;47.202874
18279_0568_00013;13;;Chemin du Briou;18100;18279;Vierzon;;;2.086105;47.226212
18279_2080_00104;104;;Route de la Loeuf;18100;18279;Vierzon;;;2.028981;47.213116
18279_1197_00006;6;;Place de l'Etape;18100;18279;Vierzon;;;2.06907;47.222976
18279_3133_00025_a;25;a;Route de Tours;18100;18279;Vierzon;;;2.037319;47.233565
18279_0370_00021;21;;Route de Bellon;18100;18279;Vierzon;;;2.072571;47.213683
18279_1020_00004;4;;Rue Descartes;18100;18279;Vierzon;;;2.081228;47.217889
18279_0815_00004;4;;Ruelle du Chevrier;18100;18279;Vierzon;;;2.069655;47.222869
18279_0817_00023;23;;Chemin du Chevry;18100;18279;Vierzon;;;2.119057;47.215471
18279_0415_00005;5;;Rue Bernard Dumont;18100;18279;Vierzon;;;2.071137;47.206748
18279_1720_00041;41;;Rue Henri Barbusse;18100;18279;Vierzon;;;2.064821;47.232424
18279_1240_00064;64;;Rue Etienne Nivet;18100;18279;Vierzon;;;2.084499;47.221378
18279_3073_00017;17;;Rue de la Société Française;18100;18279;Vierzon;;;2.058919;47.225178
18279_1143_00011;11;;Rue Eirick Labonne;18100;18279;Vierzon;;;2.086973;47.199415
18279_0110_00022;22;;Rue André Hènault;18100;18279;Vierzon;;;2.062294;47.215459
18279_2770_00029;29;;Rue de la Plaisance;18100;18279;Vierzon;;;2.093142;47.220677
18279_3047_00103;103;;Rue Saint Exupéry;18100;18279;Vierzon;;;2.067131;47.200591
18279_1538_00006;6;;Rue Georges Rousseau;18100;18279;Vierzon;;;2.057417;47.21311
18279_0726_00013;13;;Rue Baudelaire;18100;18279;Vierzon;;;2.084331;47.198771
18279_2990_00027;27;;Rue Robespierre;18100;18279;Vierzon;;;2.097407;47.220219
18279_1155_00024;24;;Rue Emile Desforges;18100;18279;Vierzon;;;2.082986;47.227397
18279_2060_00007;7;;Rue Léon Bourgeois;18100;18279;Vierzon;;;2.058721;47.213068
18279_0925_00003;3;;La Cour d’En Haut;18100;18279;Vierzon;;;2.032345;47.20809
18279_0uduo0_00010;10;;Chemin du Jouffroy;18100;18279;Vierzon;;;2.105253;47.221815
18279_3280_00032;32;;Rue de Villeneuve;18100;18279;Vierzon;;;2.071317;47.211501
18279_0435_00002;2;;Rue de Bitterfeld;18100;18279;Vierzon;;;2.082268;47.203601
18279_2070_00002_ter;2;ter;Boulevard de la Liberté;18100;18279;Vierzon;;;2.06824;47.226281
18279_2025_00068;68;;avenue maréchal jean de lattre de tassigny;18100;18279;Vierzon;;;2.070152;47.205868
18279_1860_00005_a;5;a;Rue Jean de la Fontaine;18100;18279;Vierzon;;;2.059188;47.221529
18279_1240_00036;36;;Rue Etienne Nivet;18100;18279;Vierzon;;;2.081409;47.221514
18279_1530_00007;7;;Rue Georges Clémenceau;18100;18279;Vierzon;;;2.057822;47.215565
18279_2910_00054;54;;Avenue du 14 Juillet;18100;18279;Vierzon;;;2.063949;47.212923
18279_0435_00057;57;;Rue de Bitterfeld;18100;18279;Vierzon;;;2.087033;47.201479
18279_2085_00037;37;;Rue des Lilas;18100;18279;Vierzon;;;2.055924;47.233524
18279_2795_00054;54;;Rue des Ponts;18100;18279;Vierzon;;;2.066576;47.219043
18279_2795_00071;71;;Rue des Ponts;18100;18279;Vierzon;;;2.06589;47.218043
18279_le1ny7_00015_b;15;b;Rue Jeanne Labourbe;18100;18279;Vierzon;;;2.059851;47.231942
18279_1840_00050;50;;Rue Jean-baptiste Clément;18100;18279;Vierzon;;;2.07177;47.230598
18279_0380_00015;15;;Chemin de la Bercetterie;18100;18279;Vierzon;;;2.033848;47.239786
18279_0320_00011;11;;Quai du Bassin;18100;18279;Vierzon;;;2.071689;47.219714
18279_1128_00044_c;44;c;Avenue Edouard Vaillant;18100;18279;Vierzon;;;2.060935;47.232419
18279_2795_00026;26;;Rue des Ponts;18100;18279;Vierzon;;;2.067011;47.219795
18279_0310_00004_a;4;a;Rue du Bas de Grange;18100;18279;Vierzon;;;2.061187;47.222765
18279_0080_00124;124;;Rue Anatole France;18100;18279;Vierzon;;;2.049168;47.222828
18279_1055_00005;5;;Avenue du 19 Mars 1962;18100;18279;Vierzon;;;2.088426;47.237279
18279_1950_00018_ter;18;ter;Avenue du Jonc;18100;18279;Vierzon;;;2.066434;47.209594
18279_1550_00008;8;;Petit Chemin de la Giraudiere;18100;18279;Vierzon;;;2.030848;47.237108
18279_0120_00051;51;;Rue André Ribaud;18100;18279;Vierzon;;;2.06813;47.23189
18279_1732_00082;82;;Square Henriette Dumuin;18100;18279;Vierzon;;;2.080533;47.202215
18279_0836_00009;9;;Rue Claude Levi-strauss;18100;18279;Vierzon;;;2.080912;47.232993
18279_0350_00056;56;;Rue Beau Site;18100;18279;Vierzon;;;2.071215;47.209478
18279_2157_00005;5;;Chemin de la Maison Blanche;18100;18279;Vierzon;;;2.039274;47.223961
18279_2180_00002;2;;Rue Marcel Cachin;18100;18279;Vierzon;;;2.090044;47.229458
18279_0550_00001_bis;1;bis;Rue du Bourgneuf;18100;18279;Vierzon;;;2.064444;47.215941
18279_2688_00016;16;;Rue Pierre Brossolette;18100;18279;Vierzon;;;2.07659;47.205286
18279_2055_00010;10;;Rue Lénine;18100;18279;Vierzon;;;2.063929;47.232984
18279_0075_00045;45;;Rue Ambroise Croizat;18100;18279;Vierzon;;;2.069021;47.236692
18279_1391_00003_c;3;c;Rue de la Fringale;18100;18279;Vierzon;;;2.04076;47.232505
18279_2265_00026;26;;Residence Mermoz Sud;18100;18279;Vierzon;;;2.063512;47.202956
18279_1255_00027;27;;Rue Evariste Galois;18100;18279;Vierzon;;;2.085201;47.201733
18279_1428_00004_bis;4;bis;Place Gallerand;18100;18279;Vierzon;;;2.068494;47.222762
18279_1840_00122_bis;122;bis;Rue Jean-baptiste Clément;18100;18279;Vierzon;;;2.07765;47.234176
18279_0110_00014;14;;Rue André Hènault;18100;18279;Vierzon;;;2.063126;47.215507
18279_0712_00015_c;15;c;Rue du Champ Commun;18100;18279;Vierzon;;;2.068056;47.219423
18279_0290_00053;53;;Rue Barbès;18100;18279;Vierzon;;;2.054979;47.235374
18279_0415_00001;1;;Rue Bernard Dumont;18100;18279;Vierzon;;;2.071369;47.207006
18279_0660_00004_c;4;c;Rue Célestin Gérard;18100;18279;Vierzon;;;2.055554;47.226441
18279_0290_00083;83;;Rue Barbès;18100;18279;Vierzon;;;2.057167;47.23652
18279_2590_00006;6;;Rue Paul Lafargue;18100;18279;Vierzon;;;2.071144;47.221863
18279_1000_00007;7;;Rue Danton;18100;18279;Vierzon;;;2.048145;47.226697
18279_0020_00024;24;;Chemin de l’Abricot;18100;18279;Vierzon;;;2.050857;47.219047
18279_0542_00013;13;;Rue du Bourdoiseau;18100;18279;Vierzon;;;2.063271;47.231618
18279_0045_00009;9;;Route d'Ainset;18100;18279;Vierzon;;;2.077761;47.237988
18279_2690_00004;4;;Rue Pierre Calmette;18100;18279;Vierzon;;;2.0631;47.216141
18279_2583_00003;3;;Rue Paul Eluard;18100;18279;Vierzon;;;2.082782;47.202017
18279_2850_00045;45;;Rue Proudhon;18100;18279;Vierzon;;;2.04797;47.234693
18279_0968_00008;8;;Impasse de la Croix Moreau;18100;18279;Vierzon;;;2.033168;47.226498
18279_0140_00025;25;;Rue Antonin Lerault;18100;18279;Vierzon;;;2.068695;47.214855
18279_1060_00012;12;;Rue du Docteur Lobligeois;18100;18279;Vierzon;;;2.058922;47.216904
18279_2560_00024_k;24;k;Rue Pasteur;18100;18279;Vierzon;;;2.086665;47.219864
18279_1194_00015_ter;15;ter;Chemin de l’Etang du Verdin;18100;18279;Vierzon;;;2.041278;47.236134
18279_1700_00011;11;;Rue Gustave Flourens;18100;18279;Vierzon;;;2.056331;47.23075
18279_1250_00024;24;;Rue Eugène Pottier;18100;18279;Vierzon;;;2.099409;47.218807
18279_3305_00005;5;;Rue de Wittelsheim;18100;18279;Vierzon;;;2.072152;47.223525
18279_0542_00030_bis;30;bis;Rue du Bourdoiseau;18100;18279;Vierzon;;;2.063192;47.232564
18279_2125_00007;7;;Rue Louise Michel;18100;18279;Vierzon;;;2.070714;47.23516
18279_1700_00068_bis;68;bis;Rue Gustave Flourens;18100;18279;Vierzon;;;2.052703;47.232144
18279_1980_00045;45;;Rue Jules Guesde;18100;18279;Vierzon;;;2.044823;47.228339
18279_0750_00014;14;;Allee des Chataigniers;18100;18279;Vierzon;;;2.04334;47.229872
18279_1857_01225;1225;;Rue Jean Cocteau;18100;18279;Vierzon;;;2.084703;47.227195
18279_1229_00006;6;;Impasse Etienne Marcel;18100;18279;Vierzon;;;2.101314;47.21759
18279_0270_00036;36;;Rue Babeuf;18100;18279;Vierzon;;;2.043805;47.233421
18279_1060_00056;56;;Rue du Docteur Lobligeois;18100;18279;Vierzon;;;2.053767;47.217528
18279_2100_00069;69;;Rue des Longueraies;18100;18279;Vierzon;;;2.058949;47.23551
18279_2150_00002;2;;Rue Mac Nab;18100;18279;Vierzon;;;2.064747;47.223446
18279_2620_00059_a;59;a;Rue des Pentecotes;18100;18279;Vierzon;;;2.05836;47.229464
18279_1535_00025;25;;Rue Georges Fauconnier;18100;18279;Vierzon;;;2.068539;47.239442
18279_2390_00020;20;;Rue du Mouton;18100;18279;Vierzon;;;2.083499;47.2305
18279_2025_00023;23;;avenue maréchal jean de lattre de tassigny;18100;18279;Vierzon;;;2.066168;47.208013
18279_0150_00013;13;;Place Aristide Briand;18100;18279;Vierzon;;;2.067405;47.221727
18279_1240_00075;75;;Rue Etienne Nivet;18100;18279;Vierzon;;;2.08649;47.221204
18279_3061_00009;9;;Boulevard Salvador Allende;18100;18279;Vierzon;;;2.083491;47.226779
18279_671bao_00039;39;;avenue maréchal philippe leclerc de hauteclocque;18100;18279;Vierzon;;;2.053978;47.20865
18279_2560_00028;28;;Rue Pasteur;18100;18279;Vierzon;;;2.087084;47.219918
18279_1230_00080;80;;Rue Etienne Marcel;18100;18279;Vierzon;;;2.100594;47.217217
18279_1840_00024;24;;Rue Jean-baptiste Clément;18100;18279;Vierzon;;;2.070484;47.22833
18279_2945_00015;15;;Rue de Rendsburg;18100;18279;Vierzon;;;2.085818;47.200337
18279_1877_00014;14;;Avenue Jean Jaurès;18100;18279;Vierzon;;;2.047975;47.230435
18279_2058_00047;47;;Rue Léo Mérigot;18100;18279;Vierzon;;;2.054012;47.226956
18279_2189_00008;8;;Rue Marcel Paul;18100;18279;Vierzon;;;2.08744;47.234762
18279_2500_00025;25;;Rue des Ormes;18100;18279;Vierzon;;;2.078273;47.232541
18279_1230_00003;3;;Rue Etienne Marcel;18100;18279;Vierzon;;;2.092515;47.218851
18279_3061_01205;1205;;Boulevard Salvador Allende;18100;18279;Vierzon;;;2.085886;47.226371
18279_3202_00007;7;;Avenue de Verdun;18100;18279;Vierzon;;;2.072115;47.224543
18279_0350_00087;87;;Rue Beau Site;18100;18279;Vierzon;;;2.070478;47.207382
18279_0740_00035;35;;Rue Charles Hurvoy;18100;18279;Vierzon;;;2.067901;47.227798
18279_3133_00028;28;;Route de Tours;18100;18279;Vierzon;;;2.038536;47.233476
18279_1320_00044;44;;Route de Foëcy;18100;18279;Vierzon;;;2.104286;47.208345
18279_1732_00088;88;;Square Henriette Dumuin;18100;18279;Vierzon;;;2.080384;47.202476
18279_2335_00005_d;5;d;Rue Miranda de Ebro;18100;18279;Vierzon;;;2.065658;47.218512
18279_1905_00078;78;;Rue Jean Picot;18100;18279;Vierzon;;;2.074296;47.211294
18279_1775_00004;4;;Rue des Hortensias;18100;18279;Vierzon;;;2.054599;47.232406
18279_0360_00002;2;;Rue de Bellevue;18100;18279;Vierzon;;;2.06917;47.209532
18279_2080_00007;7;;Route de la Loeuf;18100;18279;Vierzon;;;2.048088;47.214402
18279_1650_00028;28;;Rue Grelon;18100;18279;Vierzon;;;2.060961;47.216234
18279_2630_00013;13;;Rue du Péry;18100;18279;Vierzon;;;2.083651;47.225361
18279_2040_00058;58;;Avenue Mal Philippe Leclerc de Ha;18100;18279;Vierzon;;;2.052361;47.208603
18279_2795_00102_bis;102;bis;Rue des Ponts;18100;18279;Vierzon;;;2.065959;47.217961
18279_1365_00037_b;37;b;Chemin de Fougery;18100;18279;Vierzon;;;2.070009;47.22989
18279_1290_00059;59;;Rue Félix Pyat;18100;18279;Vierzon;;;2.08418;47.2279
18279_1870_00026;26;;Rue Jean Jacques Rousseau;18100;18279;Vierzon;;;2.074689;47.218271
18279_2795_00076;76;;Rue des Ponts;18100;18279;Vierzon;;;2.06629;47.218542
18279_1366_00010;10;;Cours de Fougery;18100;18279;Vierzon;;;2.072346;47.23402
18279_2005_00016;16;;Rue Julian Grimau;18100;18279;Vierzon;;;2.085418;47.2013
18279_0650_00052;52;;Rue du Cavalier;18100;18279;Vierzon;;;2.067313;47.225391
18279_3055_00021;21;;Chemin de Saint Priest;18100;18279;Vierzon;;;2.033934;47.232113
18279_2330_00001_bis;1;bis;Rue Mirabeau;18100;18279;Vierzon;;;2.05653;47.213229
18279_1230_00075;75;;Rue Etienne Marcel;18100;18279;Vierzon;;;2.101639;47.217035
18279_2710_00009;9;;Rue Pierre Debournou;18100;18279;Vierzon;;;2.062353;47.22315
18279_2688_00018;18;;Rue Pierre Brossolette;18100;18279;Vierzon;;;2.07669;47.20537
18279_1060_00031;31;;Rue du Docteur Lobligeois;18100;18279;Vierzon;;;2.055923;47.217239
18279_1990_00046;46;;Rue Jules Louis Breton;18100;18279;Vierzon;;;2.078728;47.220879
18279_1210_00042_a;42;a;Rue Etienne Desroches;18100;18279;Vierzon;;;2.103591;47.220146
18279_0358_00029;29;;Impasse de Bellevue;18100;18279;Vierzon;;;2.074439;47.22469
18279_3137_00017;17;;Rue du Travail;18100;18279;Vierzon;;;2.043554;47.232502
18279_1905_00066;66;;Rue Jean Picot;18100;18279;Vierzon;;;2.074639;47.211109
18279_2190_00048;48;;Rue Marcel Perrin;18100;18279;Vierzon;;;2.071028;47.226009
18279_0158_00003;3;;Impasse Armand Bazile;18100;18279;Vierzon;;;2.077558;47.216394
18279_0600_00041;41;;Petite Rue du Camp;18100;18279;Vierzon;;;2.064215;47.207067
18279_0140_00011;11;;Rue Antonin Lerault;18100;18279;Vierzon;;;2.066677;47.215611
18279_1650_00019;19;;Rue Grelon;18100;18279;Vierzon;;;2.061763;47.216064
18279_0339_00005;5;;Chemin de la Bazinière;18100;18279;Vierzon;;;2.0873;47.246873
18279_0415_00004;4;;Rue Bernard Dumont;18100;18279;Vierzon;;;2.072259;47.208268
18279_0085_00029;29;;Imp Ancienne Cite de la Verrerie;18100;18279;Vierzon;;;2.100203;47.210206
18279_0075_00028;28;;Rue Ambroise Croizat;18100;18279;Vierzon;;;2.069942;47.237183
18279_0042_00007;7;;Chemin des Ajoncs;18100;18279;Vierzon;;;2.080128;47.238134
18279_1560_00036_c;36;c;Rue Gourdon;18100;18279;Vierzon;;;2.064201;47.224609
18279_1155_00004_a;4;a;Rue Emile Desforges;18100;18279;Vierzon;;;2.081387;47.226451
18279_2210_00002;2;;Place du Maréchal Foch;18100;18279;Vierzon;;;2.067328;47.22247
18279_2190_00032;32;;Rue Marcel Perrin;18100;18279;Vierzon;;;2.070535;47.225372
18279_3047_00092;92;;Rue Saint Exupéry;18100;18279;Vierzon;;;2.066706;47.199576
18279_1400_00001_bis;1;bis;Place Gabriel Péri;18100;18279;Vierzon;;;2.06248;47.224463
18279_0160_00011;11;;Rue Armand Bazile;18100;18279;Vierzon;;;2.071149;47.217652
18279_671bao_00037;37;;avenue maréchal philippe leclerc de hauteclocque;18100;18279;Vierzon;;;2.054172;47.208685
18279_2155_00067;67;;Avenue du 8 Mai 1945;18100;18279;Vierzon;;;2.080693;47.231189
18279_0370_00094_a;94;a;Route de Bellon;18100;18279;Vierzon;;;2.079211;47.209513
18279_2620_00065;65;;Rue des Pentecotes;18100;18279;Vierzon;;;2.058436;47.229798
18279_1510_00013;13;;Grande Rue de la Genette;18100;18279;Vierzon;;;2.057994;47.216252
18279_qzz6gh_01585;1585;;La Rondonniere;18100;18279;Vierzon;;;2.09844;47.249187
18279_2260_00051;51;;Route de Méreau;18100;18279;Vierzon;;;2.060911;47.205559
18279_0120_00076;76;;Rue André Ribaud;18100;18279;Vierzon;;;2.06952;47.233156
18279_0714_00014;14;;Rue du Champ du Four;18100;18279;Vierzon;;;2.081541;47.233906
18279_1406_00013;13;;Chemin de la Gaillardière;18100;18279;Vierzon;;;2.111424;47.226003
18279_0195_00026;26;;Rue Arthur Rimbaud;18100;18279;Vierzon;;;2.083736;47.20191
18279_1720_00024_c;24;c;Rue Henri Barbusse;18100;18279;Vierzon;;;2.064842;47.23051
18279_1536_00082;82;;Rue Georges Politzer;18100;18279;Vierzon;;;2.08123;47.202781
18279_0290_00091;91;;Rue Barbès;18100;18279;Vierzon;;;2.057547;47.236757
18279_0120_00073;73;;Rue André Ribaud;18100;18279;Vierzon;;;2.069556;47.233279
18279_3084_00013;13;;Chemin du Stade Constant Duval;18100;18279;Vierzon;;;2.057365;47.240628
18279_3160_00065;65;;Rue du Val Fleury;18100;18279;Vierzon;;;2.068819;47.208143
18279_0500_00003;3;;Rue Boitard;18100;18279;Vierzon;;;2.069075;47.215069
18279_1700_00066;66;;Rue Gustave Flourens;18100;18279;Vierzon;;;2.052838;47.232093
18279_0630_00004;4;;Impasse Casimir Lecomte;18100;18279;Vierzon;;;2.062985;47.225117
18279_2200_00015;15;;Rue Marcel Sembat;18100;18279;Vierzon;;;2.05323;47.228532
18279_2150_00004;4;;Rue Mac Nab;18100;18279;Vierzon;;;2.064468;47.223131
18279_2058_00064_ter;64;ter;Rue Léo Mérigot;18100;18279;Vierzon;;;2.052847;47.22755
18279_2560_00021_b;21;b;Rue Pasteur;18100;18279;Vierzon;;;2.086418;47.219768
18279_2720_00019;19;;Rue Pierre Dupont;18100;18279;Vierzon;;;2.046363;47.235403
18279_0130_00016;16;;Rue Antoine Parmentier;18100;18279;Vierzon;;;2.046315;47.229264
18279_1170_00023_a;23;a;Rue des Epinettes;18100;18279;Vierzon;;;2.069775;47.226467
18279_1720_00080_bis;80;bis;Rue Henri Barbusse;18100;18279;Vierzon;;;2.065247;47.23678
18279_0195_00010;10;;Rue Arthur Rimbaud;18100;18279;Vierzon;;;2.083602;47.202508
18279_1775_00005;5;;Rue des Hortensias;18100;18279;Vierzon;;;2.054721;47.232434
18279_2211_00003;3;;rue du maréchal foch;18100;18279;Vierzon;;;2.067642;47.222661
18279_3210_00063_h;63;h;Rue Victor Hugo;18100;18279;Vierzon;;;2.064735;47.224186
18279_1230_00003_bis;3;bis;Rue Etienne Marcel;18100;18279;Vierzon;;;2.092691;47.218763
18279_3226_00048;48;;Route du Vieux Domaine;18100;18279;Vierzon;;;2.096943;47.21004
18279_0770_00001;1;;Place du Château;18100;18279;Vierzon;;;2.07143;47.222718
18279_0460_00010;10;;Rue Blanqui;18100;18279;Vierzon;;;2.049677;47.226285
18279_0380_00007;7;;Chemin de la Bercetterie;18100;18279;Vierzon;;;2.031176;47.239342
18279_0890_00086;86;;Rue de la Convention;18100;18279;Vierzon;;;2.108183;47.221925
18279_1790_00017;17;;Rue de l'Hospice;18100;18279;Vierzon;;;2.051536;47.226066
18279_1240_00018;18;;Rue Etienne Nivet;18100;18279;Vierzon;;;2.078835;47.221584
18279_0220_00013;13;;Rue Auber;18100;18279;Vierzon;;;2.082746;47.215893
18279_0130_00014;14;;Rue Antoine Parmentier;18100;18279;Vierzon;;;2.046551;47.229215
18279_3125_00003;3;;Rue Theodore Monod;18100;18279;Vierzon;;;2.081319;47.233213
18279_2190_00046;46;;Rue Marcel Perrin;18100;18279;Vierzon;;;2.071031;47.225943
18279_1450_00004;4;;Rue Gambon;18100;18279;Vierzon;;;2.070979;47.2272
18279_1720_00010;10;;Rue Henri Barbusse;18100;18279;Vierzon;;;2.063886;47.22977
18279_2870_00007;7;;Route de Puits Berteau;18100;18279;Vierzon;;;2.079086;47.233233
18279_1170_00023_c;23;c;Rue des Epinettes;18100;18279;Vierzon;;;2.070099;47.2263
18279_2850_00029;29;;Rue Proudhon;18100;18279;Vierzon;;;2.048112;47.232862
18279_1730_00007;7;;Avenue Henri Brisson;18100;18279;Vierzon;;;2.061945;47.225515
18279_1730_00010;10;;Avenue Henri Brisson;18100;18279;Vierzon;;;2.061545;47.225617
18279_1640_00016;16;;Rue du Grelet;18100;18279;Vierzon;;;2.05;47.231496
18279_2025_00037;37;;avenue maréchal jean de lattre de tassigny;18100;18279;Vierzon;;;2.067799;47.20714
18279_1190_00021;21;;Quai de l’Etang;18100;18279;Vierzon;;;2.104357;47.214612
18279_0950_00008;8;;Chemin des Crêles;18100;18279;Vierzon;;;2.081655;47.19785
18279_0160_00003_c;3;c;Rue Armand Bazile;18100;18279;Vierzon;;;2.070034;47.21766
18279_2625_00007;7;;Chemin du Perdrier;18100;18279;Vierzon;;;2.096904;47.222837
18279_1072_00011_c;11;c;Petite Rue des Donneaux;18100;18279;Vierzon;;;2.046253;47.226524
18279_1230_00140_b;140;b;Rue Etienne Marcel;18100;18279;Vierzon;;;2.106437;47.215478
18279_1700_00020;20;;Rue Gustave Flourens;18100;18279;Vierzon;;;2.056644;47.230741
18279_0270_00041;41;;Rue Babeuf;18100;18279;Vierzon;;;2.042662;47.233212
18279_2360_00011_a;11;a;Rue de la Monnaie;18100;18279;Vierzon;;;2.070265;47.222477
18279_2412_00008;8;;Impasse de la Nation;18100;18279;Vierzon;;;2.05887;47.214581
18279_59t98n_00006;6;;Rue Xavier de Maistre;18100;18279;Vierzon;;;2.055008;47.214015
18279_0160_00057_c;57;c;Rue Armand Bazile;18100;18279;Vierzon;;;2.07546;47.216403
18279_1535_00076;76;;Rue Georges Fauconnier;18100;18279;Vierzon;;;2.067658;47.239293
18279_0460_00009;9;;Rue Blanqui;18100;18279;Vierzon;;;2.050255;47.227203
18279_0844_00009;9;;Impasse du Clos Chabot;18100;18279;Vierzon;;;2.080004;47.229177
18279_0980_00008_a;8;a;Rue du Crot à Foulon;18100;18279;Vierzon;;;2.064923;47.229951
18279_1290_00035;35;;Rue Félix Pyat;18100;18279;Vierzon;;;2.082079;47.229337
18279_0120_00093;93;;Rue André Ribaud;18100;18279;Vierzon;;;2.071298;47.234386
18279_1605_00028;28;;Chemin des Gdes Noues Fontaines;18100;18279;Vierzon;;;2.043661;47.208214
18279_1128_00112;112;;Avenue Edouard Vaillant;18100;18279;Vierzon;;;2.060708;47.23828
18279_2500_00026;26;;Rue des Ormes;18100;18279;Vierzon;;;2.077828;47.232243
18279_3110_00001_bis;1;bis;Rue des Terres Mortes;18100;18279;Vierzon;;;2.057513;47.208564
18279_3047_00102;102;;Rue Saint Exupéry;18100;18279;Vierzon;;;2.066479;47.198798
18279_0210_00020;20;;Rue des Ateliers;18100;18279;Vierzon;;;2.054627;47.230315
18279_3226_00025;25;;Route du Vieux Domaine;18100;18279;Vierzon;;;2.091058;47.212325
18279_2085_00047;47;;Rue des Lilas;18100;18279;Vierzon;;;2.055315;47.234026
18279_2220_00007_bis;7;bis;Rue du Maréchal Joffre;18100;18279;Vierzon;;;2.069949;47.22299
18279_2058_00016;16;;Rue Léo Mérigot;18100;18279;Vierzon;;;2.05023;47.229713
18279_2510_00073;73;;Rue de la Paix;18100;18279;Vierzon;;;2.054253;47.217117
18279_1830_00047;47;;Rue Jacques Decour;18100;18279;Vierzon;;;2.088423;47.229683
18279_3147_00027;27;;Rue de l'Unité;18100;18279;Vierzon;;;2.072336;47.23618
18279_2650_00015;15;;Rue de la Petite Noue;18100;18279;Vierzon;;;2.05847;47.207945
18279_0151_00014;14;;Rue Aristide Briand;18100;18279;Vierzon;;;2.067221;47.22212
18279_1560_00015;15;;Rue Gourdon;18100;18279;Vierzon;;;2.066585;47.224458
18279_1290_00065;65;;Rue Félix Pyat;18100;18279;Vierzon;;;2.084465;47.227802
18279_2123_00017;17;;Square Louis Braille;18100;18279;Vierzon;;;2.088829;47.200828
18279_1825_00052;52;;Rue Jacques Brel;18100;18279;Vierzon;;;2.082484;47.198837
18279_1940_00032;32;;Rue Joliot Curie;18100;18279;Vierzon;;;2.074121;47.209935
18279_1870_00046;46;;Rue Jean Jacques Rousseau;18100;18279;Vierzon;;;2.076284;47.217977
18279_0420_00029;29;;Rue de la Bidauderie;18100;18279;Vierzon;;;2.081262;47.236024
18279_2830_00066;66;;Rue du President Wilson;18100;18279;Vierzon;;;2.053734;47.216987
18279_2845_00003;3;;Passage Proudhon;18100;18279;Vierzon;;;2.048751;47.23245
18279_2503_00002;2;;Rue Pablo Picasso;18100;18279;Vierzon;;;2.083676;47.201158
18279_1549_00008;8;;Chemin de la Giraudiere;18100;18279;Vierzon;;;2.03051;47.237247
18279_0350_00077;77;;Rue Beau Site;18100;18279;Vierzon;;;2.070824;47.207997
18279_1500_00014;14;;Rue Gay Lussac;18100;18279;Vierzon;;;2.077601;47.224481
18279_0720_00027;27;;Rue des Changes;18100;18279;Vierzon;;;2.069942;47.223795
18279_2330_00070_a;70;a;Rue Mirabeau;18100;18279;Vierzon;;;2.052905;47.210943
18279_2590_00013;13;;Rue Paul Lafargue;18100;18279;Vierzon;;;2.07096;47.222514
18279_2210_00010;10;;Place du Maréchal Foch;18100;18279;Vierzon;;;2.067533;47.222874
18279_1535_00004;4;;Rue Georges Fauconnier;18100;18279;Vierzon;;;2.07036;47.238154
18279_1310_00016;16;;Rue des Feuillures;18100;18279;Vierzon;;;2.066931;47.212699
18279_2719_00002;2;;Chemin Pierre Dupont;18100;18279;Vierzon;;;2.043919;47.234725
18279_0080_00055_a;55;a;Rue Anatole France;18100;18279;Vierzon;;;2.055799;47.22174
18279_a150_00001;1;;Residence les Dumaines;18100;18279;Vierzon;;;2.093715;47.220169
18279_1300_00049;49;;Rue Fernand Léger;18100;18279;Vierzon;;;2.08598;47.228677
18279_2910_00027_bis;27;bis;Avenue du 14 Juillet;18100;18279;Vierzon;;;2.06436;47.214417
18279_5k08ny_00007;7;;Place Salvador Allende;18100;18279;Vierzon;;;2.08419;47.225979
18279_0329_00005;5;;Impasse Baudin;18100;18279;Vierzon;;;2.060683;47.220548
18279_1710_00003;3;;Rue Guy Môquet;18100;18279;Vierzon;;;2.075939;47.212215
18279_2190_00032_bis;32;bis;Rue Marcel Perrin;18100;18279;Vierzon;;;2.070536;47.225372
18279_2973_00003;3;;Chemin des Riaux;18100;18279;Vierzon;;;2.110901;47.228218
18279_1877_00036_b;36;b;Avenue Jean Jaurès;18100;18279;Vierzon;;;2.04623;47.230827
18279_1605_00026;26;;Chemin des Gdes Noues Fontaines;18100;18279;Vierzon;;;2.043856;47.208165
18279_1230_00090;90;;Rue Etienne Marcel;18100;18279;Vierzon;;;2.101113;47.217046
18279_3086_00015;15;;Impasse Suzanne Masson;18100;18279;Vierzon;;;2.079094;47.205947
18279_3269_00018;18;;Chemin du Village d’En Haut;18100;18279;Vierzon;;;2.125476;47.240372
18279_0120_00085;85;;Rue André Ribaud;18100;18279;Vierzon;;;2.070473;47.233928
18279_1480_00005_bis;5;bis;Rue de la Gaucherie;18100;18279;Vierzon;;;2.066272;47.221838
18279_3073_00026_b;26;b;Rue de la Société Française;18100;18279;Vierzon;;;2.057293;47.225554
18279_0890_00031;31;;Rue de la Convention;18100;18279;Vierzon;;;2.102474;47.219146
18279_0160_00021;21;;Rue Armand Bazile;18100;18279;Vierzon;;;2.071992;47.217431
18279_3160_00067;67;;Rue du Val Fleury;18100;18279;Vierzon;;;2.068708;47.208047
18279_1128_00018;18;;Avenue Edouard Vaillant;18100;18279;Vierzon;;;2.060995;47.230839
18279_0370_00116;116;;Route de Bellon;18100;18279;Vierzon;;;2.08049;47.201915
18279_2610_00028;28;;Chemin des Pelles;18100;18279;Vierzon;;;2.042727;47.223499
18279_1549_00032;32;;Chemin de la Giraudiere;18100;18279;Vierzon;;;2.028381;47.237305
18279_0140_00009;9;;Rue Antonin Lerault;18100;18279;Vierzon;;;2.066301;47.215665
18279_1128_00118;118;;Avenue Edouard Vaillant;18100;18279;Vierzon;;;2.060678;47.2388
18279_0120_00041;41;;Rue André Ribaud;18100;18279;Vierzon;;;2.067709;47.231284
18279_1170_00042;42;;Rue des Epinettes;18100;18279;Vierzon;;;2.069844;47.226874
18279_0869_00003;3;;Chemin des Communaux de la Vevre;18100;18279;Vierzon;;;2.125885;47.213392
18279_1250_00047;47;;Rue Eugène Pottier;18100;18279;Vierzon;;;2.098427;47.222608
18279_3222_00029;29;;Impasse de Vieilfond;18100;18279;Vierzon;;;2.066555;47.242073
18279_1055_00104;104;;Avenue du 19 Mars 1962;18100;18279;Vierzon;;;2.086295;47.235219
18279_0415_00018;18;;Rue Bernard Dumont;18100;18279;Vierzon;;;2.071967;47.207767
18279_0482_00026_e;26;e;Rue du Bois d'Yèvre;18100;18279;Vierzon;;;2.069913;47.217403
18279_1877_00026;26;;Avenue Jean Jaurès;18100;18279;Vierzon;;;2.047219;47.230607
18279_3222_00016;16;;Impasse de Vieilfond;18100;18279;Vierzon;;;2.066148;47.241226
18279_1270_00020;20;;Petite Rue de Fay;18100;18279;Vierzon;;;2.05065;47.236715
18279_1536_00090;90;;Rue Georges Politzer;18100;18279;Vierzon;;;2.080904;47.203174
18279_1840_00112;112;;Rue Jean-baptiste Clément;18100;18279;Vierzon;;;2.07726;47.233501
18279_1470_00036;36;;Rue Gaston Cornavin;18100;18279;Vierzon;;;2.087352;47.22936
18279_1821_00016;16;;Rue Jacqueline Auriol;18100;18279;Vierzon;;;2.065265;47.20254
18279_1840_00076_b;76;b;Rue Jean-baptiste Clément;18100;18279;Vierzon;;;2.074065;47.232658
18279_3222_00033;33;;Impasse de Vieilfond;18100;18279;Vierzon;;;2.067163;47.243097
18279_2340_00016_a;16;a;Rue Molière;18100;18279;Vierzon;;;2.06566;47.219388
18279_1912_00010;10;;Impasse Jean Rostand;18100;18279;Vierzon;;;2.073324;47.232617
18279_1155_00067;67;;Rue Emile Desforges;18100;18279;Vierzon;;;2.086654;47.229993
18279_2300_00004;4;;Rue Michelet;18100;18279;Vierzon;;;2.073528;47.218058
18279_0080_00119;119;;Rue Anatole France;18100;18279;Vierzon;;;2.048734;47.222823
18279_3052_00022;22;;Route de Saint Lazare;18100;18279;Vierzon;;;2.096813;47.207998
18279_1110_00008;8;;Rue Edgar Quinet;18100;18279;Vierzon;;;2.066334;47.223548
18279_1895_00015;15;;Rue Jean Moulin;18100;18279;Vierzon;;;2.063642;47.234753
18279_2930_00049;49;;Rue Raspail;18100;18279;Vierzon;;;2.078563;47.222639
18279_0150_00012;12;;Place Aristide Briand;18100;18279;Vierzon;;;2.067146;47.222057
18279_0710_00002;2;;Rue du Champanet;18100;18279;Vierzon;;;2.065221;47.220389
18279_1535_00021_c;21;c;Rue Georges Fauconnier;18100;18279;Vierzon;;;2.06904;47.239234
18279_2595_00014;14;;Rue Paul Verlaine;18100;18279;Vierzon;;;2.064295;47.239681
18279_2220_00044;44;;Rue du Maréchal Joffre;18100;18279;Vierzon;;;2.069895;47.22311
18279_3137_00009;9;;Rue du Travail;18100;18279;Vierzon;;;2.042785;47.232517
18279_le1ny7_00011_bis;11;bis;Rue Jeanne Labourbe;18100;18279;Vierzon;;;2.059504;47.231758
18279_0110_00019;19;;Rue André Hènault;18100;18279;Vierzon;;;2.062907;47.215591
18279_2080_00041;41;;Route de la Loeuf;18100;18279;Vierzon;;;2.037855;47.216672
18279_0545_00081;81;;Route de Bourges;18100;18279;Vierzon;;;2.124122;47.21417
18279_0740_00053;53;;Rue Charles Hurvoy;18100;18279;Vierzon;;;2.066222;47.228323
18279_1732_00086;86;;Square Henriette Dumuin;18100;18279;Vierzon;;;2.080542;47.202405
18279_1170_00008_bis;8;bis;Rue des Epinettes;18100;18279;Vierzon;;;2.068043;47.22441
18279_66j5mf_00025;25;;Chemin des Noues;18100;18279;Vierzon;;;2.044709;47.210804
18279_1250_00087;87;;Rue Eugène Pottier;18100;18279;Vierzon;;;2.098131;47.225451
18279_1290_00139;139;;Rue Félix Pyat;18100;18279;Vierzon;;;2.090754;47.228717
18279_2320_00026;26;;Rue Millière;18100;18279;Vierzon;;;2.050227;47.226706
18279_1840_00009;9;;Rue Jean-baptiste Clément;18100;18279;Vierzon;;;2.070621;47.227657
18279_2870_00115;115;;Route de Puits Berteau;18100;18279;Vierzon;;;2.069084;47.237124
18279_1210_00002;2;;Rue Etienne Desroches;18100;18279;Vierzon;;;2.099216;47.221421
18279_2560_00020_bis;20;bis;Rue Pasteur;18100;18279;Vierzon;;;2.086042;47.220013
18279_1877_00065;65;;Avenue Jean Jaurès;18100;18279;Vierzon;;;2.043168;47.231407
18279_2503_00006;6;;Rue Pablo Picasso;18100;18279;Vierzon;;;2.083294;47.2009
18279_0460_00010_bis;10;bis;Rue Blanqui;18100;18279;Vierzon;;;2.049063;47.225882
18279_0275_00017;17;;Rue Bara;18100;18279;Vierzon;;;2.045275;47.233048
18279_1240_00066;66;;Rue Etienne Nivet;18100;18279;Vierzon;;;2.084895;47.221456
18279_0053_00008;8;;Rue Alfred Nobel;18100;18279;Vierzon;;;2.076497;47.201333
18279_0870_00001;1;;Rue Condorcet;18100;18279;Vierzon;;;2.072428;47.21831
18279_0160_00089;89;;Rue Armand Bazile;18100;18279;Vierzon;;;2.079985;47.215208
18279_0110_00049;49;;Rue André Hènault;18100;18279;Vierzon;;;2.059906;47.215445
18279_2472_00025;25;;Route des Noues;18100;18279;Vierzon;;;2.045194;47.210806
18279_2503_00014;14;;Rue Pablo Picasso;18100;18279;Vierzon;;;2.083231;47.200731
18279_2950_00040;40;;Avenue de la République;18100;18279;Vierzon;;;2.064906;47.22354
18279_1840_00002;2;;Rue Jean-baptiste Clément;18100;18279;Vierzon;;;2.070553;47.227319
18279_2928_00003;3;;Impasse Raspail;18100;18279;Vierzon;;;2.075456;47.223824
18279_2750_01510;1510;;Rue des Pillots;18100;18279;Vierzon;;;2.05204;47.213899
18279_lukrq1_00013;13;;Rue Rouget de Lisle;18100;18279;Vierzon;;;2.046642;47.232645
18279_0800_00029;29;;Quai du Cher;18100;18279;Vierzon;;;2.062717;47.216205
18279_1120_00037;37;;Rue Edouard Branly;18100;18279;Vierzon;;;2.103962;47.219295
18279_3073_00005_bis;5;bis;Rue de la Société Française;18100;18279;Vierzon;;;2.061199;47.224751
18279_1760_00021;21;;Rue d'Héry;18100;18279;Vierzon;;;2.071191;47.212774
18279_2655_00001;1;;Rue de la Petite Vitesse;18100;18279;Vierzon;;;2.057544;47.226329
18279_0120_00049;49;;Rue André Ribaud;18100;18279;Vierzon;;;2.068074;47.231802
18279_1770_00023;23;;Rue Honoré de Balzac;18100;18279;Vierzon;;;2.063974;47.212212
18279_3052_00007_b;7;b;Route de Saint Lazare;18100;18279;Vierzon;;;2.097541;47.208352
18279_1055_00011;11;;Avenue du 19 Mars 1962;18100;18279;Vierzon;;;2.089009;47.237746
18279_1230_00002;2;;Rue Etienne Marcel;18100;18279;Vierzon;;;2.091723;47.218992
18279_3048_00023;23;;Route de Saint Laurent;18100;18279;Vierzon;;;2.118429;47.2186
18279_2340_00022;22;;Rue Molière;18100;18279;Vierzon;;;2.065207;47.219101
18279_1144_00036_a;36;a;Rue Elsa Triolet;18100;18279;Vierzon;;;2.085981;47.229946
18279_0545_00019;19;;Route de Bourges;18100;18279;Vierzon;;;2.110496;47.215385
18279_3047_00091;91;;Rue Saint Exupéry;18100;18279;Vierzon;;;2.067264;47.201005
18279_1720_00030;30;;Rue Henri Barbusse;18100;18279;Vierzon;;;2.064458;47.23106
18279_3202_00033;33;;Avenue de Verdun;18100;18279;Vierzon;;;2.073429;47.225479
18279_0963_00003_b;3;b;Route de la Croix;18100;18279;Vierzon;;;2.105413;47.229629
18279_3300_00008;8;;Rue Voltaire;18100;18279;Vierzon;;;2.067675;47.221631
18279_0840_00003_bis;3;bis;Rue Claude Michaud;18100;18279;Vierzon;;;2.064906;47.213662
18279_0482_00009;9;;Rue du Bois d'Yèvre;18100;18279;Vierzon;;;2.069839;47.218597
18279_1128_00080;80;;Avenue Edouard Vaillant;18100;18279;Vierzon;;;2.06081;47.235493
18279_1290_00164;164;;Rue Félix Pyat;18100;18279;Vierzon;;;2.095283;47.228165
18279_2930_00043_ter;43;ter;Rue Raspail;18100;18279;Vierzon;;;2.077835;47.222796
18279_3061_00004;4;;Boulevard Salvador Allende;18100;18279;Vierzon;;;2.084747;47.226688
18279_0890_00008_bis;8;bis;Rue de la Convention;18100;18279;Vierzon;;;2.101156;47.218223
18279_0310_01044;1044;;Rue du Bas de Grange;18100;18279;Vierzon;;;2.057459;47.224092
18279_3180_00021;21;;Rue Van Craeynest;18100;18279;Vierzon;;;2.06463;47.209262
18279_1290_00050;50;;Rue Félix Pyat;18100;18279;Vierzon;;;2.083412;47.228164
18279_0800_00003;3;;Quai du Cher;18100;18279;Vierzon;;;2.064446;47.216025
18279_1032_00001_b;1;b;Rue Diderot;18100;18279;Vierzon;;;2.071305;47.218682
18279_1320_00062;62;;Route de Foëcy;18100;18279;Vierzon;;;2.105699;47.207512
18279_0623_00001;1;;Rue Camelinat;18100;18279;Vierzon;;;2.071122;47.23616
18279_1155_00051;51;;Rue Emile Desforges;18100;18279;Vierzon;;;2.085283;47.229106
18279_0542_00040_bis;40;bis;Rue du Bourdoiseau;18100;18279;Vierzon;;;2.062982;47.233363
18279_3222_00031;31;;Impasse de Vieilfond;18100;18279;Vierzon;;;2.066945;47.242776
18279_1240_00094;94;;Rue Etienne Nivet;18100;18279;Vierzon;;;2.089732;47.2199
18279_0445_00007;7;;Chemin Blanc;18100;18279;Vierzon;;;2.053132;47.20742
18279_2650_00016;16;;Rue de la Petite Noue;18100;18279;Vierzon;;;2.058894;47.206849
18279_66j5mf_00060;60;;Chemin des Noues;18100;18279;Vierzon;;;2.043499;47.211415
18279_0460_00001;1;;Rue Blanqui;18100;18279;Vierzon;;;2.051229;47.228343
18279_2520_00006;6;;Rue du Panorama;18100;18279;Vierzon;;;2.070249;47.212528
18279_0435_00027;27;;Rue de Bitterfeld;18100;18279;Vierzon;;;2.084803;47.2028
18279_0350_00089;89;;Rue Beau Site;18100;18279;Vierzon;;;2.070406;47.207283
18279_3170_01630;1630;;Rue de Valmy;18100;18279;Vierzon;;;2.069296;47.219017
18279_0844_00008;8;;Impasse du Clos Chabot;18100;18279;Vierzon;;;2.080069;47.229109
18279_1840_00017;17;;Rue Jean-baptiste Clément;18100;18279;Vierzon;;;2.070892;47.228592
18279_671bao_00012_b;12;b;avenue maréchal philippe leclerc de hauteclocque;18100;18279;Vierzon;;;2.062278;47.210103
18279_2330_00110;110;;Rue Mirabeau;18100;18279;Vierzon;;;2.050265;47.20928
18279_2950_00050;50;;Avenue de la République;18100;18279;Vierzon;;;2.063575;47.224167
18279_1730_00030;30;;Avenue Henri Brisson;18100;18279;Vierzon;;;2.061063;47.228841
18279_1250_00055;55;;Rue Eugène Pottier;18100;18279;Vierzon;;;2.098396;47.223181
18279_2390_00006_b;6;b;Rue du Mouton;18100;18279;Vierzon;;;2.081571;47.230703
18279_1170_00025;25;;Rue des Epinettes;18100;18279;Vierzon;;;2.069865;47.22668
18279_0720_00009;9;;Rue des Changes;18100;18279;Vierzon;;;2.068852;47.223588
18279_2845_00006;6;;Passage Proudhon;18100;18279;Vierzon;;;2.049177;47.232679
18279_3118_00007;7;;Chemin du Terrichon;18100;18279;Vierzon;;;2.034092;47.217028
18279_1165_00004;4;;Rue de l'Epargne;18100;18279;Vierzon;;;2.057305;47.236193
18279_3170_00002;2;;Rue de Valmy;18100;18279;Vierzon;;;2.066931;47.219119
18279_2608_00004;4;;Chemin des Peages;18100;18279;Vierzon;;;2.033787;47.225895
18279_3170_00018;18;;Rue de Valmy;18100;18279;Vierzon;;;2.06919;47.218986
18279_1055_00018_q;18;q;Avenue du 19 Mars 1962;18100;18279;Vierzon;;;2.092915;47.240594
18279_3160_00004;4;;Rue du Val Fleury;18100;18279;Vierzon;;;2.070858;47.212499
18279_0339_00021;21;;Chemin de la Bazinière;18100;18279;Vierzon;;;2.091297;47.248351
18279_1270_00010;10;;Petite Rue de Fay;18100;18279;Vierzon;;;2.051213;47.235888
18279_1877_00073;73;;Avenue Jean Jaurès;18100;18279;Vierzon;;;2.041626;47.231807
18279_2740_00010;10;;Avenue Pierre Sémard;18100;18279;Vierzon;;;2.061097;47.225172
18279_1393_00003_bis;3;bis;Chemin des Fromenteaux;18100;18279;Vierzon;;;2.108452;47.228931
18279_1240_00104;104;;Rue Etienne Nivet;18100;18279;Vierzon;;;2.090738;47.219395
18279_1870_00017;17;;Rue Jean Jacques Rousseau;18100;18279;Vierzon;;;2.070991;47.218736
18279_0740_00085_a;85;a;Rue Charles Hurvoy;18100;18279;Vierzon;;;2.061877;47.229622
18279_0020_00040;40;;Chemin de l’Abricot;18100;18279;Vierzon;;;2.048857;47.218896
18279_0150_00010;10;;Place Aristide Briand;18100;18279;Vierzon;;;2.067126;47.222007
18279_1391_00006;6;;Rue de la Fringale;18100;18279;Vierzon;;;2.040777;47.23263
18279_2085_00031;31;;Rue des Lilas;18100;18279;Vierzon;;;2.056761;47.233753
18279_2795_00092;92;;Rue des Ponts;18100;18279;Vierzon;;;2.066161;47.218323
18279_2155_00078;78;;Avenue du 8 Mai 1945;18100;18279;Vierzon;;;2.080074;47.23056
18279_1536_00008;8;;Rue Georges Politzer;18100;18279;Vierzon;;;2.07803;47.204213
18279_0260_00012;12;;Petite Rue Babeuf;18100;18279;Vierzon;;;2.045441;47.234817
18279_3133_00081;81;;Route de Tours;18100;18279;Vierzon;;;2.032435;47.236904
18279_0150_00009;9;;Place Aristide Briand;18100;18279;Vierzon;;;2.06746;47.221872
18279_1290_00095;95;;Rue Félix Pyat;18100;18279;Vierzon;;;2.088198;47.227418
18279_0545_00047;47;;Route de Bourges;18100;18279;Vierzon;;;2.118196;47.21468
18279_1870_00065;65;;Rue Jean Jacques Rousseau;18100;18279;Vierzon;;;2.0745;47.218246
18279_0980_00019;19;;Rue du Crot à Foulon;18100;18279;Vierzon;;;2.063237;47.230551
18279_0370_00149;149;;Route de Bellon;18100;18279;Vierzon;;;2.082109;47.201722
18279_0085_00025_a;25;a;Imp Ancienne Cite de la Verrerie;18100;18279;Vierzon;;;2.100274;47.210304
18279_0417_00035;35;;Rue Berty Albrecht;18100;18279;Vierzon;;;2.05388;47.210089
18279_1549_00030_b;30;b;Chemin de la Giraudiere;18100;18279;Vierzon;;;2.029273;47.236775
18279_p07zqe_00007;7;;Chemin du Pre d’Anet;18100;18279;Vierzon;;;2.074152;47.219885
18279_0110_00005;5;;Rue André Hènault;18100;18279;Vierzon;;;2.064425;47.215633
18279_0963_00013;13;;Route de la Croix;18100;18279;Vierzon;;;2.09935;47.228611
18279_2870_00101;101;;Route de Puits Berteau;18100;18279;Vierzon;;;2.071053;47.237371
18279_1128_00095;95;;Avenue Edouard Vaillant;18100;18279;Vierzon;;;2.061039;47.23713
18279_3147_00029;29;;Rue de l'Unité;18100;18279;Vierzon;;;2.072374;47.236275
18279_0270_01020;1020;;Rue Babeuf;18100;18279;Vierzon;;;2.045853;47.233687
18279_1950_00024;24;;Avenue du Jonc;18100;18279;Vierzon;;;2.067594;47.209859
18279_0042_00005;5;;Chemin des Ajoncs;18100;18279;Vierzon;;;2.098192;47.23416
18279_3141_00002;2;;Chemin de la Trietterie;18100;18279;Vierzon;;;2.095051;47.242376
18279_0220_00039;39;;Rue Auber;18100;18279;Vierzon;;;2.081541;47.2135
18279_1128_00062;62;;Avenue Edouard Vaillant;18100;18279;Vierzon;;;2.060854;47.234526
18279_2560_00022;22;;Rue Pasteur;18100;18279;Vierzon;;;2.086101;47.219913
18279_1538_00048;48;;Rue Georges Rousseau;18100;18279;Vierzon;;;2.05788;47.210607
18279_3060_00015;15;;Rue du Sergent Bobillot;18100;18279;Vierzon;;;2.047834;47.228895
18279_0120_00102;102;;Rue André Ribaud;18100;18279;Vierzon;;;2.071552;47.23439
18279_0110_00041;41;;Rue André Hènault;18100;18279;Vierzon;;;2.061102;47.215503
18279_1145_00012;12;;Rue Emile Accolas;18100;18279;Vierzon;;;2.062896;47.231724
18279_2058_00066_a;66;a;Rue Léo Mérigot;18100;18279;Vierzon;;;2.053131;47.227542
18279_1290_00037_b;37;b;Rue Félix Pyat;18100;18279;Vierzon;;;2.08225;47.229193
18279_0951_00012;12;;Chemin des Grandes Crêles;18100;18279;Vierzon;;;2.070482;47.204858
18279_2750_00021;21;;Rue des Pillots;18100;18279;Vierzon;;;2.053529;47.213701
18279_b2fplh_00006;6;;Residence Mermoz;18100;18279;Vierzon;;;2.062818;47.203543
18279_2085_00027;27;;Rue des Lilas;18100;18279;Vierzon;;;2.05648;47.233307
18279_0890_00033;33;;Rue de la Convention;18100;18279;Vierzon;;;2.102766;47.219314
18279_1560_00025;25;;Rue Gourdon;18100;18279;Vierzon;;;2.065483;47.224568
18279_0840_00024;24;;Rue Claude Michaud;18100;18279;Vierzon;;;2.067711;47.21381
18279_0950_00006;6;;Chemin des Crêles;18100;18279;Vierzon;;;2.08176;47.19803
18279_2910_00062;62;;Avenue du 14 Juillet;18100;18279;Vierzon;;;2.063754;47.212443
18279_2770_00060;60;;Rue de la Plaisance;18100;18279;Vierzon;;;2.096979;47.221388
18279_0310_00016_u;16;u;Rue du Bas de Grange;18100;18279;Vierzon;;;2.054967;47.224493
18279_2055_00014;14;;Rue Lénine;18100;18279;Vierzon;;;2.063696;47.233228
18279_2190_00045;45;;Rue Marcel Perrin;18100;18279;Vierzon;;;2.070929;47.226672
18279_2320_00027;27;;Rue Millière;18100;18279;Vierzon;;;2.050149;47.226344
18279_2995_00029;29;;Rue Roland Champenier;18100;18279;Vierzon;;;2.069811;47.238864
18279_2155_00021;21;;Avenue du 8 Mai 1945;18100;18279;Vierzon;;;2.076693;47.228067
18279_1870_00099;99;;Rue Jean Jacques Rousseau;18100;18279;Vierzon;;;2.081272;47.216925
18279_2100_00003;3;;Rue des Longueraies;18100;18279;Vierzon;;;2.057517;47.231226
18279_1120_00032;32;;Rue Edouard Branly;18100;18279;Vierzon;;;2.104376;47.218831
18279_2685_00005;5;;Avenue Pierre Billes;18100;18279;Vierzon;;;2.1126;47.202359
18279_a600_00003;3;;Residence Val d’Yevre;18100;18279;Vierzon;;;2.093764;47.218642
18279_0545_00065;65;;Route de Bourges;18100;18279;Vierzon;;;2.120963;47.214435
18279_3150_00067;67;;Place Vaillant Couturier;18100;18279;Vierzon;;;2.070514;47.223155
18279_1290_00005;5;;Rue Félix Pyat;18100;18279;Vierzon;;;2.080631;47.23049
18279_1870_00052_bis;52;bis;Rue Jean Jacques Rousseau;18100;18279;Vierzon;;;2.080378;47.217203
18279_0190_00101;101;;Rue de l'Armistice;18100;18279;Vierzon;;;2.055392;47.216672
18279_2070_00040;40;;Boulevard de la Liberté;18100;18279;Vierzon;;;2.064275;47.227203
18279_1144_00036;36;;Rue Elsa Triolet;18100;18279;Vierzon;;;2.085318;47.230032
18279_1270_00042;42;;Petite Rue de Fay;18100;18279;Vierzon;;;2.050614;47.238612
18279_0158_00006;6;;Impasse Armand Bazile;18100;18279;Vierzon;;;2.077703;47.21647
18279_1560_00019;19;;Rue Gourdon;18100;18279;Vierzon;;;2.065993;47.224516
18279_0290_00032;32;;Rue Barbès;18100;18279;Vierzon;;;2.05347;47.234789
18279_0170_00018;18;;Rue Armand Brunet;18100;18279;Vierzon;;;2.068921;47.222052
18279_1840_00061;61;;Rue Jean-baptiste Clément;18100;18279;Vierzon;;;2.074734;47.232226
18279_0042_00009;9;;Chemin des Ajoncs;18100;18279;Vierzon;;;2.08072;47.237951
18279_2390_00022;22;;Rue du Mouton;18100;18279;Vierzon;;;2.083499;47.2305
18279_2220_00063;63;;Rue du Maréchal Joffre;18100;18279;Vierzon;;;2.070715;47.222907
18279_2260_00034;34;;Route de Méreau;18100;18279;Vierzon;;;2.06156;47.207495
18279_3130_00014;14;;Rue Théodore Roosevelt;18100;18279;Vierzon;;;2.068575;47.224051
18279_0445_00065;65;;Chemin Blanc;18100;18279;Vierzon;;;2.061246;47.203887
18279_1838_00008;8;;impasse jean-baptiste clément;18100;18279;Vierzon;;;2.07492;47.231479
18279_1770_00012;12;;Rue Honoré de Balzac;18100;18279;Vierzon;;;2.06537;47.21265
18279_a255_00010;10;;Residence d’Hery;18100;18279;Vierzon;;;2.074703;47.208852
18279_1128_00139;139;;Avenue Edouard Vaillant;18100;18279;Vierzon;;;2.060892;47.240836
18279_3310_00012;12;;Quai d'Yèvre;18100;18279;Vierzon;;;2.064224;47.219367
18279_2370_00003_d;3;d;Rue de la Montagne;18100;18279;Vierzon;;;2.073094;47.221961
18279_1128_00004_bis;4;bis;Avenue Edouard Vaillant;18100;18279;Vierzon;;;2.061098;47.230173
18279_1250_00109;109;;Rue Eugène Pottier;18100;18279;Vierzon;;;2.09762;47.227058
18279_1720_00079_a;79;a;Rue Henri Barbusse;18100;18279;Vierzon;;;2.065748;47.2381
18279_0270_00018;18;;Rue Babeuf;18100;18279;Vierzon;;;2.045386;47.23369
18279_2390_00038;38;;Rue du Mouton;18100;18279;Vierzon;;;2.084136;47.230516
18279_2080_00135;135;;Route de la Loeuf;18100;18279;Vierzon;;;2.031078;47.208823
18279_0980_00011_bis;11;bis;Rue du Crot à Foulon;18100;18279;Vierzon;;;2.064193;47.229876
18279_0545_00039;39;;Route de Bourges;18100;18279;Vierzon;;;2.116758;47.214824
18279_3202_00052;52;;Avenue de Verdun;18100;18279;Vierzon;;;2.074016;47.225763
18279_2688_00010;10;;Rue Pierre Brossolette;18100;18279;Vierzon;;;2.076465;47.204872
18279_1230_00018;18;;Rue Etienne Marcel;18100;18279;Vierzon;;;2.095164;47.218118
18279_2360_00015_bis;15;bis;Rue de la Monnaie;18100;18279;Vierzon;;;2.0707;47.222583
18279_3251_00021_b;21;b;Rue du Village Aubry;18100;18279;Vierzon;;;2.100612;47.218509
18279_1980_00028_a;28;a;Rue Jules Guesde;18100;18279;Vierzon;;;2.046531;47.22777
18279_1300_00041;41;;Rue Fernand Léger;18100;18279;Vierzon;;;2.085413;47.228742
18279_2410_00031;31;;Boulevard de la Nation;18100;18279;Vierzon;;;2.058133;47.214774
18279_1375_00014;14;;Rue France Bloch-sérazin;18100;18279;Vierzon;;;2.077561;47.20699
18279_1605_00014_bis;14;bis;Chemin des Gdes Noues Fontaines;18100;18279;Vierzon;;;2.045377;47.209055
18279_0417_00025_bis;25;bis;Rue Berty Albrecht;18100;18279;Vierzon;;;2.055533;47.210029
18279_3285_00013;13;;Rue Vincent Auriol;18100;18279;Vierzon;;;2.087863;47.199909
18279_1155_00058;58;;Rue Emile Desforges;18100;18279;Vierzon;;;2.08641;47.229742
18279_1605_00016;16;;Chemin des Gdes Noues Fontaines;18100;18279;Vierzon;;;2.045442;47.208285
18279_1626_00005;5;;Chemin de la Gratouille;18100;18279;Vierzon;;;2.047799;47.234872
18279_1250_00088;88;;Rue Eugène Pottier;18100;18279;Vierzon;;;2.098485;47.223376
18279_0445_00023;23;;Chemin Blanc;18100;18279;Vierzon;;;2.055387;47.206757
18279_1230_00087;87;;Rue Etienne Marcel;18100;18279;Vierzon;;;2.102185;47.216843
18279_2188_00016;16;;Rue Marcel Pagnol;18100;18279;Vierzon;;;2.076382;47.210447
18279_1230_00040_c;40;c;Rue Etienne Marcel;18100;18279;Vierzon;;;2.097629;47.217799
18279_0963_00054;54;;Route de la Croix;18100;18279;Vierzon;;;2.108691;47.228908
18279_0080_00079;79;;Rue Anatole France;18100;18279;Vierzon;;;2.052512;47.222127
18279_2200_00016_c;16;c;Rue Marcel Sembat;18100;18279;Vierzon;;;2.052905;47.229068
18279_2260_00056;56;;Route de Méreau;18100;18279;Vierzon;;;2.060751;47.205522
18279_2100_00046;46;;Rue des Longueraies;18100;18279;Vierzon;;;2.058376;47.23363
18279_1840_00079;79;;Rue Jean-baptiste Clément;18100;18279;Vierzon;;;2.077136;47.233351
18279_0160_00082;82;;Rue Armand Bazile;18100;18279;Vierzon;;;2.08145;47.214874
18279_1450_00028;28;;Rue Gambon;18100;18279;Vierzon;;;2.074129;47.227022
18279_1538_00018;18;;Rue Georges Rousseau;18100;18279;Vierzon;;;2.058081;47.21244
18279_1710_00031;31;;Rue Guy Môquet;18100;18279;Vierzon;;;2.07437;47.211927
18279_0120_00029;29;;Rue André Ribaud;18100;18279;Vierzon;;;2.066322;47.230857
18279_1194_00017;17;;Chemin de l’Etang du Verdin;18100;18279;Vierzon;;;2.041368;47.23652
18279_0842_00003;3;;Chemin du Cloître;18100;18279;Vierzon;;;2.032428;47.225551
18279_1308_00010;10;;Impasse des Feuillures;18100;18279;Vierzon;;;2.064784;47.211052
18279_1440_00008;8;;Rue Gambetta;18100;18279;Vierzon;;;2.096805;47.220743
18279_a150_00005;5;;Residence les Dumaines;18100;18279;Vierzon;;;2.093569;47.219783
18279_1990_00060;60;;Rue Jules Louis Breton;18100;18279;Vierzon;;;2.081679;47.220343
18279_1250_00097;97;;Rue Eugène Pottier;18100;18279;Vierzon;;;2.09791;47.226149
18279_1700_00044;44;;Rue Gustave Flourens;18100;18279;Vierzon;;;2.054383;47.231484
18279_1750_00038;38;;Rue Henri Sellier;18100;18279;Vierzon;;;2.056132;47.217839
18279_0100_00024;24;;Rue André Guillemain;18100;18279;Vierzon;;;2.081636;47.21587
18279_2058_00006;6;;Rue Léo Mérigot;18100;18279;Vierzon;;;2.049691;47.230102
18279_2750_00002;2;;Rue des Pillots;18100;18279;Vierzon;;;2.056954;47.214005
18279_0120_00148;148;;Rue André Ribaud;18100;18279;Vierzon;;;2.075349;47.236245
18279_0445_00101;101;;Chemin Blanc;18100;18279;Vierzon;;;2.063355;47.20215
18279_a300_00006;6;;Residence les Moulins Verts;18100;18279;Vierzon;;;2.062668;47.230047
18279_0440_00005;5;;Rue Blaise Pascal;18100;18279;Vierzon;;;2.075789;47.21759
18279_0387_00010;10;;Passage des Bergeries;18100;18279;Vierzon;;;2.051275;47.224549
18279_0120_00117;117;;Rue André Ribaud;18100;18279;Vierzon;;;2.073806;47.235171
18279_0890_00139;139;;Rue de la Convention;18100;18279;Vierzon;;;2.109696;47.224998
18279_2188_00032;32;;Rue Marcel Pagnol;18100;18279;Vierzon;;;2.07493;47.209882
18279_2040_00005;5;;Avenue Mal Philippe Leclerc de Ha;18100;18279;Vierzon;;;2.059835;47.209567
18279_0387_00020;20;;Passage des Bergeries;18100;18279;Vierzon;;;2.050317;47.224258
18279_2950_00028_a;28;a;Avenue de la République;18100;18279;Vierzon;;;2.065189;47.223387
18279_0830_00008;8;;Rue Claude Bernard;18100;18279;Vierzon;;;2.076933;47.217116
18279_2155_00059_x;59;x;Avenue du 8 Mai 1945;18100;18279;Vierzon;;;2.079161;47.231086
18279_2260_00033_bis;33;bis;Route de Méreau;18100;18279;Vierzon;;;2.061529;47.207073
18279_1230_00028_c;28;c;Rue Etienne Marcel;18100;18279;Vierzon;;;2.096624;47.217959
18279_1470_00042;42;;Rue Gaston Cornavin;18100;18279;Vierzon;;;2.087333;47.229877
18279_2560_00017;17;;Rue Pasteur;18100;18279;Vierzon;;;2.085263;47.219854
18279_0380_00013;13;;Chemin de la Bercetterie;18100;18279;Vierzon;;;2.033299;47.23996
18279_1450_00023;23;;Rue Gambon;18100;18279;Vierzon;;;2.073775;47.226965
18279_0842_00005;5;;Chemin du Cloître;18100;18279;Vierzon;;;2.032123;47.225373
18279_3110_00010;10;;Rue des Terres Mortes;18100;18279;Vierzon;;;2.057092;47.208124
18279_3150_00016;16;;Place Vaillant Couturier;18100;18279;Vierzon;;;2.069879;47.223553
18279_2776_00006;6;;Rue du Plessis;18100;18279;Vierzon;;;2.092078;47.229483
18279_2870_00023;23;;Route de Puits Berteau;18100;18279;Vierzon;;;2.077901;47.234587
18279_1120_00011;11;;Rue Edouard Branly;18100;18279;Vierzon;;;2.1047;47.217229
18279_0082_00032;32;;Petite Rue Anatole France;18100;18279;Vierzon;;;2.048523;47.221476
18279_0497_00010_bis;10;bis;Chemin de Bois Marteau;18100;18279;Vierzon;;;2.056686;47.238854
18279_1110_00009;9;;Rue Edgar Quinet;18100;18279;Vierzon;;;2.066198;47.223603
18279_2655_00005;5;;Rue de la Petite Vitesse;18100;18279;Vierzon;;;2.05744;47.226196
18279_1980_00017_bis;17;bis;Rue Jules Guesde;18100;18279;Vierzon;;;2.048036;47.227505
18279_1915_00038;38;;Rue Jean Vilar;18100;18279;Vierzon;;;2.083927;47.199795
18279_2302_00006;6;;Rue Michel Lucas;18100;18279;Vierzon;;;2.085071;47.230945
18279_3170_00006;6;;Rue de Valmy;18100;18279;Vierzon;;;2.06764;47.219095
18279_1840_00062_bis;62;bis;Rue Jean-baptiste Clément;18100;18279;Vierzon;;;2.072032;47.231885
18279_2980_00016;16;;Rue Riparia;18100;18279;Vierzon;;;2.060168;47.213638
18279_2688_00003;3;;Rue Pierre Brossolette;18100;18279;Vierzon;;;2.077215;47.204863
18279_1591_00004_a;4;a;Chemin du Grand Orme;18100;18279;Vierzon;;;2.103001;47.230118
18279_3133_00072;72;;Route de Tours;18100;18279;Vierzon;;;2.031715;47.237539
18279_1128_00015_f;15;f;Avenue Edouard Vaillant;18100;18279;Vierzon;;;2.061544;47.230143
18279_0600_00055;55;;Petite Rue du Camp;18100;18279;Vierzon;;;2.062179;47.207347
18279_2770_00033;33;;Rue de la Plaisance;18100;18279;Vierzon;;;2.093509;47.220991
18279_0710_00023;23;;Rue du Champanet;18100;18279;Vierzon;;;2.061742;47.220241
18279_1460_00027_c;27;c;Rue Garibaldi;18100;18279;Vierzon;;;2.057067;47.222108
18279_0130_00009;9;;Rue Antoine Parmentier;18100;18279;Vierzon;;;2.046488;47.229308
18279_0160_00028_b;28;b;Rue Armand Bazile;18100;18279;Vierzon;;;2.073511;47.217083
18279_1536_00055;55;;Rue Georges Politzer;18100;18279;Vierzon;;;2.080784;47.20411
18279_1128_00079_ter;79;ter;Avenue Edouard Vaillant;18100;18279;Vierzon;;;2.061248;47.235256
18279_1840_00008_c;8;c;Rue Jean-baptiste Clément;18100;18279;Vierzon;;;2.07026;47.227682
18279_0420_00014_c;14;c;Rue de la Bidauderie;18100;18279;Vierzon;;;2.079567;47.234152
18279_1062_00001;1;;Rue du Docteur Pierre Roux;18100;18279;Vierzon;;;2.068744;47.224213
18279_1405_00004;4;;Rue Gagarine;18100;18279;Vierzon;;;2.080205;47.223684
18279_2560_00050;50;;Rue Pasteur;18100;18279;Vierzon;;;2.089027;47.219494
18279_2816_00017;17;;Passage du Pré d'Anet;18100;18279;Vierzon;;;2.07526;47.219684
18279_1300_00031;31;;Rue Fernand Léger;18100;18279;Vierzon;;;2.085758;47.228286
18279_2580_00004;4;;Rue Paul Doumer;18100;18279;Vierzon;;;2.056827;47.21315
18279_a070_00031;31;;Residence des Bruyeres;18100;18279;Vierzon;;;2.065856;47.206036
18279_1605_00024;24;;Chemin des Gdes Noues Fontaines;18100;18279;Vierzon;;;2.044384;47.20806
18279_0630_00010;10;;Impasse Casimir Lecomte;18100;18279;Vierzon;;;2.063159;47.22541
18279_0541_00007;7;;Passage du Bourdoiseau;18100;18279;Vierzon;;;2.063115;47.23535
18279_0310_00023;23;;Rue du Bas de Grange;18100;18279;Vierzon;;;2.058228;47.223616
18279_0100_00039;39;;Rue André Guillemain;18100;18279;Vierzon;;;2.080979;47.214363
18279_2260_00060;60;;Route de Méreau;18100;18279;Vierzon;;;2.060618;47.205198
18279_1950_00037;37;;Avenue du Jonc;18100;18279;Vierzon;;;2.067277;47.209994
18279_2800_00009;9;;Rue Porte aux Boeufs;18100;18279;Vierzon;;;2.071154;47.223586
18279_0870_00002_b;2;b;Rue Condorcet;18100;18279;Vierzon;;;2.072474;47.218208
18279_0090_00006_e;6;e;Rue Andre de Chenier;18100;18279;Vierzon;;;2.074741;47.218829
18279_0626_00006;6;;Allée Camille Blanc;18100;18279;Vierzon;;;2.068095;47.238405
18279_1480_00003_ter;3;ter;Rue de la Gaucherie;18100;18279;Vierzon;;;2.066463;47.221739
18279_1480_00010;10;;Rue de la Gaucherie;18100;18279;Vierzon;;;2.065392;47.222372
18279_0497_00018;18;;Chemin de Bois Marteau;18100;18279;Vierzon;;;2.055925;47.239448
18279_0600_00043;43;;Petite Rue du Camp;18100;18279;Vierzon;;;2.064024;47.207094
18279_2058_00058;58;;Rue Léo Mérigot;18100;18279;Vierzon;;;2.052295;47.227805
18279_2410_00012;12;;Boulevard de la Nation;18100;18279;Vierzon;;;2.059984;47.215972
18279_0542_00055;55;;Rue du Bourdoiseau;18100;18279;Vierzon;;;2.062193;47.234633
18279_2040_00056;56;;Avenue Mal Philippe Leclerc de Ha;18100;18279;Vierzon;;;2.052546;47.208632
18279_2485_00011;11;;Rue du 11 Novembre 1918;18100;18279;Vierzon;;;2.065598;47.221401
18279_2189_00010;10;;Rue Marcel Paul;18100;18279;Vierzon;;;2.088335;47.234228
18279_3222_00010;10;;Impasse de Vieilfond;18100;18279;Vierzon;;;2.066264;47.240346
18279_2608_00027;27;;Chemin des Peages;18100;18279;Vierzon;;;2.028667;47.226016
18279_0710_00038;38;;Rue du Champanet;18100;18279;Vierzon;;;2.06259;47.220311
18279_2795_00060_d;60;d;Rue des Ponts;18100;18279;Vierzon;;;2.066485;47.218912
18279_2610_00026;26;;Chemin des Pelles;18100;18279;Vierzon;;;2.043088;47.223507
18279_1700_00027;27;;Rue Gustave Flourens;18100;18279;Vierzon;;;2.055126;47.231153
18279_le1ny7_00015_a;15;a;Rue Jeanne Labourbe;18100;18279;Vierzon;;;2.059738;47.231907
18279_2100_00006;6;;Rue des Longueraies;18100;18279;Vierzon;;;2.057221;47.231034
18279_2502_00007;7;;Rue Pablo Neruda;18100;18279;Vierzon;;;2.082964;47.226115
18279_1240_00062;62;;Rue Etienne Nivet;18100;18279;Vierzon;;;2.084321;47.221393
18279_1328_00006;6;;Chemin des Fondereaux;18100;18279;Vierzon;;;2.113228;47.219348
18279_0890_00036;36;;Rue de la Convention;18100;18279;Vierzon;;;2.102894;47.219278
18279_1536_00027;27;;Rue Georges Politzer;18100;18279;Vierzon;;;2.080013;47.204049
18279_2830_00057;57;;Rue du President Wilson;18100;18279;Vierzon;;;2.053399;47.216772
18279_2188_00026;26;;Rue Marcel Pagnol;18100;18279;Vierzon;;;2.075185;47.210343
18279_1440_00010;10;;Rue Gambetta;18100;18279;Vierzon;;;2.096908;47.22066
18279_1840_00076_d;76;d;Rue Jean-baptiste Clément;18100;18279;Vierzon;;;2.074378;47.232367
18279_0710_00006_b;6;b;Rue du Champanet;18100;18279;Vierzon;;;2.065449;47.220475
18279_2870_00044;44;;Route de Puits Berteau;18100;18279;Vierzon;;;2.077618;47.235042
18279_1210_00012;12;;Rue Etienne Desroches;18100;18279;Vierzon;;;2.100604;47.221379
18279_1185_00002;2;;Rue des Etablissements Merlin;18100;18279;Vierzon;;;2.083321;47.232251
18279_3047_00049;49;;Rue Saint Exupéry;18100;18279;Vierzon;;;2.067921;47.203274
18279_0140_00018_a;18;a;Rue Antonin Lerault;18100;18279;Vierzon;;;2.068754;47.214895
18279_0120_00043;43;;Rue André Ribaud;18100;18279;Vierzon;;;2.067795;47.231408
18279_1128_00136_bis;136;bis;Avenue Edouard Vaillant;18100;18279;Vierzon;;;2.060619;47.240103
18279_0710_00051;51;;Rue du Champanet;18100;18279;Vierzon;;;2.059524;47.220269
18279_0890_00127;127;;Rue de la Convention;18100;18279;Vierzon;;;2.109136;47.224011
18279_0270_00026;26;;Rue Babeuf;18100;18279;Vierzon;;;2.044766;47.233575
18279_2309_00040;40;;Chemin des Millards;18100;18279;Vierzon;;;2.107742;47.233903
18279_0339_00004;4;;Chemin de la Bazinière;18100;18279;Vierzon;;;2.086122;47.24657
18279_1128_00006;6;;Avenue Edouard Vaillant;18100;18279;Vierzon;;;2.061099;47.230212
18279_2870_00113;113;;Route de Puits Berteau;18100;18279;Vierzon;;;2.069334;47.237291
18279_0890_00125;125;;Rue de la Convention;18100;18279;Vierzon;;;2.109001;47.223835
18279_1320_00056;56;;Route de Foëcy;18100;18279;Vierzon;;;2.105079;47.207882
18279_1710_00024;24;;Rue Guy Môquet;18100;18279;Vierzon;;;2.076468;47.211306
18279_1940_00040;40;;Rue Joliot Curie;18100;18279;Vierzon;;;2.074259;47.210227
18279_0350_00029;29;;Rue Beau Site;18100;18279;Vierzon;;;2.072725;47.211331
18279_2989_00001;1;;Rue Robert Desnos;18100;18279;Vierzon;;;2.081397;47.200162
18279_1990_00018;18;;Rue Jules Louis Breton;18100;18279;Vierzon;;;2.075677;47.221186
18279_1470_00003;3;;Rue Gaston Cornavin;18100;18279;Vierzon;;;2.087453;47.227613
18279_1712_00009;9;;Hameau de la Dumonerie;18100;18279;Vierzon;;;2.095426;47.219204
18279_0120_00018;18;;Rue André Ribaud;18100;18279;Vierzon;;;2.066157;47.229908
18279_2025_00066;66;;avenue maréchal jean de lattre de tassigny;18100;18279;Vierzon;;;2.069947;47.205975
18279_0866_00068;68;;Avenue du Colonel Manhes;18100;18279;Vierzon;;;2.084519;47.224084
18279_2688_00074;74;;Rue Pierre Brossolette;18100;18279;Vierzon;;;2.0745;47.204373
18279_1980_00022_a;22;a;Rue Jules Guesde;18100;18279;Vierzon;;;2.048057;47.227434
18279_0120_00096;96;;Rue André Ribaud;18100;18279;Vierzon;;;2.071053;47.234207
18279_1840_00072;72;;Rue Jean-baptiste Clément;18100;18279;Vierzon;;;2.073986;47.231863
18279_0190_00106;106;;Rue de l'Armistice;18100;18279;Vierzon;;;2.055561;47.217229
18279_0963_00072;72;;Route de la Croix;18100;18279;Vierzon;;;2.108975;47.228787
18279_0160_00037_b;37;b;Rue Armand Bazile;18100;18279;Vierzon;;;2.073693;47.216963
18279_2610_00019_a;19;a;Chemin des Pelles;18100;18279;Vierzon;;;2.042724;47.223449
18279_2750_00011;11;;Rue des Pillots;18100;18279;Vierzon;;;2.055138;47.213804
18279_0080_00108_a;108;a;Rue Anatole France;18100;18279;Vierzon;;;2.050721;47.222542
18279_1200_00013;13;;Rue de l'Etape;18100;18279;Vierzon;;;2.069237;47.222689
18279_3086_00039;39;;Impasse Suzanne Masson;18100;18279;Vierzon;;;2.078935;47.205078
18279_0730_00016;16;;Rue Charles Gibault;18100;18279;Vierzon;;;2.08177;47.217338
18279_3280_00064;64;;Rue de Villeneuve;18100;18279;Vierzon;;;2.070346;47.209679
18279_3110_00020;20;;Rue des Terres Mortes;18100;18279;Vierzon;;;2.056815;47.207646
18279_1536_00003;3;;Rue Georges Politzer;18100;18279;Vierzon;;;2.078166;47.204879
18279_2503_00026;26;;Rue Pablo Picasso;18100;18279;Vierzon;;;2.083624;47.200769
18279_2330_00080;80;;Rue Mirabeau;18100;18279;Vierzon;;;2.052893;47.210254
18279_1732_00006;6;;Square Henriette Dumuin;18100;18279;Vierzon;;;2.078511;47.202992
18279_1840_00062_ter;62;ter;Rue Jean-baptiste Clément;18100;18279;Vierzon;;;2.073279;47.231455
18279_1500_00010;10;;Rue Gay Lussac;18100;18279;Vierzon;;;2.077291;47.224286
18279_0541_00003;3;;Passage du Bourdoiseau;18100;18279;Vierzon;;;2.062737;47.235403
18279_0440_00016;16;;Rue Blaise Pascal;18100;18279;Vierzon;;;2.07531;47.216075
18279_3147_00005;5;;Rue de l'Unité;18100;18279;Vierzon;;;2.072825;47.235258
18279_671bao_00010;10;;avenue maréchal philippe leclerc de hauteclocque;18100;18279;Vierzon;;;2.05727;47.209355
18279_1032_00016;16;;Rue Diderot;18100;18279;Vierzon;;;2.070984;47.217503
18279_2795_00013;13;;Rue des Ponts;18100;18279;Vierzon;;;2.06645;47.219748
18279_3048_00030;30;;Route de Saint Laurent;18100;18279;Vierzon;;;2.118869;47.218408
18279_b305_01580;1580;;Le Village aux Richoux;18100;18279;Vierzon;;;2.067033;47.242371
18279_3137_00019;19;;Rue du Travail;18100;18279;Vierzon;;;2.043782;47.232505
18279_2290_00009;9;;Rue des Meunières;18100;18279;Vierzon;;;2.05729;47.234226
18279_2770_00019;19;;Rue de la Plaisance;18100;18279;Vierzon;;;2.092232;47.220094
18279_1580_00013;13;;Rue du Grand Clement;18100;18279;Vierzon;;;2.071996;47.227921
18279_1877_00036_c;36;c;Avenue Jean Jaurès;18100;18279;Vierzon;;;2.046321;47.230811
18279_3086_00035;35;;Impasse Suzanne Masson;18100;18279;Vierzon;;;2.079214;47.20485
18279_1775_00013;13;;Rue des Hortensias;18100;18279;Vierzon;;;2.053994;47.233397
18279_0090_00006;6;;Rue Andre de Chenier;18100;18279;Vierzon;;;2.074138;47.219152
18279_0170_00026;26;;Rue Armand Brunet;18100;18279;Vierzon;;;2.069612;47.221886
18279_2685_00002_bis;2;bis;Avenue Pierre Billes;18100;18279;Vierzon;;;2.112639;47.202549
18279_0360_00015;15;;Rue de Bellevue;18100;18279;Vierzon;;;2.072268;47.208864
18279_a300_00008;8;;Residence les Moulins Verts;18100;18279;Vierzon;;;2.062455;47.23018
18279_2335_00009_d;9;d;Rue Miranda de Ebro;18100;18279;Vierzon;;;2.065421;47.218694
18279_1905_00084;84;;Rue Jean Picot;18100;18279;Vierzon;;;2.074687;47.211432
18279_1310_00003;3;;Rue des Feuillures;18100;18279;Vierzon;;;2.067012;47.213325
18279_0075_00033;33;;Rue Ambroise Croizat;18100;18279;Vierzon;;;2.069178;47.235738
18279_0310_00078;78;;Rue du Bas de Grange;18100;18279;Vierzon;;;2.046702;47.22553
18279_2125_00029;29;;Rue Louise Michel;18100;18279;Vierzon;;;2.07099;47.236652
18279_1128_00043;43;;Avenue Edouard Vaillant;18100;18279;Vierzon;;;2.061218;47.23253
18279_1670_00004_bis;4;bis;Rue du Gros Caillou;18100;18279;Vierzon;;;2.069267;47.222322
18279_3160_00048;48;;Rue du Val Fleury;18100;18279;Vierzon;;;2.068857;47.208894
18279_1560_00007;7;;Rue Gourdon;18100;18279;Vierzon;;;2.067564;47.224354
18279_3060_00009;9;;Rue du Sergent Bobillot;18100;18279;Vierzon;;;2.048365;47.229489
18279_2180_00025;25;;Rue Marcel Cachin;18100;18279;Vierzon;;;2.08816;47.228834
18279_1760_00004;4;;Rue d'Héry;18100;18279;Vierzon;;;2.069282;47.213859
18279_1194_00013;13;;Chemin de l’Etang du Verdin;18100;18279;Vierzon;;;2.041229;47.235865
18279_1128_00127;127;;Avenue Edouard Vaillant;18100;18279;Vierzon;;;2.060943;47.239571
18279_3060_00019_ter;19;ter;Rue du Sergent Bobillot;18100;18279;Vierzon;;;2.047424;47.228631
18279_le1ny7_00023;23;;Rue Jeanne Labourbe;18100;18279;Vierzon;;;2.060531;47.231917
18279_1200_00018;18;;Rue de l'Etape;18100;18279;Vierzon;;;2.069689;47.22263
18279_1378_00001;1;;Rue François Mitterrand;18100;18279;Vierzon;;;2.060776;47.221763
18279_2750_00004;4;;Rue des Pillots;18100;18279;Vierzon;;;2.056692;47.213988
18279_0310_00016;16;;Rue du Bas de Grange;18100;18279;Vierzon;;;2.055548;47.224365
18279_1980_00015;15;;Rue Jules Guesde;18100;18279;Vierzon;;;2.049329;47.22759
18279_0350_00082;82;;Rue Beau Site;18100;18279;Vierzon;;;2.070109;47.207285
18279_1840_00081;81;;Rue Jean-baptiste Clément;18100;18279;Vierzon;;;2.077515;47.233529
18279_1290_00111;111;;Rue Félix Pyat;18100;18279;Vierzon;;;2.089529;47.228077
18279_0980_00007_e;7;e;Rue du Crot à Foulon;18100;18279;Vierzon;;;2.06485;47.229917
18279_3055_00029;29;;Chemin de Saint Priest;18100;18279;Vierzon;;;2.034366;47.234741
18279_1929_00015;15;;Impasse de Jérusalem;18100;18279;Vierzon;;;2.066986;47.218215
18279_1194_00004;4;;Chemin de l’Etang du Verdin;18100;18279;Vierzon;;;2.041595;47.234831
18279_0743_00015;15;;Rue Charlotte Delbo;18100;18279;Vierzon;;;2.087111;47.222123
18279_0445_00075;75;;Chemin Blanc;18100;18279;Vierzon;;;2.06185;47.203363
18279_3150_00006;6;;Place Vaillant Couturier;18100;18279;Vierzon;;;2.069628;47.223322
18279_1128_00059;59;;Avenue Edouard Vaillant;18100;18279;Vierzon;;;2.061077;47.233741
18279_1535_00058;58;;Rue Georges Fauconnier;18100;18279;Vierzon;;;2.068758;47.239484
18279_0951_00038;38;;Chemin des Grandes Crêles;18100;18279;Vierzon;;;2.069977;47.201827
18279_1840_00005;5;;Rue Jean-baptiste Clément;18100;18279;Vierzon;;;2.070975;47.22766
18279_0435_00036;36;;Rue de Bitterfeld;18100;18279;Vierzon;;;2.086259;47.201677
18279_66j5mf_00044;44;;Chemin des Noues;18100;18279;Vierzon;;;2.045328;47.210827
18279_2795_00077_bis;77;bis;Rue des Ponts;18100;18279;Vierzon;;;2.065321;47.216969
18279_1128_00059_e;59;e;Avenue Edouard Vaillant;18100;18279;Vierzon;;;2.06103;47.235011
18279_2648_00003;3;;Chemin de la Petite Noue;18100;18279;Vierzon;;;2.061543;47.204684
18279_0866_00062;62;;Avenue du Colonel Manhes;18100;18279;Vierzon;;;2.084014;47.223851
18279_0370_00096;96;;Route de Bellon;18100;18279;Vierzon;;;2.079099;47.208838
18279_2290_00034;34;;Rue des Meunières;18100;18279;Vierzon;;;2.053891;47.234604
18279_1980_00042;42;;Rue Jules Guesde;18100;18279;Vierzon;;;2.044215;47.228473
18279_0543_00006;6;;Petite Rue du Bourdoiseau;18100;18279;Vierzon;;;2.064029;47.232291
18279_0980_00005;5;;Rue du Crot à Foulon;18100;18279;Vierzon;;;2.065088;47.229877
18279_0745_00005;5;;Chemin de Charnay;18100;18279;Vierzon;;;2.029103;47.239755
18279_3280_00092;92;;Rue de Villeneuve;18100;18279;Vierzon;;;2.06927;47.207778
18279_1230_00127;127;;Rue Etienne Marcel;18100;18279;Vierzon;;;2.107064;47.215567
18279_1732_00096;96;;Square Henriette Dumuin;18100;18279;Vierzon;;;2.079747;47.202799
18279_0450_00012;12;;Rue Blanche Baron;18100;18279;Vierzon;;;2.06585;47.222879
18279_0890_00056;56;;Rue de la Convention;18100;18279;Vierzon;;;2.105218;47.220291
18279_2155_00056;56;;Avenue du 8 Mai 1945;18100;18279;Vierzon;;;2.078388;47.22923
18279_2795_00002;2;;Rue des Ponts;18100;18279;Vierzon;;;2.06729;47.220312
18279_2070_00009;9;;Boulevard de la Liberté;18100;18279;Vierzon;;;2.068364;47.226451
18279_0568_00036;36;;Chemin du Briou;18100;18279;Vierzon;;;2.086571;47.225102
18279_1060_00023;23;;Rue du Docteur Lobligeois;18100;18279;Vierzon;;;2.057102;47.217127
18279_0870_00003;3;;Rue Condorcet;18100;18279;Vierzon;;;2.072418;47.218263
18279_1840_00016_t;16;t;Rue Jean-baptiste Clément;18100;18279;Vierzon;;;2.070569;47.228204
18279_0780_00001;1;;Rue du Château;18100;18279;Vierzon;;;2.07086;47.222858
18279_1250_00011;11;;Rue Eugène Pottier;18100;18279;Vierzon;;;2.099211;47.218738
18279_0270_00056;56;;Rue Babeuf;18100;18279;Vierzon;;;2.041248;47.232977
18279_0714_00001_b;1;b;Rue du Champ du Four;18100;18279;Vierzon;;;2.08175;47.233383
18279_0542_00014;14;;Rue du Bourdoiseau;18100;18279;Vierzon;;;2.063545;47.231363
18279_2080_00047;47;;Route de la Loeuf;18100;18279;Vierzon;;;2.036149;47.216959
18279_1062_00015;15;;Rue du Docteur Pierre Roux;18100;18279;Vierzon;;;2.069802;47.224125
18279_2300_00009;9;;Rue Michelet;18100;18279;Vierzon;;;2.073305;47.21766
18279_0500_00017;17;;Rue Boitard;18100;18279;Vierzon;;;2.070406;47.214766
18279_2795_00006;6;;Rue des Ponts;18100;18279;Vierzon;;;2.067251;47.220182
18279_1290_00191;191;;Rue Félix Pyat;18100;18279;Vierzon;;;2.096151;47.228524
18279_0110_00040;40;;Rue André Hènault;18100;18279;Vierzon;;;2.060034;47.215348
18279_2720_00015_a;15;a;Rue Pierre Dupont;18100;18279;Vierzon;;;2.047922;47.234583
18279_1518_00004;4;;Impasse George Sand;18100;18279;Vierzon;;;2.066385;47.224628
18279_0800_00001_a;1;a;Quai du Cher;18100;18279;Vierzon;;;2.064772;47.215884
18279_2620_00071;71;;Rue des Pentecotes;18100;18279;Vierzon;;;2.058647;47.230193
18279_1895_00002;2;;Rue Jean Moulin;18100;18279;Vierzon;;;2.063336;47.233674
18279_0800_00023;23;;Quai du Cher;18100;18279;Vierzon;;;2.063057;47.216383
18279_2220_00029;29;;Rue du Maréchal Joffre;18100;18279;Vierzon;;;2.069538;47.223085
18279_1230_00119_bis;119;bis;Rue Etienne Marcel;18100;18279;Vierzon;;;2.106449;47.215885
18279_3222_00025;25;;Impasse de Vieilfond;18100;18279;Vierzon;;;2.066291;47.241683
18279_1832_00023;23;;Square Jacques Duclos;18100;18279;Vierzon;;;2.088245;47.201273
18279_2230_00003;3;;Route de Massay;18100;18279;Vierzon;;;2.061245;47.208949
18279_0497_00014;14;;Chemin de Bois Marteau;18100;18279;Vierzon;;;2.056268;47.239179
18279_2510_00079;79;;Rue de la Paix;18100;18279;Vierzon;;;2.054226;47.216571
18279_2816_00003;3;;Passage du Pré d'Anet;18100;18279;Vierzon;;;2.073647;47.220057
18279_2155_00059_e;59;e;Avenue du 8 Mai 1945;18100;18279;Vierzon;;;2.079423;47.230791
18279_1591_00011;11;;Chemin du Grand Orme;18100;18279;Vierzon;;;2.101441;47.231001
18279_1128_00081_bis;81;bis;Avenue Edouard Vaillant;18100;18279;Vierzon;;;2.061081;47.235721
18279_0497_00050;50;;Chemin de Bois Marteau;18100;18279;Vierzon;;;2.049686;47.242872
18279_0095_00029;29;;Rue André Gide;18100;18279;Vierzon;;;2.094704;47.225818
18279_1840_00040;40;;Rue Jean-baptiste Clément;18100;18279;Vierzon;;;2.071309;47.229865
18279_1270_00004;4;;Petite Rue de Fay;18100;18279;Vierzon;;;2.050632;47.236074
18279_1440_00021;21;;Rue Gambetta;18100;18279;Vierzon;;;2.098283;47.219728
18279_0711_00001_bis;1;bis;Chemin du Champ Chapelet;18100;18279;Vierzon;;;2.087333;47.236427
18279_3210_00019_a;19;a;Rue Victor Hugo;18100;18279;Vierzon;;;2.066538;47.22366
18279_1470_00083;83;;Rue Gaston Cornavin;18100;18279;Vierzon;;;2.087216;47.229857
18279_1840_00018;18;;Rue Jean-baptiste Clément;18100;18279;Vierzon;;;2.070735;47.228438
18279_1155_00004_c;4;c;Rue Emile Desforges;18100;18279;Vierzon;;;2.081628;47.226586
18279_0415_00009;9;;Rue Bernard Dumont;18100;18279;Vierzon;;;2.070918;47.206502
18279_2485_00044_a;44;a;Rue du 11 Novembre 1918;18100;18279;Vierzon;;;2.062785;47.222183
18279_3280_00070;70;;Rue de Villeneuve;18100;18279;Vierzon;;;2.070036;47.209165
18279_1950_00027_h;27;h;Avenue du Jonc;18100;18279;Vierzon;;;2.066948;47.211573
18279_1877_00012;12;;Avenue Jean Jaurès;18100;18279;Vierzon;;;2.04821;47.230381
18279_2040_00013;13;;Avenue Mal Philippe Leclerc de Ha;18100;18279;Vierzon;;;2.057304;47.209159
18279_1230_00046_a;46;a;Rue Etienne Marcel;18100;18279;Vierzon;;;2.098184;47.217684
18279_1929_00007;7;;Impasse de Jérusalem;18100;18279;Vierzon;;;2.066321;47.218173
18279_2795_00060_a;60;a;Rue des Ponts;18100;18279;Vierzon;;;2.066782;47.218862
18279_3200_00003;3;;Rue du Verdin;18100;18279;Vierzon;;;2.041695;47.232472
18279_1552_00004;4;;Rue Gisèle Halimi;18100;18279;Vierzon;;;2.072494;47.207098
18279_0482_00025;25;;Rue du Bois d'Yèvre;18100;18279;Vierzon;;;2.069538;47.217833
18279_0120_00036;36;;Rue André Ribaud;18100;18279;Vierzon;;;2.067473;47.230869
18279_2770_00056;56;;Rue de la Plaisance;18100;18279;Vierzon;;;2.096003;47.221256
18279_1700_00082;82;;Rue Gustave Flourens;18100;18279;Vierzon;;;2.051743;47.23256
18279_1650_00026;26;;Rue Grelon;18100;18279;Vierzon;;;2.061271;47.216424
18279_1155_00031;31;;Rue Emile Desforges;18100;18279;Vierzon;;;2.083845;47.228195
18279_2688_00029;29;;Rue Pierre Brossolette;18100;18279;Vierzon;;;2.077116;47.204196
18279_0370_00089;89;;Route de Bellon;18100;18279;Vierzon;;;2.077997;47.210919
18279_1980_00011;11;;Rue Jules Guesde;18100;18279;Vierzon;;;2.049272;47.227585
18279_2080_00090;90;;Route de la Loeuf;18100;18279;Vierzon;;;2.030477;47.214548
18279_0745_00010_a;10;a;Chemin de Charnay;18100;18279;Vierzon;;;2.029899;47.240809
18279_0370_00054;54;;Route de Bellon;18100;18279;Vierzon;;;2.076071;47.212723
18279_2500_00014;14;;Rue des Ormes;18100;18279;Vierzon;;;2.076607;47.232038
18279_2870_00166;166;;Route de Puits Berteau;18100;18279;Vierzon;;;2.064955;47.239142
18279_1710_00018;18;;Rue Guy Môquet;18100;18279;Vierzon;;;2.076208;47.211603
18279_2950_00048;48;;Avenue de la République;18100;18279;Vierzon;;;2.063995;47.223989
18279_0201_00028;28;;Chemin des Assis;18100;18279;Vierzon;;;2.021189;47.237145
18279_1230_00078_bis;78;bis;Rue Etienne Marcel;18100;18279;Vierzon;;;2.100359;47.21712
18279_1537_00006;6;;Rue Gérard Philipe;18100;18279;Vierzon;;;2.081371;47.224849
18279_2850_00006;6;;Rue Proudhon;18100;18279;Vierzon;;;2.048986;47.23096
18279_3047_00038;38;;Rue Saint Exupéry;18100;18279;Vierzon;;;2.067889;47.203696
18279_0260_00026;26;;Petite Rue Babeuf;18100;18279;Vierzon;;;2.045216;47.235733
18279_a120_00008;8;;Résidence le Clos de la Minée;18100;18279;Vierzon;;;2.066231;47.23665
18279_0275_00022_a;22;a;Rue Bara;18100;18279;Vierzon;;;2.044841;47.233822
18279_0060_00004;4;;Rue Alphonse Daudet;18100;18279;Vierzon;;;2.078446;47.216664
18279_2080_00030;30;;Route de la Loeuf;18100;18279;Vierzon;;;2.041433;47.215732
18279_0497_00007;7;;Chemin de Bois Marteau;18100;18279;Vierzon;;;2.057036;47.238585
18279_0120_00025_bis;25;bis;Rue André Ribaud;18100;18279;Vierzon;;;2.066811;47.230541
18279_0013_00003;3;;Rue Abbé Pierre;18100;18279;Vierzon;;;2.080394;47.234217
18279_2000_00013;13;;Rue Jules Vallès;18100;18279;Vierzon;;;2.064707;47.219401
18279_1380_00009;9;;Rue des Francs Tireurs;18100;18279;Vierzon;;;2.105556;47.217776
18279_1128_00075;75;;Avenue Edouard Vaillant;18100;18279;Vierzon;;;2.061152;47.234669
18279_2155_00053;53;;Avenue du 8 Mai 1945;18100;18279;Vierzon;;;2.079366;47.230145
18279_2070_00052;52;;Boulevard de la Liberté;18100;18279;Vierzon;;;2.062062;47.227699
18279_1197_00002;2;;Place de l'Etape;18100;18279;Vierzon;;;2.069198;47.222943
18279_1000_00010;10;;Rue Danton;18100;18279;Vierzon;;;2.048144;47.226814
18279_2206_00015;15;;Rue Maryse Bastié;18100;18279;Vierzon;;;2.063876;47.202348
18279_1128_00091;91;;Avenue Edouard Vaillant;18100;18279;Vierzon;;;2.061048;47.236853
18279_3170_00015;15;;Rue de Valmy;18100;18279;Vierzon;;;2.068533;47.219003
18279_1535_00015;15;;Rue Georges Fauconnier;18100;18279;Vierzon;;;2.070072;47.239162
18279_2770_00027_bis;27;bis;Rue de la Plaisance;18100;18279;Vierzon;;;2.093068;47.220598
18279_0817_00011;11;;Chemin du Chevry;18100;18279;Vierzon;;;2.117033;47.215432
18279_2123_00003;3;;Square Louis Braille;18100;18279;Vierzon;;;2.088167;47.201013
18279_1905_00074;74;;Rue Jean Picot;18100;18279;Vierzon;;;2.074008;47.211069
18279_2030_00010;10;;Rue Lavoisier;18100;18279;Vierzon;;;2.066787;47.226573
18279_3130_00010;10;;Rue Théodore Roosevelt;18100;18279;Vierzon;;;2.068462;47.22388
18279_1712_00002;2;;Hameau de la Dumonerie;18100;18279;Vierzon;;;2.096614;47.219799
18279_1460_00019;19;;Rue Garibaldi;18100;18279;Vierzon;;;2.058183;47.222374
18279_0075_00041;41;;Rue Ambroise Croizat;18100;18279;Vierzon;;;2.069118;47.236405
18279_2040_00036;36;;Avenue Mal Philippe Leclerc de Ha;18100;18279;Vierzon;;;2.054763;47.208976
18279_2795_00021_bis;21;bis;Rue des Ponts;18100;18279;Vierzon;;;2.066453;47.219438
18279_1877_00039_f;39;f;Avenue Jean Jaurès;18100;18279;Vierzon;;;2.045135;47.230996
18279_1062_00002;2;;Rue du Docteur Pierre Roux;18100;18279;Vierzon;;;2.068885;47.224135
18279_1290_00042;42;;Rue Félix Pyat;18100;18279;Vierzon;;;2.08311;47.228406
18279_1840_00018_ter;18;ter;Rue Jean-baptiste Clément;18100;18279;Vierzon;;;2.070537;47.228228
18279_1750_00034;34;;Rue Henri Sellier;18100;18279;Vierzon;;;2.05604;47.217936
18279_1128_00077;77;;Avenue Edouard Vaillant;18100;18279;Vierzon;;;2.061127;47.234798
18279_1240_00086;86;;Rue Etienne Nivet;18100;18279;Vierzon;;;2.088715;47.220316
18279_0482_00026_b;26;b;Rue du Bois d'Yèvre;18100;18279;Vierzon;;;2.069857;47.21757
18279_2950_00058;58;;Avenue de la République;18100;18279;Vierzon;;;2.063057;47.224404
18279_0972_00030;30;;Rue de la Croix Moreau;18100;18279;Vierzon;;;2.041833;47.225835
18279_0020_00004;4;;Chemin de l’Abricot;18100;18279;Vierzon;;;2.053215;47.220708
18279_1010_00011;11;;Rue Denis Papin;18100;18279;Vierzon;;;2.05527;47.229969
18279_1877_00017;17;;Avenue Jean Jaurès;18100;18279;Vierzon;;;2.047323;47.230465
18279_1230_00031;31;;Rue Etienne Marcel;18100;18279;Vierzon;;;2.097842;47.217928
18279_0590_00022;22;;Rue Camille Desmoulins;18100;18279;Vierzon;;;2.061861;47.220914
18279_1055_00008;8;;Avenue du 19 Mars 1962;18100;18279;Vierzon;;;2.089492;47.237986
18279_0160_00032;32;;Rue Armand Bazile;18100;18279;Vierzon;;;2.073744;47.217009
18279_1870_00012_bis;12;bis;Rue Jean Jacques Rousseau;18100;18279;Vierzon;;;2.073187;47.218559
18279_2485_00031;31;;Rue du 11 Novembre 1918;18100;18279;Vierzon;;;2.065051;47.22166
18279_2125_00021;21;;Rue Louise Michel;18100;18279;Vierzon;;;2.070874;47.236252
18279_1020_00014;14;;Rue Descartes;18100;18279;Vierzon;;;2.080451;47.216389
18279_1840_00057;57;;Rue Jean-baptiste Clément;18100;18279;Vierzon;;;2.074199;47.231891
18279_2950_00005;5;;Avenue de la République;18100;18279;Vierzon;;;2.065731;47.223042
18279_2594_00024;24;;Rue Paul Valery;18100;18279;Vierzon;;;2.066434;47.208354
18279_2155_00071_bis;71;bis;Avenue du 8 Mai 1945;18100;18279;Vierzon;;;2.083338;47.233511
18279_2264_00001;1;;Res Mermoz Nord;18100;18279;Vierzon;;;2.063417;47.204765
18279_0990_00110;110;;Rue Danielle Casanova;18100;18279;Vierzon;;;2.073939;47.212442
18279_2795_00070_g;70;g;Rue des Ponts;18100;18279;Vierzon;;;2.066565;47.218637
18279_1230_00001_bis;1;bis;Rue Etienne Marcel;18100;18279;Vierzon;;;2.092272;47.218941
18279_2648_00044;44;;Chemin de la Petite Noue;18100;18279;Vierzon;;;2.066702;47.203614
18279_2100_00058;58;;Rue des Longueraies;18100;18279;Vierzon;;;2.058332;47.234317
18279_1450_00017;17;;Rue Gambon;18100;18279;Vierzon;;;2.073239;47.226995
18279_0085_00033;33;;Imp Ancienne Cite de la Verrerie;18100;18279;Vierzon;;;2.100035;47.210137
18279_2302_00021;21;;Rue Michel Lucas;18100;18279;Vierzon;;;2.085711;47.230931
18279_2080_00022_a;22;a;Route de la Loeuf;18100;18279;Vierzon;;;2.043844;47.215178
18279_3160_00055;55;;Rue du Val Fleury;18100;18279;Vierzon;;;2.069174;47.208718
18279_1877_00032;32;;Avenue Jean Jaurès;18100;18279;Vierzon;;;2.046724;47.230719
18279_0350_00080;80;;Rue Beau Site;18100;18279;Vierzon;;;2.070142;47.207399
18279_2100_00012;12;;Rue des Longueraies;18100;18279;Vierzon;;;2.05761;47.231442
18279_0280_00003;3;;Impasse Barbes;18100;18279;Vierzon;;;2.053092;47.234312
18279_2430_00009_t;9;t;Rue Urbain Nègre;18100;18279;Vierzon;;;2.079759;47.227528
18279_0110_00027;27;;Rue André Hènault;18100;18279;Vierzon;;;2.062295;47.215561
18279_3202_00010;10;;Avenue de Verdun;18100;18279;Vierzon;;;2.072218;47.224346
18279_1128_00079;79;;Avenue Edouard Vaillant;18100;18279;Vierzon;;;2.061121;47.23491
18279_1840_00060;60;;Rue Jean-baptiste Clément;18100;18279;Vierzon;;;2.072834;47.231174
18279_2220_00027;27;;Rue du Maréchal Joffre;18100;18279;Vierzon;;;2.069478;47.22309
18279_0400_00027_bis;27;bis;Rue des Berlurettes;18100;18279;Vierzon;;;2.063622;47.237488
18279_1450_00001;1;;Rue Gambon;18100;18279;Vierzon;;;2.071245;47.227106
18279_1555_00008;8;;Impasse de la Glaciere;18100;18279;Vierzon;;;2.04266;47.23098
18279_0640_00017;17;;Rue Casimir Lecomte;18100;18279;Vierzon;;;2.064496;47.227783
18279_2300_00016;16;;Rue Michelet;18100;18279;Vierzon;;;2.073346;47.217568
18279_0890_00013;13;;Rue de la Convention;18100;18279;Vierzon;;;2.101319;47.218443
18279_1480_00044_c;44;c;Rue de la Gaucherie;18100;18279;Vierzon;;;2.063466;47.223382
18279_1290_00168;168;;Rue Félix Pyat;18100;18279;Vierzon;;;2.095971;47.228316
18279_0800_00017;17;;Quai du Cher;18100;18279;Vierzon;;;2.063624;47.216254
18279_1825_00036;36;;Rue Jacques Brel;18100;18279;Vierzon;;;2.081292;47.199218
18279_2190_00011;11;;Rue Marcel Perrin;18100;18279;Vierzon;;;2.071221;47.224675
18279_1155_00037;37;;Rue Emile Desforges;18100;18279;Vierzon;;;2.084314;47.228494
18279_2220_00022;22;;Rue du Maréchal Joffre;18100;18279;Vierzon;;;2.06902;47.223195
18279_3202_00002;2;;Avenue de Verdun;18100;18279;Vierzon;;;2.07175;47.224049
18279_3137_00023;23;;Rue du Travail;18100;18279;Vierzon;;;2.044262;47.232616
18279_0482_00005;5;;Rue du Bois d'Yèvre;18100;18279;Vierzon;;;2.069897;47.218782
18279_3160_00053;53;;Rue du Val Fleury;18100;18279;Vierzon;;;2.069281;47.208912
18279_1990_00001;1;;Rue Jules Louis Breton;18100;18279;Vierzon;;;2.073587;47.221187
18279_1194_00011_bis;11;bis;Chemin de l’Etang du Verdin;18100;18279;Vierzon;;;2.040524;47.235867
18279_2150_00001;1;;Rue Mac Nab;18100;18279;Vierzon;;;2.064766;47.223312
18279_0417_00013;13;;Rue Berty Albrecht;18100;18279;Vierzon;;;2.05634;47.211193
18279_3280_00115;115;;Rue de Villeneuve;18100;18279;Vierzon;;;2.069089;47.206652
18279_1194_00002;2;;Chemin de l’Etang du Verdin;18100;18279;Vierzon;;;2.041013;47.234305
18279_2200_00013;13;;Rue Marcel Sembat;18100;18279;Vierzon;;;2.05356;47.228349
18279_0542_00066;66;;Rue du Bourdoiseau;18100;18279;Vierzon;;;2.061993;47.235307
18279_0350_00072;72;;Rue Beau Site;18100;18279;Vierzon;;;2.070455;47.207886
18279_1840_00092_a;92;a;Rue Jean-baptiste Clément;18100;18279;Vierzon;;;2.075636;47.232802
18279_1145_00003;3;;Rue Emile Accolas;18100;18279;Vierzon;;;2.061781;47.23178
18279_3226_00054;54;;Route du Vieux Domaine;18100;18279;Vierzon;;;2.097273;47.209554
18279_1877_00018;18;;Avenue Jean Jaurès;18100;18279;Vierzon;;;2.047714;47.230495
18279_1400_00001;1;;Place Gabriel Péri;18100;18279;Vierzon;;;2.06264;47.224404
18279_0740_00071;71;;Rue Charles Hurvoy;18100;18279;Vierzon;;;2.06431;47.228865
18279_2870_00077;77;;Route de Puits Berteau;18100;18279;Vierzon;;;2.073427;47.236938
18279_1240_00100;100;;Rue Etienne Nivet;18100;18279;Vierzon;;;2.090223;47.219661
18279_2720_00053;53;;Rue Pierre Dupont;18100;18279;Vierzon;;;2.041372;47.237825
18279_2330_00021;21;;Rue Mirabeau;18100;18279;Vierzon;;;2.054926;47.211699
18279_0415_00028;28;;Rue Bernard Dumont;18100;18279;Vierzon;;;2.070816;47.206519
18279_0370_00075;75;;Route de Bellon;18100;18279;Vierzon;;;2.077546;47.212192
18279_0370_00013;13;;Route de Bellon;18100;18279;Vierzon;;;2.071771;47.213968
18279_0085_00031_b;31;b;Imp Ancienne Cite de la Verrerie;18100;18279;Vierzon;;;2.100086;47.210158
18279_0100_00049;49;;Rue André Guillemain;18100;18279;Vierzon;;;2.080646;47.213717
18279_1877_00043;43;;Avenue Jean Jaurès;18100;18279;Vierzon;;;2.044999;47.231028
18279_3150_00017;17;;Place Vaillant Couturier;18100;18279;Vierzon;;;2.070514;47.223155
18279_2485_00040_a;40;a;Rue du 11 Novembre 1918;18100;18279;Vierzon;;;2.062224;47.222145
18279_2309_00030;30;;Chemin des Millards;18100;18279;Vierzon;;;2.105226;47.233798
18279_2188_00021;21;;Rue Marcel Pagnol;18100;18279;Vierzon;;;2.075359;47.210012
18279_1980_00009_c;9;c;Rue Jules Guesde;18100;18279;Vierzon;;;2.04949;47.227857
18279_0290_00109;109;;Rue Barbès;18100;18279;Vierzon;;;2.059432;47.237305
18279_2595_00010;10;;Rue Paul Verlaine;18100;18279;Vierzon;;;2.064689;47.239515
18279_1365_00001;1;;Chemin de Fougery;18100;18279;Vierzon;;;2.070947;47.23409
18279_3048_00056;56;;Route de Saint Laurent;18100;18279;Vierzon;;;2.122739;47.22033
18279_0370_00157;157;;Route de Bellon;18100;18279;Vierzon;;;2.081611;47.201259
18279_2795_00028;28;;Rue des Ponts;18100;18279;Vierzon;;;2.066985;47.219757
18279_1591_00017;17;;Chemin du Grand Orme;18100;18279;Vierzon;;;2.100776;47.231729
18279_1560_00008;8;;Rue Gourdon;18100;18279;Vierzon;;;2.067764;47.224253
18279_0785_00004;4;;Rue aux Chats;18100;18279;Vierzon;;;2.064141;47.226715
18279_0420_00058_a;58;a;Rue de la Bidauderie;18100;18279;Vierzon;;;2.083968;47.237256
18279_1160_00018_a;18;a;Rue Emile Zola;18100;18279;Vierzon;;;2.045054;47.224758
18279_1905_00050;50;;Rue Jean Picot;18100;18279;Vierzon;;;2.075387;47.211007
18279_0122_00002;2;;Impasse Andre Ribaud;18100;18279;Vierzon;;;2.068706;47.23172
18279_3133_00030;30;;Route de Tours;18100;18279;Vierzon;;;2.038383;47.233567
18279_1990_00014_a;14;a;Rue Jules Louis Breton;18100;18279;Vierzon;;;2.075304;47.2212
18279_0714_00020;20;;Rue du Champ du Four;18100;18279;Vierzon;;;2.081205;47.234237
18279_3300_00004;4;;Rue Voltaire;18100;18279;Vierzon;;;2.06761;47.221404
18279_0160_00060;60;;Rue Armand Bazile;18100;18279;Vierzon;;;2.078229;47.215761
18279_0963_00017;17;;Route de la Croix;18100;18279;Vierzon;;;2.099573;47.228736
18279_3047_00015;15;;Rue Saint Exupéry;18100;18279;Vierzon;;;2.068492;47.20526
18279_0890_00076;76;;Rue de la Convention;18100;18279;Vierzon;;;2.107085;47.221268
18279_2795_00001;1;;Rue des Ponts;18100;18279;Vierzon;;;2.067138;47.220204
18279_2720_00003;3;;Rue Pierre Dupont;18100;18279;Vierzon;;;2.047971;47.234554
18279_2995_00019;19;;Rue Roland Champenier;18100;18279;Vierzon;;;2.069016;47.238934
18279_3060_00019_bis;19;bis;Rue du Sergent Bobillot;18100;18279;Vierzon;;;2.04764;47.228663
18279_1158_00015;15;;Rue du Square Emile Peraudin;18100;18279;Vierzon;;;2.06285;47.224044
18279_0085_00027_a;27;a;Imp Ancienne Cite de la Verrerie;18100;18279;Vierzon;;;2.100213;47.210282
18279_3138_00011;11;;Chemin de la Touche;18100;18279;Vierzon;;;2.128385;47.21572
18279_2030_00014;14;;Rue Lavoisier;18100;18279;Vierzon;;;2.067484;47.227119
18279_0140_00009_ter;9;ter;Rue Antonin Lerault;18100;18279;Vierzon;;;2.066509;47.215626
18279_0290_00016;16;;Rue Barbès;18100;18279;Vierzon;;;2.052223;47.233923
18279_2058_00009;9;;Rue Léo Mérigot;18100;18279;Vierzon;;;2.049567;47.229951
18279_2155_00057_r;57;r;Avenue du 8 Mai 1945;18100;18279;Vierzon;;;2.079217;47.230936
18279_2648_00036;36;;Chemin de la Petite Noue;18100;18279;Vierzon;;;2.065305;47.203666
18279_0350_00009;9;;Rue Beau Site;18100;18279;Vierzon;;;2.073469;47.212857
18279_1060_00002;2;;Rue du Docteur Lobligeois;18100;18279;Vierzon;;;2.059946;47.216603
18279_0445_00003;3;;Chemin Blanc;18100;18279;Vierzon;;;2.053061;47.208068
18279_2330_00024_a;24;a;Rue Mirabeau;18100;18279;Vierzon;;;2.055478;47.213094
18279_1530_00004;4;;Rue Georges Clémenceau;18100;18279;Vierzon;;;2.05853;47.215522
18279_1230_01400;1400;;Rue Etienne Marcel;18100;18279;Vierzon;;;2.103723;47.216371
18279_2260_00027_bis;27;bis;Route de Méreau;18100;18279;Vierzon;;;2.061885;47.20794
18279_3300_00006;6;;Rue Voltaire;18100;18279;Vierzon;;;2.067633;47.221461
18279_0817_00031;31;;Chemin du Chevry;18100;18279;Vierzon;;;2.119716;47.215383
18279_0140_00001;1;;Rue Antonin Lerault;18100;18279;Vierzon;;;2.065538;47.215653
18279_1250_00016;16;;Rue Eugène Pottier;18100;18279;Vierzon;;;2.099317;47.218593
18279_1760_00008;8;;Rue d'Héry;18100;18279;Vierzon;;;2.069738;47.213532
18279_0070_00050;50;;Rue Alphonse Pradat;18100;18279;Vierzon;;;2.043667;47.219974
18279_0942_00031;31;;Impasse de la Craillo;18100;18279;Vierzon;;;2.066973;47.236567
18279_1365_00029;29;;Chemin de Fougery;18100;18279;Vierzon;;;2.069762;47.228905
18279_0817_00013_bis;13;bis;Chemin du Chevry;18100;18279;Vierzon;;;2.117725;47.215427
18279_1420_00021;21;;Rue Galilée;18100;18279;Vierzon;;;2.070908;47.222164
18279_2608_00022;22;;Chemin des Peages;18100;18279;Vierzon;;;2.029651;47.225948
18279_1290_00122_bis;122;bis;Rue Félix Pyat;18100;18279;Vierzon;;;2.09083;47.228005
18279_2685_00004;4;;Avenue Pierre Billes;18100;18279;Vierzon;;;2.112578;47.202494
18279_3060_00023_e;23;e;Rue du Sergent Bobillot;18100;18279;Vierzon;;;2.047203;47.228207
18279_3202_00020_b;20;b;Avenue de Verdun;18100;18279;Vierzon;;;2.072802;47.224804
18279_2390_00030;30;;Rue du Mouton;18100;18279;Vierzon;;;2.083824;47.230478
18279_2155_00047;47;;Avenue du 8 Mai 1945;18100;18279;Vierzon;;;2.079061;47.229912
18279_2140_00005_a;5;a;Impasse des Lunots;18100;18279;Vierzon;;;2.05144;47.230299
18279_0120_00034;34;;Rue André Ribaud;18100;18279;Vierzon;;;2.067285;47.230742
18279_2973_00007;7;;Chemin des Riaux;18100;18279;Vierzon;;;2.112118;47.228135
18279_0120_00126;126;;Rue André Ribaud;18100;18279;Vierzon;;;2.07388;47.235119
18279_0840_00012;12;;Rue Claude Michaud;18100;18279;Vierzon;;;2.066098;47.213562
18279_0951_00013;13;;Chemin des Grandes Crêles;18100;18279;Vierzon;;;2.070074;47.201876
18279_3060_00001;1;;Rue du Sergent Bobillot;18100;18279;Vierzon;;;2.048874;47.230102
18279_1128_00099_bis;99;bis;Avenue Edouard Vaillant;18100;18279;Vierzon;;;2.061015;47.237708
18279_0085_00037;37;;Imp Ancienne Cite de la Verrerie;18100;18279;Vierzon;;;2.099913;47.210091
18279_2265_00012;12;;Residence Mermoz Sud;18100;18279;Vierzon;;;2.062777;47.203084
18279_2770_00038;38;;Rue de la Plaisance;18100;18279;Vierzon;;;2.093803;47.220822
18279_2720_00015_b;15;b;Rue Pierre Dupont;18100;18279;Vierzon;;;2.047898;47.234597
18279_1530_00016;16;;Rue Georges Clémenceau;18100;18279;Vierzon;;;2.057532;47.215699
18279_1150_00034;34;;Rue Emile Bouleau;18100;18279;Vierzon;;;2.068208;47.218426
18279_2085_00019;19;;Rue des Lilas;18100;18279;Vierzon;;;2.056194;47.232693
18279_2594_00035;35;;Rue Paul Valery;18100;18279;Vierzon;;;2.067068;47.20777
18279_2620_00003;3;;Rue des Pentecotes;18100;18279;Vierzon;;;2.060888;47.22751
18279_0370_00058;58;;Route de Bellon;18100;18279;Vierzon;;;2.076407;47.212625
18279_0740_00020;20;;Rue Charles Hurvoy;18100;18279;Vierzon;;;2.065813;47.228019
18279_1140_00004;4;;Place de l'Eglise des Forges;18100;18279;Vierzon;;;2.101599;47.21345
18279_1250_00138;138;;Rue Eugène Pottier;18100;18279;Vierzon;;;2.097673;47.227279
18279_a070_00009;9;;Residence des Bruyeres;18100;18279;Vierzon;;;2.065069;47.204842
18279_1980_00038;38;;Rue Jules Guesde;18100;18279;Vierzon;;;2.044501;47.228376
18279_1070_00008;8;;Rue des Donneaux;18100;18279;Vierzon;;;2.044831;47.226949
18279_0715_00002;2;;Chemin du Champ des Renards;18100;18279;Vierzon;;;2.09392;47.227781
18279_0445_00107;107;;Chemin Blanc;18100;18279;Vierzon;;;2.065225;47.199602
18279_0120_00110;110;;Rue André Ribaud;18100;18279;Vierzon;;;2.07241;47.234659
18279_0170_00067;67;;Rue Armand Brunet;18100;18279;Vierzon;;;2.073164;47.221211
18279_0963_00050;50;;Route de la Croix;18100;18279;Vierzon;;;2.10806;47.229283
18279_2335_00005_e;5;e;Rue Miranda de Ebro;18100;18279;Vierzon;;;2.06547;47.218386
18279_1230_00040;40;;Rue Etienne Marcel;18100;18279;Vierzon;;;2.097514;47.217856
18279_2870_00012;12;;Route de Puits Berteau;18100;18279;Vierzon;;;2.079578;47.232913
18279_1128_00010;10;;Avenue Edouard Vaillant;18100;18279;Vierzon;;;2.061012;47.230488
18279_1609_00004;4;;Chemin des Grandes Terres;18100;18279;Vierzon;;;2.061563;47.206174
18279_0275_00012;12;;Rue Bara;18100;18279;Vierzon;;;2.045353;47.23266
18279_1810_00006;6;;Rue de l'Ile du Cher;18100;18279;Vierzon;;;2.065096;47.217161
18279_0054_00002;2;;Rue Albert Schweitzer;18100;18279;Vierzon;;;2.096858;47.224742
18279_2910_00068_bis;68;bis;Avenue du 14 Juillet;18100;18279;Vierzon;;;2.063468;47.211748
18279_2302_00017;17;;Rue Michel Lucas;18100;18279;Vierzon;;;2.085321;47.230977
18279_0890_00147;147;;Rue de la Convention;18100;18279;Vierzon;;;2.109832;47.225452
18279_0962_00009;9;;Chemin de la Croix;18100;18279;Vierzon;;;2.109711;47.230948
18279_3160_00002;2;;Rue du Val Fleury;18100;18279;Vierzon;;;2.070942;47.212671
18279_0020_00052;52;;Chemin de l’Abricot;18100;18279;Vierzon;;;2.0476;47.218648
18279_1500_00022;22;;Rue Gay Lussac;18100;18279;Vierzon;;;2.078278;47.224803
18279_1128_00103;103;;Avenue Edouard Vaillant;18100;18279;Vierzon;;;2.061011;47.237977
18279_1290_00116;116;;Rue Félix Pyat;18100;18279;Vierzon;;;2.090072;47.228181
18279_1720_00013_a;13;a;Rue Henri Barbusse;18100;18279;Vierzon;;;2.064025;47.230273
18279_0uduo0_00007;7;;Chemin du Jouffroy;18100;18279;Vierzon;;;2.105054;47.222303
18279_2870_00182_c;182;c;Route de Puits Berteau;18100;18279;Vierzon;;;2.063046;47.239691
18279_1520_00023_a;23;a;Rue George Sand;18100;18279;Vierzon;;;2.067009;47.227461
18279_0830_00005;5;;Rue Claude Bernard;18100;18279;Vierzon;;;2.076931;47.217323
18279_3110_00006;6;;Rue des Terres Mortes;18100;18279;Vierzon;;;2.057314;47.208423
18279_0435_00032;32;;Rue de Bitterfeld;18100;18279;Vierzon;;;2.085957;47.201853
18279_1535_00072;72;;Rue Georges Fauconnier;18100;18279;Vierzon;;;2.06784;47.239433
18279_0715_00016;16;;Chemin du Champ des Renards;18100;18279;Vierzon;;;2.093555;47.226772
18279_1060_00032;32;;Rue du Docteur Lobligeois;18100;18279;Vierzon;;;2.056551;47.217254
18279_0120_00071;71;;Rue André Ribaud;18100;18279;Vierzon;;;2.069394;47.233179
18279_2930_00035;35;;Rue Raspail;18100;18279;Vierzon;;;2.074849;47.223516
18279_2155_00059_r;59;r;Avenue du 8 Mai 1945;18100;18279;Vierzon;;;2.079256;47.230983
18279_2060_00005;5;;Rue Léon Bourgeois;18100;18279;Vierzon;;;2.058789;47.213159
18279_0500_00004;4;;Rue Boitard;18100;18279;Vierzon;;;2.069489;47.214864
18279_1869_00011;11;;Passage Jean Jacques Rousseau;18100;18279;Vierzon;;;2.075518;47.219146
18279_1280_00027;27;;Rue de Fay;18100;18279;Vierzon;;;2.050618;47.235557
18279_1700_00014;14;;Rue Gustave Flourens;18100;18279;Vierzon;;;2.057446;47.230602
18279_0052_00007_bis;7;bis;Rue Albert et Paul Thouvenin;18100;18279;Vierzon;;;2.105659;47.209191
18279_2485_00024;24;;Rue du 11 Novembre 1918;18100;18279;Vierzon;;;2.063954;47.221995
18279_1440_00009;9;;Rue Gambetta;18100;18279;Vierzon;;;2.097049;47.220671
18279_1832_00031_a;31;a;Square Jacques Duclos;18100;18279;Vierzon;;;2.087456;47.201335
18279_1320_00009_bis;9;bis;Route de Foëcy;18100;18279;Vierzon;;;2.101203;47.210688
18279_0020_00001;1;;Chemin de l’Abricot;18100;18279;Vierzon;;;2.053468;47.22067
18279_0495_00016_bis;16;bis;Chemin des Grands Bois;18100;18279;Vierzon;;;2.052834;47.237253
18279_1700_00072;72;;Rue Gustave Flourens;18100;18279;Vierzon;;;2.052365;47.232295
18279_0482_00007;7;;Rue du Bois d'Yèvre;18100;18279;Vierzon;;;2.069874;47.218685
18279_1160_00021;21;;Rue Emile Zola;18100;18279;Vierzon;;;2.034964;47.225973
18279_1155_00055;55;;Rue Emile Desforges;18100;18279;Vierzon;;;2.085619;47.229324
18279_1545_00015;15;;Allée Germaine Tillion;18100;18279;Vierzon;;;2.079436;47.244107
18279_2270_00005;5;;Rue Meunier;18100;18279;Vierzon;;;2.04561;47.230307
18279_3073_00020;20;;Rue de la Société Française;18100;18279;Vierzon;;;2.058674;47.225205
18279_2950_00022;22;;Avenue de la République;18100;18279;Vierzon;;;2.065828;47.223115
18279_0074_00049;49;;Place Ambroise Croizat;18100;18279;Vierzon;;;2.069227;47.236827
18279_0042_00010;10;;Chemin des Ajoncs;18100;18279;Vierzon;;;2.0803;47.238317
18279_0350_00039;39;;Rue Beau Site;18100;18279;Vierzon;;;2.072402;47.210674
18279_2155_00003;3;;Avenue du 8 Mai 1945;18100;18279;Vierzon;;;2.075593;47.227194
18279_1170_00025_a;25;a;Rue des Epinettes;18100;18279;Vierzon;;;2.070132;47.226597
18279_0045_00007;7;;Route d'Ainset;18100;18279;Vierzon;;;2.075119;47.238277
18279_1510_00015;15;;Grande Rue de la Genette;18100;18279;Vierzon;;;2.057851;47.216256
18279_1536_00017;17;;Rue Georges Politzer;18100;18279;Vierzon;;;2.079397;47.204513
18279_1450_00022_bis;22;bis;Rue Gambon;18100;18279;Vierzon;;;2.073649;47.227047
18279_1144_00010;10;;Rue Elsa Triolet;18100;18279;Vierzon;;;2.083261;47.229894
18279_2750_00037;37;;Rue des Pillots;18100;18279;Vierzon;;;2.05138;47.213885
18279_0020_00037_bis;37;bis;Chemin de l’Abricot;18100;18279;Vierzon;;;2.048891;47.21833
18279_1115_00003;3;;Rue Edmond Rostand;18100;18279;Vierzon;;;2.076739;47.200566
18279_1591_00018;18;;Chemin du Grand Orme;18100;18279;Vierzon;;;2.101156;47.231502
18279_1385_00012;12;;Rue Frédéric Mistral;18100;18279;Vierzon;;;2.094141;47.225464
18279_0417_00010;10;;Rue Berty Albrecht;18100;18279;Vierzon;;;2.056629;47.212322
18279_1270_00016;16;;Petite Rue de Fay;18100;18279;Vierzon;;;2.050777;47.236405
18279_1128_00034;34;;Avenue Edouard Vaillant;18100;18279;Vierzon;;;2.060974;47.231699
18279_0710_00003;3;;Rue du Champanet;18100;18279;Vierzon;;;2.064948;47.220304
18279_2930_00007;7;;Rue Raspail;18100;18279;Vierzon;;;2.072768;47.224257
18279_1128_00041;41;;Avenue Edouard Vaillant;18100;18279;Vierzon;;;2.061226;47.232394
18279_1230_00103_a;103;a;Rue Etienne Marcel;18100;18279;Vierzon;;;2.104228;47.216335
18279_3147_00031;31;;Rue de l'Unité;18100;18279;Vierzon;;;2.072407;47.23636
18279_1730_00005;5;;Avenue Henri Brisson;18100;18279;Vierzon;;;2.061835;47.225529
18279_1194_00019;19;;Chemin de l’Etang du Verdin;18100;18279;Vierzon;;;2.041386;47.236516
18279_0100_00002;2;;Rue André Guillemain;18100;18279;Vierzon;;;2.082511;47.217574
18279_1229_00006_a;6;a;Impasse Etienne Marcel;18100;18279;Vierzon;;;2.101314;47.21759
18279_1230_00103_e;103;e;Rue Etienne Marcel;18100;18279;Vierzon;;;2.104381;47.216602
18279_0568_00012;12;;Chemin du Briou;18100;18279;Vierzon;;;2.085817;47.224462
18279_0978_00004_b;4;b;Passage du Crot à Foulon;18100;18279;Vierzon;;;2.063393;47.22973
18279_1290_00086;86;;Rue Félix Pyat;18100;18279;Vierzon;;;2.086867;47.227339
18279_2220_00035;35;;Rue du Maréchal Joffre;18100;18279;Vierzon;;;2.069708;47.223059
18279_2155_00054;54;;Avenue du 8 Mai 1945;18100;18279;Vierzon;;;2.078352;47.229203
18279_2025_00067;67;;avenue maréchal jean de lattre de tassigny;18100;18279;Vierzon;;;2.075887;47.203284
18279_2330_00051;51;;Rue Mirabeau;18100;18279;Vierzon;;;2.052807;47.210116
18279_2080_00069;69;;Route de la Loeuf;18100;18279;Vierzon;;;2.033293;47.216092
18279_2503_00004;4;;Rue Pablo Picasso;18100;18279;Vierzon;;;2.083542;47.201029
18279_3047_00111;111;;Rue Saint Exupéry;18100;18279;Vierzon;;;2.066925;47.199804
18279_2330_00018;18;;Rue Mirabeau;18100;18279;Vierzon;;;2.056338;47.213172
18279_0090_00007;7;;Rue Andre de Chenier;18100;18279;Vierzon;;;2.074095;47.219321
18279_2330_00054;54;;Rue Mirabeau;18100;18279;Vierzon;;;2.05452;47.211428
18279_3048_00032;32;;Route de Saint Laurent;18100;18279;Vierzon;;;2.119192;47.218614
18279_1290_00010;10;;Rue Félix Pyat;18100;18279;Vierzon;;;2.080972;47.230108
18279_1760_00009;9;;Rue d'Héry;18100;18279;Vierzon;;;2.069959;47.213506
18279_1128_00064;64;;Avenue Edouard Vaillant;18100;18279;Vierzon;;;2.060647;47.234564
18279_3047_00127;127;;Rue Saint Exupéry;18100;18279;Vierzon;;;2.066581;47.198602
18279_1128_00049_bis;49;bis;Avenue Edouard Vaillant;18100;18279;Vierzon;;;2.061203;47.232926
18279_2719_00006;6;;Chemin Pierre Dupont;18100;18279;Vierzon;;;2.043932;47.235109
18279_2870_00171_b;171;b;Route de Puits Berteau;18100;18279;Vierzon;;;2.063285;47.238637
18279_3053_00010;10;;Impasse Saint Leonard;18100;18279;Vierzon;;;2.066465;47.214608
18279_2025_00047;47;;avenue maréchal jean de lattre de tassigny;18100;18279;Vierzon;;;2.071694;47.205469
18279_0978_00001;1;;Passage du Crot à Foulon;18100;18279;Vierzon;;;2.062158;47.229337
18279_0370_00105;105;;Route de Bellon;18100;18279;Vierzon;;;2.078697;47.210149
18279_3060_00004_bis;4;bis;Rue du Sergent Bobillot;18100;18279;Vierzon;;;2.048488;47.229521
18279_2058_00040_a;40;a;Rue Léo Mérigot;18100;18279;Vierzon;;;2.051409;47.228596
18279_2360_00009;9;;Rue de la Monnaie;18100;18279;Vierzon;;;2.070055;47.222539
18279_2648_00004;4;;Chemin de la Petite Noue;18100;18279;Vierzon;;;2.061246;47.204679
18279_1290_00031;31;;Rue Félix Pyat;18100;18279;Vierzon;;;2.081825;47.229542
18279_1010_00005;5;;Rue Denis Papin;18100;18279;Vierzon;;;2.056027;47.230277
18279_2220_00050;50;;Rue du Maréchal Joffre;18100;18279;Vierzon;;;2.070182;47.223027
18279_0542_00004;4;;Rue du Bourdoiseau;18100;18279;Vierzon;;;2.064037;47.230844
18279_2620_00037;37;;Rue des Pentecotes;18100;18279;Vierzon;;;2.059184;47.228301
18279_2461_00007;7;;Rue Nicolas Copernic;18100;18279;Vierzon;;;2.083152;47.234038
18279_1128_00057_e;57;e;Avenue Edouard Vaillant;18100;18279;Vierzon;;;2.061077;47.233588
18279_0275_00009;9;;Rue Bara;18100;18279;Vierzon;;;2.045469;47.232514
18279_0120_00104;104;;Rue André Ribaud;18100;18279;Vierzon;;;2.071833;47.234491
18279_1700_00004;4;;Rue Gustave Flourens;18100;18279;Vierzon;;;2.058311;47.230505
18279_2610_00016;16;;Chemin des Pelles;18100;18279;Vierzon;;;2.043998;47.223681
18279_1538_01495;1495;;Rue Georges Rousseau;18100;18279;Vierzon;;;2.057748;47.212924
18279_0435_00030;30;;Rue de Bitterfeld;18100;18279;Vierzon;;;2.085798;47.20193
18279_0740_00041;41;;Rue Charles Hurvoy;18100;18279;Vierzon;;;2.067439;47.227941
18279_3197_00004;4;;Levee de l’Etang du Verdin;18100;18279;Vierzon;;;2.044139;47.234483
18279_0120_00017;17;;Rue André Ribaud;18100;18279;Vierzon;;;2.066362;47.230235
18279_2501_00003;3;;Rue Pablo Casals;18100;18279;Vierzon;;;2.082127;47.20102
18279_2648_00012;12;;Chemin de la Petite Noue;18100;18279;Vierzon;;;2.062116;47.204469
18279_0350_00105;105;;Rue Beau Site;18100;18279;Vierzon;;;2.069895;47.206265
18279_0750_00016;16;;Allee des Chataigniers;18100;18279;Vierzon;;;2.04325;47.229743
18279_0715_00013;13;;Chemin du Champ des Renards;18100;18279;Vierzon;;;2.094148;47.227336
18279_3160_00066;66;;Rue du Val Fleury;18100;18279;Vierzon;;;2.068167;47.207629
18279_0130_00007;7;;Rue Antoine Parmentier;18100;18279;Vierzon;;;2.046842;47.229238
18279_1480_00052_b;52;b;Rue de la Gaucherie;18100;18279;Vierzon;;;2.063822;47.223344
18279_1290_00012;12;;Rue Félix Pyat;18100;18279;Vierzon;;;2.081076;47.230025
18279_0797_00008;8;;Rue du Chemin Vert;18100;18279;Vierzon;;;2.052087;47.213405
18279_0445_00035;35;;Chemin Blanc;18100;18279;Vierzon;;;2.057432;47.206722
18279_2080_00071;71;;Route de la Loeuf;18100;18279;Vierzon;;;2.033732;47.216211
18279_3084_00011;11;;Chemin du Stade Constant Duval;18100;18279;Vierzon;;;2.0576;47.240447
18279_1229_00008;8;;Impasse Etienne Marcel;18100;18279;Vierzon;;;2.101388;47.217749
18279_1538_00058;58;;Rue Georges Rousseau;18100;18279;Vierzon;;;2.057842;47.210012
18279_0360_00001;1;;Rue de Bellevue;18100;18279;Vierzon;;;2.06912;47.209623
18279_0350_00017;17;;Rue Beau Site;18100;18279;Vierzon;;;2.073216;47.212363
18279_0210_00014;14;;Rue des Ateliers;18100;18279;Vierzon;;;2.054171;47.230667
18279_1770_00011;11;;Rue Honoré de Balzac;18100;18279;Vierzon;;;2.065482;47.212628
18279_3147_00002;2;;Rue de l'Unité;18100;18279;Vierzon;;;2.073142;47.235018
18279_2679_00014;14;;Chemin de la Picardière;18100;18279;Vierzon;;;2.125822;47.239783
18279_1830_00055;55;;Rue Jacques Decour;18100;18279;Vierzon;;;2.088059;47.229446
18279_0308_00002;2;;Place du Bas de Grange;18100;18279;Vierzon;;;2.048678;47.225338
18279_1930_00018;18;;Rue de Jérusalem;18100;18279;Vierzon;;;2.066681;47.217763
18279_1536_00041;41;;Rue Georges Politzer;18100;18279;Vierzon;;;2.078827;47.204146
18279_0740_00039;39;;Rue Charles Hurvoy;18100;18279;Vierzon;;;2.067584;47.227895
18279_1128_00021;21;;Avenue Edouard Vaillant;18100;18279;Vierzon;;;2.061277;47.230979
18279_2620_00041_t;41;t;Rue des Pentecotes;18100;18279;Vierzon;;;2.058874;47.228374
18279_1250_00015;15;;Rue Eugène Pottier;18100;18279;Vierzon;;;2.09942;47.219117
18279_671bao_00060;60;;avenue maréchal philippe leclerc de hauteclocque;18100;18279;Vierzon;;;2.052201;47.208579
18279_3202_00035;35;;Avenue de Verdun;18100;18279;Vierzon;;;2.073486;47.225522
18279_a150_00007;7;;Residence les Dumaines;18100;18279;Vierzon;;;2.093501;47.219588
18279_1555_00022;22;;Impasse de la Glaciere;18100;18279;Vierzon;;;2.042087;47.230342
18279_2714_00007;7;;Allée Pierre de Coubertin;18100;18279;Vierzon;;;2.077335;47.209879
18279_0120_00058;58;;Rue André Ribaud;18100;18279;Vierzon;;;2.068597;47.232365
18279_1730_00016_ter;16;ter;Avenue Henri Brisson;18100;18279;Vierzon;;;2.061121;47.227702
18279_0074_00041;41;;Place Ambroise Croizat;18100;18279;Vierzon;;;2.069064;47.236372
18279_1055_00018;18;;Avenue du 19 Mars 1962;18100;18279;Vierzon;;;2.091854;47.239854
18279_2800_00007;7;;Rue Porte aux Boeufs;18100;18279;Vierzon;;;2.070897;47.223377
18279_p07zqe_00071;71;;Chemin du Pre d’Anet;18100;18279;Vierzon;;;2.081805;47.218319
18279_1290_00022;22;;Rue Félix Pyat;18100;18279;Vierzon;;;2.081794;47.229453
18279_2430_00002;2;;Rue Urbain Nègre;18100;18279;Vierzon;;;2.081076;47.226553
18279_0866_00003;3;;Avenue du Colonel Manhes;18100;18279;Vierzon;;;2.077592;47.224105
18279_2080_00026;26;;Route de la Loeuf;18100;18279;Vierzon;;;2.042606;47.215382
18279_1940_00026;26;;Rue Joliot Curie;18100;18279;Vierzon;;;2.074315;47.209609
18279_1020_00022;22;;Rue Descartes;18100;18279;Vierzon;;;2.080221;47.215943
18279_2830_00069;69;;Rue du President Wilson;18100;18279;Vierzon;;;2.053765;47.217275
18279_0497_00028;28;;Chemin de Bois Marteau;18100;18279;Vierzon;;;2.055101;47.240299
18279_1510_00007;7;;Grande Rue de la Genette;18100;18279;Vierzon;;;2.058619;47.216236
18279_1730_00030_c;30;c;Avenue Henri Brisson;18100;18279;Vierzon;;;2.061056;47.229251
18279_2960_00009;9;;Place de la Résistance;18100;18279;Vierzon;;;2.072718;47.223342
18279_2501_00005;5;;Rue Pablo Casals;18100;18279;Vierzon;;;2.08225;47.201103
18279_0836_00007;7;;Rue Claude Levi-strauss;18100;18279;Vierzon;;;2.080844;47.233069
18279_1840_00026;26;;Rue Jean-baptiste Clément;18100;18279;Vierzon;;;2.07056;47.228289
18279_1140_00016;16;;Place de l'Eglise des Forges;18100;18279;Vierzon;;;2.102338;47.213251
18279_2910_00047_a;47;a;Avenue du 14 Juillet;18100;18279;Vierzon;;;2.064043;47.213628
18279_2520_00004;4;;Rue du Panorama;18100;18279;Vierzon;;;2.070384;47.212727
18279_3251_00004;4;;Rue du Village Aubry;18100;18279;Vierzon;;;2.099478;47.217915
18279_3047_00076;76;;Rue Saint Exupéry;18100;18279;Vierzon;;;2.067012;47.200642
18279_0890_00122;122;;Rue de la Convention;18100;18279;Vierzon;;;2.109796;47.22499
18279_0170_00012_bis;12;bis;Rue Armand Brunet;18100;18279;Vierzon;;;2.068543;47.222365
18279_2620_00035;35;;Rue des Pentecotes;18100;18279;Vierzon;;;2.058903;47.228108
18279_0020_00004_a;4;a;Chemin de l’Abricot;18100;18279;Vierzon;;;2.053163;47.220729
18279_1810_00010;10;;Rue de l'Ile du Cher;18100;18279;Vierzon;;;2.065058;47.217029
18279_3135_00010_b;10;b;Rue des Tramways de l'Indre;18100;18279;Vierzon;;;2.060563;47.214554
18279_0710_00041;41;;Rue du Champanet;18100;18279;Vierzon;;;2.060105;47.220082
18279_3300_00009;9;;Rue Voltaire;18100;18279;Vierzon;;;2.067805;47.221676
18279_1197_00010;10;;Place de l'Etape;18100;18279;Vierzon;;;2.069021;47.222824
18279_2430_00022_a;22;a;Rue Urbain Nègre;18100;18279;Vierzon;;;2.080652;47.2284
18279_1538_00021;21;;Rue Georges Rousseau;18100;18279;Vierzon;;;2.058299;47.212309
18279_2980_00027;27;;Rue Riparia;18100;18279;Vierzon;;;2.059498;47.213275
18279_3052_00011_a;11;a;Route de Saint Lazare;18100;18279;Vierzon;;;2.097702;47.208121
18279_2700_00012;12;;Rue Pierre Curie;18100;18279;Vierzon;;;2.056799;47.217344
18279_2960_00006;6;;Place de la Résistance;18100;18279;Vierzon;;;2.071917;47.223656
18279_0170_00024;24;;Rue Armand Brunet;18100;18279;Vierzon;;;2.069492;47.221915
18279_2040_00035;35;;Avenue Mal Philippe Leclerc de Ha;18100;18279;Vierzon;;;2.054426;47.208722
18279_3160_00020;20;;Rue du Val Fleury;18100;18279;Vierzon;;;2.070087;47.211108
18279_1375_00031;31;;Rue France Bloch-sérazin;18100;18279;Vierzon;;;2.078214;47.206451
18279_2155_00013;13;;Avenue du 8 Mai 1945;18100;18279;Vierzon;;;2.076124;47.227819
18279_2340_00014;14;;Rue Molière;18100;18279;Vierzon;;;2.065745;47.219468
18279_1128_00125;125;;Avenue Edouard Vaillant;18100;18279;Vierzon;;;2.060931;47.239643
18279_66j5mf_00040;40;;Chemin des Noues;18100;18279;Vierzon;;;2.046049;47.210524
18279_2330_00092;92;;Rue Mirabeau;18100;18279;Vierzon;;;2.051956;47.209773
18279_3147_00028;28;;Rue de l'Unité;18100;18279;Vierzon;;;2.072534;47.236451
18279_0030_00032_a;32;a;Rue de l'Abricot;18100;18279;Vierzon;;;2.055319;47.220952
18279_2594_00013;13;;Rue Paul Valery;18100;18279;Vierzon;;;2.0677;47.209091
18279_0260_00002;2;;Petite Rue Babeuf;18100;18279;Vierzon;;;2.045626;47.234027
18279_1470_00079;79;;Rue Gaston Cornavin;18100;18279;Vierzon;;;2.087221;47.229694
18279_2330_00063;63;;Rue Mirabeau;18100;18279;Vierzon;;;2.051714;47.209624
18279_0840_00030;30;;Rue Claude Michaud;18100;18279;Vierzon;;;2.068341;47.214063
18279_1420_00002;2;;Rue Galilée;18100;18279;Vierzon;;;2.069762;47.221905
18279_3076_00020;20;;Route des Souchènes;18100;18279;Vierzon;;;2.032239;47.21388
18279_1290_00079;79;;Rue Félix Pyat;18100;18279;Vierzon;;;2.085867;47.227488
18279_1930_00016;16;;Rue de Jérusalem;18100;18279;Vierzon;;;2.066796;47.217743
18279_2055_00022;22;;Rue Lénine;18100;18279;Vierzon;;;2.064263;47.233453
18279_3133_00094;94;;Route de Tours;18100;18279;Vierzon;;;2.027459;47.239505
18279_3110_00003_bis;3;bis;Rue des Terres Mortes;18100;18279;Vierzon;;;2.057197;47.208179
18279_1536_00074;74;;Rue Georges Politzer;18100;18279;Vierzon;;;2.08079;47.202991
18279_1155_00014;14;;Rue Emile Desforges;18100;18279;Vierzon;;;2.082338;47.227008
18279_2430_00005;5;;Rue Urbain Nègre;18100;18279;Vierzon;;;2.080681;47.226996
18279_lukrq1_00002;2;;Rue Rouget de Lisle;18100;18279;Vierzon;;;2.047927;47.233141
18279_2720_00046;46;;Rue Pierre Dupont;18100;18279;Vierzon;;;2.041363;47.237738
18279_2625_00006;6;;Chemin du Perdrier;18100;18279;Vierzon;;;2.097448;47.222147
18279_0310_00024;24;;Rue du Bas de Grange;18100;18279;Vierzon;;;2.054099;47.224793
18279_0120_00134;134;;Rue André Ribaud;18100;18279;Vierzon;;;2.07498;47.234887
18279_2270_00017;17;;Rue Meunier;18100;18279;Vierzon;;;2.045078;47.229356
18279_1549_00022;22;;Chemin de la Giraudiere;18100;18279;Vierzon;;;2.027786;47.235971
18279_1840_00071;71;;Rue Jean-baptiste Clément;18100;18279;Vierzon;;;2.076158;47.232931
18279_1870_00060;60;;Rue Jean Jacques Rousseau;18100;18279;Vierzon;;;2.081369;47.216966
18279_1270_00044;44;;Petite Rue de Fay;18100;18279;Vierzon;;;2.050149;47.23871
18279_1391_00010;10;;Rue de la Fringale;18100;18279;Vierzon;;;2.04046;47.233091
18279_1060_00001;1;;Rue du Docteur Lobligeois;18100;18279;Vierzon;;;2.059703;47.216609
18279_3047_00073;73;;Rue Saint Exupéry;18100;18279;Vierzon;;;2.067562;47.202086
18279_0650_00042;42;;Rue du Cavalier;18100;18279;Vierzon;;;2.066258;47.225743
18279_2220_00034;34;;Rue du Maréchal Joffre;18100;18279;Vierzon;;;2.069409;47.223139
18279_1391_00028;28;;Rue de la Fringale;18100;18279;Vierzon;;;2.039439;47.234069
18279_0435_00008;8;;Rue de Bitterfeld;18100;18279;Vierzon;;;2.083083;47.203408
18279_1128_00101;101;;Avenue Edouard Vaillant;18100;18279;Vierzon;;;2.061014;47.237858
18279_0020_00022;22;;Chemin de l’Abricot;18100;18279;Vierzon;;;2.051049;47.219082
18279_671bao_00012;12;;avenue maréchal philippe leclerc de hauteclocque;18100;18279;Vierzon;;;2.057165;47.209282
18279_0726_00006;6;;Rue Baudelaire;18100;18279;Vierzon;;;2.083062;47.19843
18279_1240_00050;50;;Rue Etienne Nivet;18100;18279;Vierzon;;;2.08304;47.221447
18279_0120_00047;47;;Rue André Ribaud;18100;18279;Vierzon;;;2.067991;47.231684
18279_2100_00067;67;;Rue des Longueraies;18100;18279;Vierzon;;;2.058494;47.235382
18279_1720_00006;6;;Rue Henri Barbusse;18100;18279;Vierzon;;;2.063809;47.229436
18279_0730_00025;25;;Rue Charles Gibault;18100;18279;Vierzon;;;2.083937;47.216868
18279_1537_00008;8;;Rue Gérard Philipe;18100;18279;Vierzon;;;2.081377;47.224719
18279_1393_00007;7;;Chemin des Fromenteaux;18100;18279;Vierzon;;;2.108315;47.228872
18279_2390_00062;62;;Rue du Mouton;18100;18279;Vierzon;;;2.088002;47.230205
18279_0420_00037;37;;Rue de la Bidauderie;18100;18279;Vierzon;;;2.082936;47.237229
18279_1560_00010;10;;Rue Gourdon;18100;18279;Vierzon;;;2.067456;47.224286
18279_0963_00039_bis;39;bis;Route de la Croix;18100;18279;Vierzon;;;2.106843;47.229568
18279_3170_00022_a;22;a;Rue de Valmy;18100;18279;Vierzon;;;2.069728;47.218933
18279_1500_00031_bis;31;bis;Rue Gay Lussac;18100;18279;Vierzon;;;2.08016;47.225926
18279_1320_00038;38;;Route de Foëcy;18100;18279;Vierzon;;;2.104055;47.208478
18279_2620_00031;31;;Rue des Pentecotes;18100;18279;Vierzon;;;2.05934;47.227917
18279_0350_00067;67;;Rue Beau Site;18100;18279;Vierzon;;;2.07114;47.208563
18279_0120_00109;109;;Rue André Ribaud;18100;18279;Vierzon;;;2.072723;47.23482
18279_2260_00042;42;;Route de Méreau;18100;18279;Vierzon;;;2.061286;47.206827
18279_1230_00109_bis;109;bis;Rue Etienne Marcel;18100;18279;Vierzon;;;2.105114;47.21582
18279_1128_00108;108;;Avenue Edouard Vaillant;18100;18279;Vierzon;;;2.060711;47.238016
18279_3085_00004;4;;Allee de la Source;18100;18279;Vierzon;;;2.07751;47.21263
18279_671bao_00045;45;;avenue maréchal philippe leclerc de hauteclocque;18100;18279;Vierzon;;;2.05218;47.208372
18279_0942_00016;16;;Impasse de la Craillo;18100;18279;Vierzon;;;2.067305;47.236344
18279_0417_00031;31;;Rue Berty Albrecht;18100;18279;Vierzon;;;2.054462;47.210319
18279_3086_00019;19;;Impasse Suzanne Masson;18100;18279;Vierzon;;;2.078985;47.205746
18279_1160_00030;30;;Rue Emile Zola;18100;18279;Vierzon;;;2.043624;47.22502
18279_0660_00023;23;;Rue Célestin Gérard;18100;18279;Vierzon;;;2.053781;47.225193
18279_2620_00005;5;;Rue des Pentecotes;18100;18279;Vierzon;;;2.060903;47.227516
18279_2472_00021;21;;Route des Noues;18100;18279;Vierzon;;;2.045945;47.210493
18279_0030_00019;19;;Rue de l'Abricot;18100;18279;Vierzon;;;2.056638;47.220496
18279_2945_00004;4;;Rue de Rendsburg;18100;18279;Vierzon;;;2.086531;47.20104
18279_1870_00089;89;;Rue Jean Jacques Rousseau;18100;18279;Vierzon;;;2.079895;47.217247
18279_2410_00033;33;;Boulevard de la Nation;18100;18279;Vierzon;;;2.057964;47.21465
18279_2990_00034;34;;Rue Robespierre;18100;18279;Vierzon;;;2.09841;47.220799
18279_0630_00005;5;;Impasse Casimir Lecomte;18100;18279;Vierzon;;;2.062886;47.225324
18279_3184_00009_b;9;b;Chemin des Varennes;18100;18279;Vierzon;;;2.097171;47.215113
18279_2430_00028;28;;Rue Urbain Nègre;18100;18279;Vierzon;;;2.080056;47.228608
18279_0972_00018;18;;Rue de la Croix Moreau;18100;18279;Vierzon;;;2.042839;47.225647
18279_2390_00006;6;;Rue du Mouton;18100;18279;Vierzon;;;2.081469;47.23092
18279_1732_00090;90;;Square Henriette Dumuin;18100;18279;Vierzon;;;2.080244;47.202589
18279_0714_00005;5;;Rue du Champ du Four;18100;18279;Vierzon;;;2.081615;47.233636
18279_0120_00097;97;;Rue André Ribaud;18100;18279;Vierzon;;;2.071712;47.234534
18279_1170_00007_ter;7;ter;Rue des Epinettes;18100;18279;Vierzon;;;2.067853;47.224254
18279_3048_00045;45;;Route de Saint Laurent;18100;18279;Vierzon;;;2.121182;47.220436
18279_0220_00012;12;;Rue Auber;18100;18279;Vierzon;;;2.082536;47.21613
18279_0339_00010;10;;Chemin de la Bazinière;18100;18279;Vierzon;;;2.087013;47.246596
18279_0120_00107;107;;Rue André Ribaud;18100;18279;Vierzon;;;2.072515;47.234768
18279_0980_00012;12;;Rue du Crot à Foulon;18100;18279;Vierzon;;;2.064339;47.230041
18279_1980_00056;56;;Rue Jules Guesde;18100;18279;Vierzon;;;2.039172;47.229508
18279_2155_01065;1065;;Avenue du 8 Mai 1945;18100;18279;Vierzon;;;2.078044;47.226925
18279_0720_00004;4;;Rue des Changes;18100;18279;Vierzon;;;2.068696;47.223403
18279_0720_00005;5;;Rue des Changes;18100;18279;Vierzon;;;2.068857;47.223412
18279_1870_00071;71;;Rue Jean Jacques Rousseau;18100;18279;Vierzon;;;2.075473;47.218069
18279_b2fplh_00015;15;;Residence Mermoz;18100;18279;Vierzon;;;2.06396;47.20499
18279_2015_00005;5;;Impasse Kléber;18100;18279;Vierzon;;;2.057352;47.215304
18279_1905_00048;48;;Rue Jean Picot;18100;18279;Vierzon;;;2.075809;47.210822
18279_3300_00001;1;;Rue Voltaire;18100;18279;Vierzon;;;2.06771;47.221354
18279_0817_00009;9;;Chemin du Chevry;18100;18279;Vierzon;;;2.116831;47.21544
18279_3141_00001;1;;Chemin de la Trietterie;18100;18279;Vierzon;;;2.094958;47.242175
18279_0840_00007;7;;Rue Claude Michaud;18100;18279;Vierzon;;;2.065731;47.213781
18279_2659_00001;1;;Chemin des Petites Vèves;18100;18279;Vierzon;;;2.015713;47.231306
18279_3084_00021;21;;Chemin du Stade Constant Duval;18100;18279;Vierzon;;;2.056646;47.241177
18279_2080_00087;87;;Route de la Loeuf;18100;18279;Vierzon;;;2.031844;47.215474
18279_0030_00026;26;;Rue de l'Abricot;18100;18279;Vierzon;;;2.055873;47.22062
18279_0545_00025;25;;Route de Bourges;18100;18279;Vierzon;;;2.111584;47.21535
18279_2690_00009;9;;Rue Pierre Calmette;18100;18279;Vierzon;;;2.06293;47.215774
18279_0120_00054_b;54;b;Rue André Ribaud;18100;18279;Vierzon;;;2.068613;47.232198
18279_2472_00026;26;;Route des Noues;18100;18279;Vierzon;;;2.048239;47.210451
18279_2995_00004;4;;Rue Roland Champenier;18100;18279;Vierzon;;;2.068261;47.238796
18279_1730_00022;22;;Avenue Henri Brisson;18100;18279;Vierzon;;;2.061087;47.228229
18279_1510_00045;45;;Grande Rue de la Genette;18100;18279;Vierzon;;;2.054854;47.216339
18279_3285_00025;25;;Rue Vincent Auriol;18100;18279;Vierzon;;;2.087599;47.199967
18279_1506_00012;12;;Rue du Général de Gaulle;18100;18279;Vierzon;;;2.061616;47.221671
18279_0990_00033;33;;Rue Danielle Casanova;18100;18279;Vierzon;;;2.074002;47.212018
18279_1720_00053;53;;Rue Henri Barbusse;18100;18279;Vierzon;;;2.065009;47.234643
18279_2870_00087;87;;Route de Puits Berteau;18100;18279;Vierzon;;;2.072578;47.237091
18279_0640_00014;14;;Rue Casimir Lecomte;18100;18279;Vierzon;;;2.064879;47.228637
18279_1821_00010;10;;Rue Jacqueline Auriol;18100;18279;Vierzon;;;2.065508;47.202944
18279_1378_00007;7;;Rue François Mitterrand;18100;18279;Vierzon;;;2.060749;47.220721
18279_1980_00025;25;;Rue Jules Guesde;18100;18279;Vierzon;;;2.046595;47.227855
18279_2980_00008;8;;Rue Riparia;18100;18279;Vierzon;;;2.060294;47.214542
18279_0482_00002;2;;Rue du Bois d'Yèvre;18100;18279;Vierzon;;;2.070025;47.218735
18279_0866_00044_c;44;c;Avenue du Colonel Manhes;18100;18279;Vierzon;;;2.082404;47.223343
18279_2640_00012_bis;12;bis;Route du Petit Râteau;18100;18279;Vierzon;;;2.09709;47.229592
18279_1065_00004_bis;4;bis;Cour des Donneaux;18100;18279;Vierzon;;;2.044667;47.227438
18279_0568_00026;26;;Chemin du Briou;18100;18279;Vierzon;;;2.085727;47.225316
18279_1536_00049;49;;Rue Georges Politzer;18100;18279;Vierzon;;;2.080377;47.204109
18279_3202_00048;48;;Avenue de Verdun;18100;18279;Vierzon;;;2.073939;47.225704
18279_1840_00034;34;;Rue Jean-baptiste Clément;18100;18279;Vierzon;;;2.070965;47.229013
18279_1170_00014;14;;Rue des Epinettes;18100;18279;Vierzon;;;2.068323;47.224721
18279_0712_00015_b;15;b;Rue du Champ Commun;18100;18279;Vierzon;;;2.068049;47.219453
18279_3087_00014;14;;Rue de Stalingrad;18100;18279;Vierzon;;;2.081471;47.232161
18279_2190_00053_a;53;a;Rue Marcel Perrin;18100;18279;Vierzon;;;2.070747;47.226948
18279_3226_00042;42;;Route du Vieux Domaine;18100;18279;Vierzon;;;2.096499;47.210204
18279_1875_00011;11;;Rue Jean Giono;18100;18279;Vierzon;;;2.077632;47.20902
18279_0080_00030;30;;Rue Anatole France;18100;18279;Vierzon;;;2.058169;47.221501
18279_0170_00049;49;;Rue Armand Brunet;18100;18279;Vierzon;;;2.071432;47.221392
18279_3202_00047_a;47;a;Avenue de Verdun;18100;18279;Vierzon;;;2.073387;47.225899
18279_2990_00005;5;;Rue Robespierre;18100;18279;Vierzon;;;2.09561;47.218825
18279_3133_00096;96;;Route de Tours;18100;18279;Vierzon;;;2.027197;47.239848
18279_2950_00031;31;;Avenue de la République;18100;18279;Vierzon;;;2.065254;47.223254
18279_0963_00049;49;;Route de la Croix;18100;18279;Vierzon;;;2.108626;47.229258
18279_0273_00016;16;;Rue Baptiste Marcet;18100;18279;Vierzon;;;2.05891;47.239136
18279_0421_00037;37;;Chemin de la Bidauderie;18100;18279;Vierzon;;;2.082724;47.237293
18279_0497_00030_bis;30;bis;Chemin de Bois Marteau;18100;18279;Vierzon;;;2.054938;47.240673
18279_2085_00016;16;;Rue des Lilas;18100;18279;Vierzon;;;2.055297;47.233477
18279_66j5mf_00036;36;;Chemin des Noues;18100;18279;Vierzon;;;2.046757;47.210373
18279_0420_00035;35;;Rue de la Bidauderie;18100;18279;Vierzon;;;2.081278;47.236792
18279_0710_00025;25;;Rue du Champanet;18100;18279;Vierzon;;;2.061195;47.22024
18279_0030_00050;50;;Rue de l'Abricot;18100;18279;Vierzon;;;2.053743;47.22078
18279_0042_00017_a;17;a;Chemin des Ajoncs;18100;18279;Vierzon;;;2.082084;47.237927
18279_1230_00066_a;66;a;Rue Etienne Marcel;18100;18279;Vierzon;;;2.099805;47.217481
18279_1480_00044_d;44;d;Rue de la Gaucherie;18100;18279;Vierzon;;;2.063516;47.223363
18279_2735_00004;4;;Rue Pierre Ferdonnet;18100;18279;Vierzon;;;2.089764;47.227332
18279_3170_00004_b;4;b;Rue de Valmy;18100;18279;Vierzon;;;2.067491;47.219075
18279_2605_00027;27;;Ruelle du Pavillon;18100;18279;Vierzon;;;2.070536;47.225171
18279_671bao_00026;26;;avenue maréchal philippe leclerc de hauteclocque;18100;18279;Vierzon;;;2.055661;47.209489
18279_0090_00001;1;;Rue Andre de Chenier;18100;18279;Vierzon;;;2.073662;47.218567
18279_2688_00071;71;;Rue Pierre Brossolette;18100;18279;Vierzon;;;2.075564;47.20362
18279_0260_00001_t;1;t;Petite Rue Babeuf;18100;18279;Vierzon;;;2.045744;47.234366
18279_2770_00008;8;;Rue de la Plaisance;18100;18279;Vierzon;;;2.091172;47.219824
18279_2309_00053;53;;Chemin des Millards;18100;18279;Vierzon;;;2.109554;47.234134
18279_1538_00046;46;;Rue Georges Rousseau;18100;18279;Vierzon;;;2.057902;47.210816
18279_1290_00124;124;;Rue Félix Pyat;18100;18279;Vierzon;;;2.091193;47.228681
18279_0890_00015;15;;Rue de la Convention;18100;18279;Vierzon;;;2.101596;47.218637
18279_1810_00005;5;;Rue de l'Ile du Cher;18100;18279;Vierzon;;;2.064501;47.217077
18279_2720_00026;26;;Rue Pierre Dupont;18100;18279;Vierzon;;;2.045021;47.23596
18279_0170_00065;65;;Rue Armand Brunet;18100;18279;Vierzon;;;2.072831;47.221228
18279_0385_00012;12;;Chemin des Bergeries;18100;18279;Vierzon;;;2.053917;47.223588
18279_1720_00021_bis;21;bis;Rue Henri Barbusse;18100;18279;Vierzon;;;2.064356;47.230958
18279_3160_00018;18;;Rue du Val Fleury;18100;18279;Vierzon;;;2.070158;47.211295
18279_2870_00098;98;;Route de Puits Berteau;18100;18279;Vierzon;;;2.073591;47.237033
18279_2290_00030;30;;Rue des Meunières;18100;18279;Vierzon;;;2.054416;47.23478
18279_1210_00047;47;;Rue Etienne Desroches;18100;18279;Vierzon;;;2.103379;47.220502
18279_0482_00033;33;;Rue du Bois d'Yèvre;18100;18279;Vierzon;;;2.069403;47.217443
18279_0623_00003;3;;Rue Camelinat;18100;18279;Vierzon;;;2.071352;47.236146
18279_2740_00001;1;;Avenue Pierre Sémard;18100;18279;Vierzon;;;2.061658;47.225153
18279_0210_00022;22;;Rue des Ateliers;18100;18279;Vierzon;;;2.054738;47.230321
18279_2255_00008;8;;Place de la Mémoire;18100;18279;Vierzon;;;2.079715;47.200181
18279_2845_00028;28;;Passage Proudhon;18100;18279;Vierzon;;;2.048787;47.233708
18279_0170_00056;56;;Rue Armand Brunet;18100;18279;Vierzon;;;2.072579;47.221347
18279_3020_00001_bis;1;bis;Rue de Ronvaux;18100;18279;Vierzon;;;2.053791;47.226522
18279_3280_00021;21;;Rue de Villeneuve;18100;18279;Vierzon;;;2.072269;47.212353
18279_1062_00019_a;19;a;Rue du Docteur Pierre Roux;18100;18279;Vierzon;;;2.070054;47.224092
18279_0308_00012;12;;Place du Bas de Grange;18100;18279;Vierzon;;;2.048221;47.224995
18279_2750_00033;33;;Rue des Pillots;18100;18279;Vierzon;;;2.052007;47.213781
18279_2709_00005;5;;Impasse Pierre Debournou;18100;18279;Vierzon;;;2.061833;47.223432
18279_2080_00135_a;135;a;Route de la Loeuf;18100;18279;Vierzon;;;2.030951;47.209088
18279_671bao_00022_d;22;d;avenue maréchal philippe leclerc de hauteclocque;18100;18279;Vierzon;;;2.05601;47.209903
18279_0500_00021_a;21;a;Rue Boitard;18100;18279;Vierzon;;;2.070924;47.214646
18279_1750_00006;6;;Rue Henri Sellier;18100;18279;Vierzon;;;2.054618;47.217724
18279_2560_00048;48;;Rue Pasteur;18100;18279;Vierzon;;;2.088946;47.219526
18279_3047_00056_q;56;q;Rue Saint Exupéry;18100;18279;Vierzon;;;2.067175;47.202091
18279_0420_00052_c;52;c;Rue de la Bidauderie;18100;18279;Vierzon;;;2.08331;47.236707
18279_1840_00004;4;;Rue Jean-baptiste Clément;18100;18279;Vierzon;;;2.070468;47.227364
18279_2125_00017;17;;Rue Louise Michel;18100;18279;Vierzon;;;2.07081;47.23595
18279_3160_00010;10;;Rue du Val Fleury;18100;18279;Vierzon;;;2.070607;47.212015
18279_2795_00012;12;;Rue des Ponts;18100;18279;Vierzon;;;2.067151;47.220024
18279_1895_00005;5;;Rue Jean Moulin;18100;18279;Vierzon;;;2.063376;47.234073
18279_0080_00112;112;;Rue Anatole France;18100;18279;Vierzon;;;2.050464;47.22259
18279_1510_00002;2;;Grande Rue de la Genette;18100;18279;Vierzon;;;2.059441;47.216391
18279_0350_00095;95;;Rue Beau Site;18100;18279;Vierzon;;;2.070269;47.206911
18279_1250_00027;27;;Rue Eugène Pottier;18100;18279;Vierzon;;;2.099258;47.22098
18279_1362_00004;4;;Chemin des Fougeres;18100;18279;Vierzon;;;2.030973;47.239569
18279_2080_00104_b;104;b;Route de la Loeuf;18100;18279;Vierzon;;;2.029704;47.21144
18279_3180_00011;11;;Rue Van Craeynest;18100;18279;Vierzon;;;2.064862;47.209603
18279_1500_00004_bis;4;bis;Rue Gay Lussac;18100;18279;Vierzon;;;2.076349;47.22351
18279_2025_00073;73;;avenue maréchal jean de lattre de tassigny;18100;18279;Vierzon;;;2.076419;47.202965
18279_0120_00068;68;;Rue André Ribaud;18100;18279;Vierzon;;;2.069186;47.232931
18279_2070_00031;31;;Boulevard de la Liberté;18100;18279;Vierzon;;;2.065199;47.227174
18279_1230_00056;56;;Rue Etienne Marcel;18100;18279;Vierzon;;;2.098961;47.217609
18279_1840_00082_bis;82;bis;Rue Jean-baptiste Clément;18100;18279;Vierzon;;;2.075122;47.232565
18279_0450_00002;2;;Rue Blanche Baron;18100;18279;Vierzon;;;2.065189;47.221962
18279_2960_00014;14;;Place de la Résistance;18100;18279;Vierzon;;;2.073317;47.223008
18279_0842_00009;9;;Chemin du Cloître;18100;18279;Vierzon;;;2.031393;47.224977
18279_0740_00028;28;;Rue Charles Hurvoy;18100;18279;Vierzon;;;2.065443;47.228487
18279_2080_00079;79;;Route de la Loeuf;18100;18279;Vierzon;;;2.032254;47.215548
18279_1710_00021;21;;Rue Guy Môquet;18100;18279;Vierzon;;;2.074868;47.211814
18279_3280_00027;27;;Rue de Villeneuve;18100;18279;Vierzon;;;2.07199;47.211876
18279_0720_00017;17;;Rue des Changes;18100;18279;Vierzon;;;2.069082;47.223828
18279_2065_00006;6;;Passage Leveque;18100;18279;Vierzon;;;2.052433;47.228588
18279_3019_00001;1;;Passage de Ronvaux;18100;18279;Vierzon;;;2.055632;47.226353
18279_2594_00028;28;;Rue Paul Valery;18100;18279;Vierzon;;;2.066875;47.208201
18279_2610_00022;22;;Chemin des Pelles;18100;18279;Vierzon;;;2.043664;47.224007
18279_1120_00025;25;;Rue Edouard Branly;18100;18279;Vierzon;;;2.104382;47.218408
18279_2630_00002;2;;Rue du Péry;18100;18279;Vierzon;;;2.081265;47.225985
18279_3133_00044;44;;Route de Tours;18100;18279;Vierzon;;;2.036889;47.234457
18279_3280_00012;12;;Rue de Villeneuve;18100;18279;Vierzon;;;2.072106;47.212969
18279_0600_00017;17;;Petite Rue du Camp;18100;18279;Vierzon;;;2.066579;47.206369
18279_1150_00042;42;;Rue Emile Bouleau;18100;18279;Vierzon;;;2.068015;47.217982
18279_3251_00017_a;17;a;Rue du Village Aubry;18100;18279;Vierzon;;;2.10021;47.218135
18279_1640_00006;6;;Rue du Grelet;18100;18279;Vierzon;;;2.049638;47.230735
18279_0270_00055_bis;55;bis;Rue Babeuf;18100;18279;Vierzon;;;2.041262;47.23292
18279_1700_00045;45;;Rue Gustave Flourens;18100;18279;Vierzon;;;2.053472;47.231701
18279_1450_00011;11;;Rue Gambon;18100;18279;Vierzon;;;2.07282;47.227018
18279_2025_00011;11;;avenue maréchal jean de lattre de tassigny;18100;18279;Vierzon;;;2.063972;47.209242
18279_0370_00073;73;;Route de Bellon;18100;18279;Vierzon;;;2.077404;47.212284
18279_0120_00001;1;;Rue André Ribaud;18100;18279;Vierzon;;;2.065119;47.229018
18279_2100_00013;13;;Rue des Longueraies;18100;18279;Vierzon;;;2.057882;47.231753
18279_3180_00013;13;;Rue Van Craeynest;18100;18279;Vierzon;;;2.064827;47.209534
18279_2816_00029;29;;Passage du Pré d'Anet;18100;18279;Vierzon;;;2.076938;47.219376
18279_2960_00012;12;;Place de la Résistance;18100;18279;Vierzon;;;2.073255;47.222836
18279_1230_00091_c;91;c;Rue Etienne Marcel;18100;18279;Vierzon;;;2.102669;47.216991
18279_1380_00011;11;;Rue des Francs Tireurs;18100;18279;Vierzon;;;2.105113;47.218032
18279_1480_00052;52;;Rue de la Gaucherie;18100;18279;Vierzon;;;2.063942;47.223537
18279_0482_00011;11;;Rue du Bois d'Yèvre;18100;18279;Vierzon;;;2.069786;47.218487
18279_1420_00001;1;;Rue Galilée;18100;18279;Vierzon;;;2.069906;47.221953
18279_0840_00018;18;;Rue Claude Michaud;18100;18279;Vierzon;;;2.066731;47.213624
18279_2125_00028;28;;Rue Louise Michel;18100;18279;Vierzon;;;2.071094;47.236602
18279_3210_00012;12;;Rue Victor Hugo;18100;18279;Vierzon;;;2.066911;47.223306
18279_2625_00029;29;;Chemin du Perdrier;18100;18279;Vierzon;;;2.094955;47.227275
18279_a070_00045;45;;Residence des Bruyeres;18100;18279;Vierzon;;;2.065792;47.205316
18279_2330_00082;82;;Rue Mirabeau;18100;18279;Vierzon;;;2.052644;47.210158
18279_2290_00004;4;;Rue des Meunières;18100;18279;Vierzon;;;2.057765;47.234178
18279_3280_00049;49;;Rue de Villeneuve;18100;18279;Vierzon;;;2.0713;47.210578
18279_a210_00008;8;;Residence de la Foret;18100;18279;Vierzon;;;2.063592;47.238443
18279_0170_00032;32;;Rue Armand Brunet;18100;18279;Vierzon;;;2.070164;47.221756
18279_1940_00001;1;;Rue Joliot Curie;18100;18279;Vierzon;;;2.073982;47.210188
18279_3290_00001;1;;Passage Voltaire;18100;18279;Vierzon;;;2.068222;47.221388
18279_2290_00021;21;;Rue des Meunières;18100;18279;Vierzon;;;2.055885;47.23454
18279_1270_00007;7;;Petite Rue de Fay;18100;18279;Vierzon;;;2.050537;47.236972
18279_0370_00002;2;;Route de Bellon;18100;18279;Vierzon;;;2.0691;47.214218
18279_0290_00043;43;;Rue Barbès;18100;18279;Vierzon;;;2.054127;47.23514
18279_2503_00024;24;;Rue Pablo Picasso;18100;18279;Vierzon;;;2.083795;47.200681
18279_2845_00012;12;;Passage Proudhon;18100;18279;Vierzon;;;2.04969;47.2325
18279_2430_00012_ter;12;ter;Rue Urbain Nègre;18100;18279;Vierzon;;;2.081237;47.227907
18279_0308_00001;1;;Place du Bas de Grange;18100;18279;Vierzon;;;2.048696;47.225084
18279_0715_00011_bis;11;bis;Chemin du Champ des Renards;18100;18279;Vierzon;;;2.094425;47.227426
18279_2850_00010_t;10;t;Rue Proudhon;18100;18279;Vierzon;;;2.048229;47.231338
18279_2058_00041;41;;Rue Léo Mérigot;18100;18279;Vierzon;;;2.053435;47.226975
18279_0712_00019;19;;Rue du Champ Commun;18100;18279;Vierzon;;;2.068267;47.219404
18279_0110_00047;47;;Rue André Hènault;18100;18279;Vierzon;;;2.060109;47.215455
18279_2210_00020;20;;Place du Maréchal Foch;18100;18279;Vierzon;;;2.067802;47.223202
18279_1060_00029;29;;Rue du Docteur Lobligeois;18100;18279;Vierzon;;;2.056059;47.217227
18279_0370_00087;87;;Route de Bellon;18100;18279;Vierzon;;;2.078021;47.211196
18279_0290_00012_bis;12;bis;Rue Barbès;18100;18279;Vierzon;;;2.052062;47.233531
18279_2302_00010;10;;Rue Michel Lucas;18100;18279;Vierzon;;;2.085403;47.230905
18279_0160_00002;2;;Rue Armand Bazile;18100;18279;Vierzon;;;2.069818;47.218095
18279_2157_00005_bis;5;bis;Chemin de la Maison Blanche;18100;18279;Vierzon;;;2.039273;47.223961
18279_1160_00042_a;42;a;Rue Emile Zola;18100;18279;Vierzon;;;2.041964;47.225095
18279_2608_00010_bis;10;bis;Chemin des Peages;18100;18279;Vierzon;;;2.032786;47.225781
18279_3133_00032;32;;Route de Tours;18100;18279;Vierzon;;;2.038165;47.233658
18279_0600_00010;10;;Petite Rue du Camp;18100;18279;Vierzon;;;2.067716;47.206932
18279_3184_00009_a;9;a;Chemin des Varennes;18100;18279;Vierzon;;;2.097874;47.214912
18279_0390_00016;16;;Passage des Bergeries Ouest;18100;18279;Vierzon;;;2.050875;47.224168
18279_2950_00056;56;;Avenue de la République;18100;18279;Vierzon;;;2.06311;47.22438
18279_2993_00022;22;;Rue Roger Faletto;18100;18279;Vierzon;;;2.085907;47.199816
18279_2610_00010;10;;Chemin des Pelles;18100;18279;Vierzon;;;2.045177;47.224148
18279_3047_00048;48;;Rue Saint Exupéry;18100;18279;Vierzon;;;2.067672;47.202911
18279_3280_00017;17;;Rue de Villeneuve;18100;18279;Vierzon;;;2.072348;47.212597
18279_0370_00035;35;;Route de Bellon;18100;18279;Vierzon;;;2.07321;47.213573
18279_1170_00005;5;;Rue des Epinettes;18100;18279;Vierzon;;;2.067868;47.223979
18279_1810_00020;20;;Rue de l'Ile du Cher;18100;18279;Vierzon;;;2.064653;47.217048
18279_0482_00006;6;;Rue du Bois d'Yèvre;18100;18279;Vierzon;;;2.06989;47.218567
18279_1732_00012;12;;Square Henriette Dumuin;18100;18279;Vierzon;;;2.078592;47.20328
18279_1290_00041;41;;Rue Félix Pyat;18100;18279;Vierzon;;;2.082439;47.229071
18279_2040_00017;17;;Avenue Mal Philippe Leclerc de Ha;18100;18279;Vierzon;;;2.056672;47.209054
18279_3048_00065;65;;Route de Saint Laurent;18100;18279;Vierzon;;;2.123988;47.220975
18279_0542_00017;17;;Rue du Bourdoiseau;18100;18279;Vierzon;;;2.063022;47.23209
18279_2330_00019;19;;Rue Mirabeau;18100;18279;Vierzon;;;2.055024;47.21179
18279_2390_00004;4;;Rue du Mouton;18100;18279;Vierzon;;;2.081314;47.230969
18279_1270_00030;30;;Petite Rue de Fay;18100;18279;Vierzon;;;2.050605;47.237538
18279_1055_00189;189;;Avenue du 19 Mars 1962;18100;18279;Vierzon;;;2.091274;47.239398
18279_0800_00035;35;;Quai du Cher;18100;18279;Vierzon;;;2.062265;47.216552
18279_2461_00009;9;;Rue Nicolas Copernic;18100;18279;Vierzon;;;2.082944;47.234143
18279_1500_00012;12;;Rue Gay Lussac;18100;18279;Vierzon;;;2.077426;47.224371
18279_671bao_00041_a;41;a;avenue maréchal philippe leclerc de hauteclocque;18100;18279;Vierzon;;;2.053544;47.208581
18279_1230_00101_b;101;b;Rue Etienne Marcel;18100;18279;Vierzon;;;2.104007;47.216236
18279_0370_00096_a;96;a;Route de Bellon;18100;18279;Vierzon;;;2.078301;47.20873
18279_1840_00023;23;;Rue Jean-baptiste Clément;18100;18279;Vierzon;;;2.071073;47.229067
18279_1150_00023_bis;23;bis;Rue Emile Bouleau;18100;18279;Vierzon;;;2.068124;47.218782
18279_0660_00015_bis;15;bis;Rue Célestin Gérard;18100;18279;Vierzon;;;2.054163;47.22578
18279_2058_00032;32;;Rue Léo Mérigot;18100;18279;Vierzon;;;2.050936;47.229064
18279_2058_00054;54;;Rue Léo Mérigot;18100;18279;Vierzon;;;2.052005;47.228003
18279_1530_01093;1093;;Rue Georges Clémenceau;18100;18279;Vierzon;;;2.055453;47.215792
18279_2870_00095;95;;Route de Puits Berteau;18100;18279;Vierzon;;;2.071945;47.237163
18279_671bao_00027;27;;avenue maréchal philippe leclerc de hauteclocque;18100;18279;Vierzon;;;2.055578;47.208892
18279_1070_00021;21;;Rue des Donneaux;18100;18279;Vierzon;;;2.044828;47.226248
18279_2220_00041;41;;Rue du Maréchal Joffre;18100;18279;Vierzon;;;2.069921;47.222996
18279_1700_00013;13;;Rue Gustave Flourens;18100;18279;Vierzon;;;2.056132;47.230817
18279_0350_00015;15;;Rue Beau Site;18100;18279;Vierzon;;;2.073283;47.212497
18279_2960_00005_bis;5;bis;Place de la Résistance;18100;18279;Vierzon;;;2.071887;47.223968
18279_0080_00080;80;;Rue Anatole France;18100;18279;Vierzon;;;2.053006;47.222131
18279_1536_00062;62;;Rue Georges Politzer;18100;18279;Vierzon;;;2.080226;47.203473
18279_3280_00089;89;;Rue de Villeneuve;18100;18279;Vierzon;;;2.069932;47.208192
18279_2155_00095_c;95;c;Avenue du 8 Mai 1945;18100;18279;Vierzon;;;2.085437;47.236234
18279_3280_00084;84;;Rue de Villeneuve;18100;18279;Vierzon;;;2.069511;47.208226
18279_2870_00194;194;;Route de Puits Berteau;18100;18279;Vierzon;;;2.062044;47.239959
18279_2845_00024;24;;Passage Proudhon;18100;18279;Vierzon;;;2.048807;47.23315
18279_1720_00007;7;;Rue Henri Barbusse;18100;18279;Vierzon;;;2.063842;47.229858
18279_0310_00050_bis;50;bis;Rue du Bas de Grange;18100;18279;Vierzon;;;2.050377;47.225612
18279_2309_00002;2;;Chemin des Millards;18100;18279;Vierzon;;;2.099291;47.232072
18279_1500_00023_a;23;a;Rue Gay Lussac;18100;18279;Vierzon;;;2.077562;47.224837
18279_0080_00043;43;;Rue Anatole France;18100;18279;Vierzon;;;2.057215;47.22144
18279_2980_00026;26;;Rue Riparia;18100;18279;Vierzon;;;2.059067;47.213475
18279_1220_00009_bis;9;bis;Rue Etienne Dolet;18100;18279;Vierzon;;;2.102271;47.214758
18279_0482_00031_a;31;a;Rue du Bois d'Yèvre;18100;18279;Vierzon;;;2.06927;47.217536
18279_2080_00131;131;;Route de la Loeuf;18100;18279;Vierzon;;;2.031401;47.209156
18279_0082_00044;44;;Petite Rue Anatole France;18100;18279;Vierzon;;;2.048928;47.222207
18279_3110_00003;3;;Rue des Terres Mortes;18100;18279;Vierzon;;;2.057618;47.208319
18279_1250_00120;120;;Rue Eugène Pottier;18100;18279;Vierzon;;;2.098076;47.225957
18279_2410_00004;4;;Boulevard de la Nation;18100;18279;Vierzon;;;2.060722;47.216514
18279_1250_00059_bis;59;bis;Rue Eugène Pottier;18100;18279;Vierzon;;;2.098372;47.22358
18279_1770_00013;13;;Rue Honoré de Balzac;18100;18279;Vierzon;;;2.06544;47.212457
18279_1840_00021;21;;Rue Jean-baptiste Clément;18100;18279;Vierzon;;;2.071042;47.228861
18279_a600_00005;5;;Residence Val d’Yevre;18100;18279;Vierzon;;;2.093591;47.218672
18279_2206_00006;6;;Rue Maryse Bastié;18100;18279;Vierzon;;;2.064489;47.202957
18279_2930_00012;12;;Rue Raspail;18100;18279;Vierzon;;;2.078451;47.222541
18279_1940_00052;52;;Rue Joliot Curie;18100;18279;Vierzon;;;2.074733;47.210579
18279_2100_00082;82;;Rue des Longueraies;18100;18279;Vierzon;;;2.059801;47.235502
18279_1285_00023;23;;Rue Federico Garcia Lorca;18100;18279;Vierzon;;;2.085319;47.199416
18279_2030_00009;9;;Rue Lavoisier;18100;18279;Vierzon;;;2.067487;47.227235
18279_1535_00029;29;;Rue Georges Fauconnier;18100;18279;Vierzon;;;2.068093;47.239483
18279_1870_00016;16;;Rue Jean Jacques Rousseau;18100;18279;Vierzon;;;2.073316;47.218537
18279_0095_00026;26;;Rue André Gide;18100;18279;Vierzon;;;2.09613;47.224128
18279_3202_00018;18;;Avenue de Verdun;18100;18279;Vierzon;;;2.072652;47.224689
18279_3280_00057;57;;Rue de Villeneuve;18100;18279;Vierzon;;;2.070972;47.210114
18279_a600_00004;4;;Residence Val d’Yevre;18100;18279;Vierzon;;;2.09424;47.218617
18279_2795_00070;70;;Rue des Ponts;18100;18279;Vierzon;;;2.067249;47.218541
18279_1320_00028;28;;Route de Foëcy;18100;18279;Vierzon;;;2.102717;47.209271
18279_3048_00051_d;51;d;Route de Saint Laurent;18100;18279;Vierzon;;;2.122392;47.220972
18279_0370_00003;3;;Route de Bellon;18100;18279;Vierzon;;;2.069523;47.214301
18279_0310_00054;54;;Rue du Bas de Grange;18100;18279;Vierzon;;;2.049643;47.225313
18279_2260_00028;28;;Route de Méreau;18100;18279;Vierzon;;;2.061725;47.207891
18279_2945_00008;8;;Rue de Rendsburg;18100;18279;Vierzon;;;2.086235;47.200865
18279_0088_00004;4;;Impasse Andre de Chenier;18100;18279;Vierzon;;;2.074481;47.21884
18279_2040_00052;52;;Avenue Mal Philippe Leclerc de Ha;18100;18279;Vierzon;;;2.052888;47.208683
18279_2630_00004;4;;Rue du Péry;18100;18279;Vierzon;;;2.081308;47.225899
18279_0360_00018;18;;Rue de Bellevue;18100;18279;Vierzon;;;2.07196;47.20886
18279_2930_00004;4;;Rue Raspail;18100;18279;Vierzon;;;2.073017;47.223975
18279_2910_00017_bis;17;bis;Avenue du 14 Juillet;18100;18279;Vierzon;;;2.064742;47.215367
18279_1720_00020_a;20;a;Rue Henri Barbusse;18100;18279;Vierzon;;;2.064272;47.230507
18279_1265_00009;9;;Impasse de Fay;18100;18279;Vierzon;;;2.052156;47.235505
18279_3073_00019;19;;Rue de la Société Française;18100;18279;Vierzon;;;2.05866;47.225321
18279_1990_00048;48;;Rue Jules Louis Breton;18100;18279;Vierzon;;;2.078997;47.220814
18279_2750_00034;34;;Rue des Pillots;18100;18279;Vierzon;;;2.05289;47.213729
18279_1980_00024_bis;24;bis;Rue Jules Guesde;18100;18279;Vierzon;;;2.047777;47.227386
18279_a150_00010;10;;Residence les Dumaines;18100;18279;Vierzon;;;2.093309;47.219364
18279_2330_00073;73;;Rue Mirabeau;18100;18279;Vierzon;;;2.050591;47.209295
18279_1870_00024;24;;Rue Jean Jacques Rousseau;18100;18279;Vierzon;;;2.07429;47.218344
18279_1840_00096;96;;Rue Jean-baptiste Clément;18100;18279;Vierzon;;;2.076325;47.233072
18279_2910_00001;1;;Avenue du 14 Juillet;18100;18279;Vierzon;;;2.06495;47.215865
18279_2830_00065;65;;Rue du President Wilson;18100;18279;Vierzon;;;2.053729;47.216898
18279_2740_00040;40;;Avenue Pierre Sémard;18100;18279;Vierzon;;;2.057796;47.226438
18279_2485_00023;23;;Rue du 11 Novembre 1918;18100;18279;Vierzon;;;2.065053;47.22158
18279_0310_00012;12;;Rue du Bas de Grange;18100;18279;Vierzon;;;2.056152;47.224282
18279_3060_00010;10;;Rue du Sergent Bobillot;18100;18279;Vierzon;;;2.048059;47.229034
18279_1375_00009;9;;Rue France Bloch-sérazin;18100;18279;Vierzon;;;2.07795;47.206895
18279_3047_00056_a;56;a;Rue Saint Exupéry;18100;18279;Vierzon;;;2.067116;47.202385
18279_0817_00021;21;;Chemin du Chevry;18100;18279;Vierzon;;;2.11873;47.215486
18279_1406_00019;19;;Chemin de la Gaillardière;18100;18279;Vierzon;;;2.112031;47.22643
18279_0963_00044;44;;Route de la Croix;18100;18279;Vierzon;;;2.106842;47.229486
18279_0160_00026;26;;Rue Armand Bazile;18100;18279;Vierzon;;;2.073287;47.217135
18279_0545_00021;21;;Route de Bourges;18100;18279;Vierzon;;;2.111211;47.215381
18279_0170_00048;48;;Rue Armand Brunet;18100;18279;Vierzon;;;2.071876;47.221444
18279_0310_00016_g;16;g;Rue du Bas de Grange;18100;18279;Vierzon;;;2.055277;47.224424
18279_0420_00052_b;52;b;Rue de la Bidauderie;18100;18279;Vierzon;;;2.083203;47.236658
18279_2330_00025;25;;Rue Mirabeau;18100;18279;Vierzon;;;2.054714;47.211498
18279_2005_00026;26;;Rue Julian Grimau;18100;18279;Vierzon;;;2.085893;47.20078
18279_2973_00015;15;;Chemin des Riaux;18100;18279;Vierzon;;;2.113249;47.22882
18279_1980_00061;61;;Rue Jules Guesde;18100;18279;Vierzon;;;2.042718;47.229184
18279_3135_00026;26;;Rue des Tramways de l'Indre;18100;18279;Vierzon;;;2.05785;47.212998
18279_2330_00070_b;70;b;Rue Mirabeau;18100;18279;Vierzon;;;2.053082;47.21104
18279_2870_00032;32;;Route de Puits Berteau;18100;18279;Vierzon;;;2.078629;47.234078
18279_3202_00042;42;;Avenue de Verdun;18100;18279;Vierzon;;;2.073822;47.22561
18279_3210_00017;17;;Rue Victor Hugo;18100;18279;Vierzon;;;2.066862;47.223395
18279_0350_00093;93;;Rue Beau Site;18100;18279;Vierzon;;;2.070296;47.207025
18279_0710_00019_a;19;a;Rue du Champanet;18100;18279;Vierzon;;;2.062264;47.220247
18279_3061_00016;16;;Boulevard Salvador Allende;18100;18279;Vierzon;;;2.0859;47.226696
18279_0220_00038;38;;Rue Auber;18100;18279;Vierzon;;;2.081649;47.213977
18279_3073_00026_a;26;a;Rue de la Société Française;18100;18279;Vierzon;;;2.056532;47.225072
18279_3210_00057;57;;Rue Victor Hugo;18100;18279;Vierzon;;;2.064811;47.223775
18279_1230_00113;113;;Rue Etienne Marcel;18100;18279;Vierzon;;;2.105312;47.215791
18279_1905_00054;54;;Rue Jean Picot;18100;18279;Vierzon;;;2.075671;47.210755
18279_0640_00021;21;;Rue Casimir Lecomte;18100;18279;Vierzon;;;2.064665;47.228078
18279_1128_00147;147;;Avenue Edouard Vaillant;18100;18279;Vierzon;;;2.060837;47.242036
18279_0460_00012;12;;Rue Blanqui;18100;18279;Vierzon;;;2.049011;47.225762
18279_1877_00006_bis;6;bis;Avenue Jean Jaurès;18100;18279;Vierzon;;;2.048726;47.230262
18279_1290_00002;2;;Rue Félix Pyat;18100;18279;Vierzon;;;2.080505;47.230472
18279_1735_00002;2;;Rue Henri Martin;18100;18279;Vierzon;;;2.079543;47.216885
18279_2330_00020;20;;Rue Mirabeau;18100;18279;Vierzon;;;2.056249;47.213102
18279_1840_00065;65;;Rue Jean-baptiste Clément;18100;18279;Vierzon;;;2.075336;47.232608
18279_1710_00030;30;;Rue Guy Môquet;18100;18279;Vierzon;;;2.075959;47.211533
18279_1062_00008_b;8;b;Rue du Docteur Pierre Roux;18100;18279;Vierzon;;;2.071119;47.223967
18279_2826_00010;10;;Chemin du Pre Long;18100;18279;Vierzon;;;2.050461;47.240112
18279_1128_00019_c;19;c;Avenue Edouard Vaillant;18100;18279;Vierzon;;;2.06174;47.230881
18279_1480_00044;44;;Rue de la Gaucherie;18100;18279;Vierzon;;;2.063783;47.223257
18279_1144_00022;22;;Rue Elsa Triolet;18100;18279;Vierzon;;;2.08432;47.229599
18279_1240_00042;42;;Rue Etienne Nivet;18100;18279;Vierzon;;;2.08231;47.221915
18279_0308_00004;4;;Place du Bas de Grange;18100;18279;Vierzon;;;2.04854;47.22537
18279_2870_00202;202;;Route de Puits Berteau;18100;18279;Vierzon;;;2.06134;47.240108
18279_2560_00024_l;24;l;Rue Pasteur;18100;18279;Vierzon;;;2.086694;47.219862
18279_1310_00002;2;;Rue des Feuillures;18100;18279;Vierzon;;;2.06676;47.213369
18279_0420_00016_a;16;a;Rue de la Bidauderie;18100;18279;Vierzon;;;2.079719;47.234232
18279_0042_00002;2;;Chemin des Ajoncs;18100;18279;Vierzon;;;2.079163;47.23856
18279_2157_00022;22;;Chemin de la Maison Blanche;18100;18279;Vierzon;;;2.037368;47.224613
18279_2040_00011;11;;Avenue Mal Philippe Leclerc de Ha;18100;18279;Vierzon;;;2.05824;47.209315
18279_1155_00022;22;;Rue Emile Desforges;18100;18279;Vierzon;;;2.082911;47.22735
18279_0800_00055;55;;Quai du Cher;18100;18279;Vierzon;;;2.060165;47.216915
18279_0890_00064;64;;Rue de la Convention;18100;18279;Vierzon;;;2.105841;47.220452
18279_1895_00004;4;;Rue Jean Moulin;18100;18279;Vierzon;;;2.06339;47.233825
18279_1180_00003_bis;3;bis;Rue Ernest Renan;18100;18279;Vierzon;;;2.074539;47.217597
18279_3055_00009;9;;Chemin de Saint Priest;18100;18279;Vierzon;;;2.034792;47.227695
18279_0310_00017;17;;Rue du Bas de Grange;18100;18279;Vierzon;;;2.058532;47.223504
18279_2085_00007;7;;Rue des Lilas;18100;18279;Vierzon;;;2.056266;47.231866
18279_0160_00055;55;;Rue Armand Bazile;18100;18279;Vierzon;;;2.075273;47.216511
18279_le1ny7_00019;19;;Rue Jeanne Labourbe;18100;18279;Vierzon;;;2.060223;47.23174
18279_1194_00005;5;;Chemin de l’Etang du Verdin;18100;18279;Vierzon;;;2.040545;47.234898
18279_2000_00006;6;;Rue Jules Vallès;18100;18279;Vierzon;;;2.065988;47.219266
18279_0352_00015;15;;Rue Beethoven;18100;18279;Vierzon;;;2.0792;47.235242
18279_1406_00009;9;;Chemin de la Gaillardière;18100;18279;Vierzon;;;2.111012;47.225783
18279_1537_00001;1;;Rue Gérard Philipe;18100;18279;Vierzon;;;2.08208;47.225119
18279_2620_00023;23;;Rue des Pentecotes;18100;18279;Vierzon;;;2.059551;47.227885
18279_0130_00005;5;;Rue Antoine Parmentier;18100;18279;Vierzon;;;2.047277;47.229382
18279_1877_00022;22;;Avenue Jean Jaurès;18100;18279;Vierzon;;;2.047493;47.230544
18279_1020_00023;23;;Rue Descartes;18100;18279;Vierzon;;;2.079483;47.214688
18279_3107_00005_b;5;b;Impasse des Tailles;18100;18279;Vierzon;;;2.057018;47.23776
18279_2025_00044;44;;avenue maréchal jean de lattre de tassigny;18100;18279;Vierzon;;;2.066928;47.20746
18279_3047_00031;31;;Rue Saint Exupéry;18100;18279;Vierzon;;;2.068254;47.204392
18279_2928_00012;12;;Impasse Raspail;18100;18279;Vierzon;;;2.075814;47.224198
18279_1840_00054;54;;Rue Jean-baptiste Clément;18100;18279;Vierzon;;;2.072256;47.230817
18279_2735_00005;5;;Rue Pierre Ferdonnet;18100;18279;Vierzon;;;2.089913;47.227639
18279_1690_00022;22;;Route de Guérigny;18100;18279;Vierzon;;;2.135872;47.215457
18279_2188_00012;12;;Rue Marcel Pagnol;18100;18279;Vierzon;;;2.076703;47.210769
18279_3150_00005;5;;Place Vaillant Couturier;18100;18279;Vierzon;;;2.069889;47.223266
18279_1810_00002;2;;Rue de l'Ile du Cher;18100;18279;Vierzon;;;2.065138;47.216834
18279_1566_00003;3;;Chemin des Grandchamps;18100;18279;Vierzon;;;2.085759;47.247402
18279_2910_00034;34;;Avenue du 14 Juillet;18100;18279;Vierzon;;;2.06447;47.214204
18279_0840_00019;19;;Rue Claude Michaud;18100;18279;Vierzon;;;2.066649;47.213871
18279_0045_00001;1;;Route d'Ainset;18100;18279;Vierzon;;;2.076382;47.237056
18279_3073_00016_b;16;b;Rue de la Société Française;18100;18279;Vierzon;;;2.05944;47.224895
18279_0310_00090;90;;Rue du Bas de Grange;18100;18279;Vierzon;;;2.045643;47.225772
18279_2560_00059;59;;Rue Pasteur;18100;18279;Vierzon;;;2.089976;47.218932
18279_2560_00029;29;;Rue Pasteur;18100;18279;Vierzon;;;2.087197;47.219722
18279_0201_00004;4;;Chemin des Assis;18100;18279;Vierzon;;;2.025838;47.235174
18279_0890_00025;25;;Rue de la Convention;18100;18279;Vierzon;;;2.101888;47.218809
18279_2260_00057;57;;Route de Méreau;18100;18279;Vierzon;;;2.060726;47.205108
18279_1520_00015;15;;Rue George Sand;18100;18279;Vierzon;;;2.066902;47.226124
18279_0290_00084;84;;Rue Barbès;18100;18279;Vierzon;;;2.060187;47.23729
18279_0210_00008;8;;Rue des Ateliers;18100;18279;Vierzon;;;2.053924;47.230856
18279_1155_00007;7;;Rue Emile Desforges;18100;18279;Vierzon;;;2.082184;47.227
18279_3047_00009;9;;Rue Saint Exupéry;18100;18279;Vierzon;;;2.068588;47.205604
18279_1640_00002_b;2;b;Rue du Grelet;18100;18279;Vierzon;;;2.048613;47.230599
18279_1490_00078;78;;Chemin des Gaudrets;18100;18279;Vierzon;;;2.085858;47.223753
18279_1560_00041;41;;Rue Gourdon;18100;18279;Vierzon;;;2.064286;47.224699
18279_1290_00148_a;148;a;Rue Félix Pyat;18100;18279;Vierzon;;;2.09314;47.227889
18279_3251_00021_c;21;c;Rue du Village Aubry;18100;18279;Vierzon;;;2.100642;47.218535
18279_0542_00046;46;;Rue du Bourdoiseau;18100;18279;Vierzon;;;2.062691;47.233697
18279_0370_00053;53;;Route de Bellon;18100;18279;Vierzon;;;2.07528;47.213034
18279_1538_00030;30;;Rue Georges Rousseau;18100;18279;Vierzon;;;2.058002;47.2117
18279_1310_00004;4;;Rue des Feuillures;18100;18279;Vierzon;;;2.066786;47.213228
18279_2100_00073;73;;Rue des Longueraies;18100;18279;Vierzon;;;2.059614;47.235451
18279_2980_00012;12;;Rue Riparia;18100;18279;Vierzon;;;2.060215;47.213976
18279_1715_00005;5;;Allee Hoche;18100;18279;Vierzon;;;2.045971;47.227245
18279_0542_00032;32;;Rue du Bourdoiseau;18100;18279;Vierzon;;;2.062846;47.232959
18279_1834_00009;9;;Rue Jacques Richard;18100;18279;Vierzon;;;2.080519;47.200255
18279_0963_00032_b;32;b;Route de la Croix;18100;18279;Vierzon;;;2.107147;47.229437
18279_2190_00037;37;;Rue Marcel Perrin;18100;18279;Vierzon;;;2.071038;47.226337
18279_3280_00085;85;;Rue de Villeneuve;18100;18279;Vierzon;;;2.070042;47.208402
18279_2412_00014;14;;Impasse de la Nation;18100;18279;Vierzon;;;2.059166;47.214295
18279_3226_00008;8;;Route du Vieux Domaine;18100;18279;Vierzon;;;2.082657;47.214454
18279_1120_00005_a;5;a;Rue Edouard Branly;18100;18279;Vierzon;;;2.104366;47.216433
18279_2100_00024;24;;Rue des Longueraies;18100;18279;Vierzon;;;2.057939;47.232149
18279_2100_00066;66;;Rue des Longueraies;18100;18279;Vierzon;;;2.057893;47.235085
18279_0866_00013;13;;Avenue du Colonel Manhes;18100;18279;Vierzon;;;2.08195;47.223579
18279_0890_00038;38;;Rue de la Convention;18100;18279;Vierzon;;;2.103162;47.219433
18279_2330_00024_b;24;b;Rue Mirabeau;18100;18279;Vierzon;;;2.056053;47.212905
18279_1430_00009;9;;Rue Gallerand;18100;18279;Vierzon;;;2.06797;47.222631
18279_0726_00012;12;;Rue Baudelaire;18100;18279;Vierzon;;;2.083838;47.198546
18279_2220_00038;38;;Rue du Maréchal Joffre;18100;18279;Vierzon;;;2.069645;47.22311
18279_2935_00002;2;;Chemin des Rechignardes;18100;18279;Vierzon;;;2.071158;47.230371
18279_2000_00008;8;;Rue Jules Vallès;18100;18279;Vierzon;;;2.065751;47.219357
18279_1877_00009;9;;Avenue Jean Jaurès;18100;18279;Vierzon;;;2.048322;47.230238
18279_1860_00009;9;;Rue Jean de la Fontaine;18100;18279;Vierzon;;;2.05934;47.221816
18279_1938_00016;16;;Chemin des Joffrois;18100;18279;Vierzon;;;2.105288;47.222681
18279_2430_00003_b;3;b;Rue Urbain Nègre;18100;18279;Vierzon;;;2.080756;47.226894
18279_1825_00042;42;;Rue Jacques Brel;18100;18279;Vierzon;;;2.081875;47.198906
18279_1940_00038;38;;Rue Joliot Curie;18100;18279;Vierzon;;;2.074183;47.210087
18279_3210_00055;55;;Rue Victor Hugo;18100;18279;Vierzon;;;2.064962;47.223731
18279_1580_00005;5;;Rue du Grand Clement;18100;18279;Vierzon;;;2.071688;47.227565
18279_2058_00022;22;;Rue Léo Mérigot;18100;18279;Vierzon;;;2.050479;47.229484
18279_0075_00015;15;;Rue Ambroise Croizat;18100;18279;Vierzon;;;2.069215;47.235687
18279_0080_00063;63;;Rue Anatole France;18100;18279;Vierzon;;;2.055023;47.221897
18279_0890_00047;47;;Rue de la Convention;18100;18279;Vierzon;;;2.104481;47.220211
18279_0270_00034;34;;Rue Babeuf;18100;18279;Vierzon;;;2.043951;47.233441
18279_0380_00003;3;;Chemin de la Bercetterie;18100;18279;Vierzon;;;2.030319;47.239406
18279_0320_00007;7;;Quai du Bassin;18100;18279;Vierzon;;;2.069888;47.219976
18279_0726_00010;10;;Rue Baudelaire;18100;18279;Vierzon;;;2.083573;47.19851
18279_2770_00043;43;;Rue de la Plaisance;18100;18279;Vierzon;;;2.093645;47.221416
18279_2412_00003;3;;Impasse de la Nation;18100;18279;Vierzon;;;2.058844;47.214707
18279_1510_00014;14;;Grande Rue de la Genette;18100;18279;Vierzon;;;2.058295;47.216321
18279_1720_00024_b;24;b;Rue Henri Barbusse;18100;18279;Vierzon;;;2.065095;47.230594
18279_2412_00006;6;;Impasse de la Nation;18100;18279;Vierzon;;;2.058776;47.214671
18279_1310_00014;14;;Rue des Feuillures;18100;18279;Vierzon;;;2.066908;47.212728
18279_671bao_00070;70;;avenue maréchal philippe leclerc de hauteclocque;18100;18279;Vierzon;;;2.051247;47.208425
18279_0220_00015;15;;Rue Auber;18100;18279;Vierzon;;;2.082653;47.215711
18279_0890_00175;175;;Rue de la Convention;18100;18279;Vierzon;;;2.110074;47.227382
18279_b2fplh_00003;3;;Residence Mermoz;18100;18279;Vierzon;;;2.063433;47.204922
18279_3110_00028;28;;Rue des Terres Mortes;18100;18279;Vierzon;;;2.056399;47.206811
18279_2260_00002;2;;Route de Méreau;18100;18279;Vierzon;;;2.062508;47.209788
18279_2910_00049_ter;49;ter;Avenue du 14 Juillet;18100;18279;Vierzon;;;2.06399;47.213514
18279_1240_00014;14;;Rue Etienne Nivet;18100;18279;Vierzon;;;2.078332;47.221686
18279_2025_00060_bis;60;bis;avenue maréchal jean de lattre de tassigny;18100;18279;Vierzon;;;2.069475;47.206223
18279_2608_00028;28;;Chemin des Peages;18100;18279;Vierzon;;;2.028892;47.226037
18279_1310_00010;10;;Rue des Feuillures;18100;18279;Vierzon;;;2.066816;47.212916
18279_2583_00025;25;;Rue Paul Eluard;18100;18279;Vierzon;;;2.08525;47.20065
18279_3137_00022;22;;Rue du Travail;18100;18279;Vierzon;;;2.044041;47.232257
18279_1980_00021;21;;Rue Jules Guesde;18100;18279;Vierzon;;;2.047747;47.227516
18279_1160_00056;56;;Rue Emile Zola;18100;18279;Vierzon;;;2.04002;47.225601
18279_0320_00007_bis;7;bis;Quai du Bassin;18100;18279;Vierzon;;;2.070169;47.219921
18279_3047_00056_b;56;b;Rue Saint Exupéry;18100;18279;Vierzon;;;2.067473;47.202242
18279_1194_00008_bis;8;bis;Chemin de l’Etang du Verdin;18100;18279;Vierzon;;;2.041429;47.236269
18279_2410_00024;24;;Boulevard de la Nation;18100;18279;Vierzon;;;2.058887;47.215195
18279_1530_00036;36;;Rue Georges Clémenceau;18100;18279;Vierzon;;;2.055382;47.215941
18279_3210_00063_g;63;g;Rue Victor Hugo;18100;18279;Vierzon;;;2.064726;47.224163
18279_2910_00079_bis;79;bis;Avenue du 14 Juillet;18100;18279;Vierzon;;;2.06327;47.211962
18279_2850_00046_b;46;b;Rue Proudhon;18100;18279;Vierzon;;;2.048111;47.233085
18279_1290_00189;189;;Rue Félix Pyat;18100;18279;Vierzon;;;2.095866;47.228468
18279_1428_00002;2;;Place Gallerand;18100;18279;Vierzon;;;2.068362;47.222806
18279_1535_00007;7;;Rue Georges Fauconnier;18100;18279;Vierzon;;;2.070414;47.238593
18279_0978_00004_i;4;i;Passage du Crot à Foulon;18100;18279;Vierzon;;;2.063243;47.229785
18279_0660_00007;7;;Rue Célestin Gérard;18100;18279;Vierzon;;;2.05454;47.226106
18279_1230_00136;136;;Rue Etienne Marcel;18100;18279;Vierzon;;;2.105709;47.215529
18279_2095_00001;1;;Allee des Longueraies;18100;18279;Vierzon;;;2.05886;47.233151
18279_0415_00030;30;;Rue Bernard Dumont;18100;18279;Vierzon;;;2.070685;47.206372
18279_1980_00057;57;;Rue Jules Guesde;18100;18279;Vierzon;;;2.043507;47.228851
18279_0201_00027;27;;Chemin des Assis;18100;18279;Vierzon;;;2.025885;47.235358
18279_1440_00001;1;;Rue Gambetta;18100;18279;Vierzon;;;2.096335;47.221244
18279_0545_00004;4;;Route de Bourges;18100;18279;Vierzon;;;2.108965;47.215199
18279_2845_00028_a;28;a;Passage Proudhon;18100;18279;Vierzon;;;2.049063;47.23352
18279_1375_00018;18;;Rue France Bloch-sérazin;18100;18279;Vierzon;;;2.077628;47.20678
18279_2950_00022_bis;22;bis;Avenue de la République;18100;18279;Vierzon;;;2.065827;47.223115
18279_1370_00016;16;;Rue Fourier;18100;18279;Vierzon;;;2.059088;47.230334
18279_0512_00017;17;;Route de Bonègue;18100;18279;Vierzon;;;2.0718;47.238355
18279_1536_00060;60;;Rue Georges Politzer;18100;18279;Vierzon;;;2.080408;47.203422
18279_2688_00052;52;;Rue Pierre Brossolette;18100;18279;Vierzon;;;2.075055;47.204897
18279_3160_00047;47;;Rue du Val Fleury;18100;18279;Vierzon;;;2.069615;47.209572
18279_0600_00049;49;;Petite Rue du Camp;18100;18279;Vierzon;;;2.063167;47.207214
18279_2560_00070;70;;Rue Pasteur;18100;18279;Vierzon;;;2.090433;47.21901
18279_0260_00005;5;;Petite Rue Babeuf;18100;18279;Vierzon;;;2.045668;47.234659
18279_2105_00002;2;;Petite Rue des Longueraies;18100;18279;Vierzon;;;2.05876;47.236024
18279_0080_00009;9;;Rue Anatole France;18100;18279;Vierzon;;;2.060251;47.220931
18279_3226_00007;7;;Route du Vieux Domaine;18100;18279;Vierzon;;;2.083096;47.214434
18279_2040_00003;3;;Avenue Mal Philippe Leclerc de Ha;18100;18279;Vierzon;;;2.060693;47.209702
18279_2870_00048;48;;Route de Puits Berteau;18100;18279;Vierzon;;;2.077313;47.235364
18279_a070_00013;13;;Residence des Bruyeres;18100;18279;Vierzon;;;2.065135;47.205122
18279_0445_00023_bis;23;bis;Chemin Blanc;18100;18279;Vierzon;;;2.05553;47.207123
18279_2830_00061;61;;Rue du President Wilson;18100;18279;Vierzon;;;2.053673;47.216493
18279_2719_00012_bis;12;bis;Chemin Pierre Dupont;18100;18279;Vierzon;;;2.044213;47.23567
18279_0160_00081_t;81;t;Rue Armand Bazile;18100;18279;Vierzon;;;2.077662;47.215843
18279_2910_00079;79;;Avenue du 14 Juillet;18100;18279;Vierzon;;;2.063341;47.212127
18279_0100_00028;28;;Rue André Guillemain;18100;18279;Vierzon;;;2.08153;47.215663
18279_0350_00011;11;;Rue Beau Site;18100;18279;Vierzon;;;2.073436;47.212709
18279_0260_00012_a;12;a;Petite Rue Babeuf;18100;18279;Vierzon;;;2.044919;47.234681
18279_0600_00042_bis;42;bis;Petite Rue du Camp;18100;18279;Vierzon;;;2.064143;47.207673
18279_1230_00088;88;;Rue Etienne Marcel;18100;18279;Vierzon;;;2.100923;47.217133
18279_a400_00010;10;;Residence les Pommiers;18100;18279;Vierzon;;;2.092116;47.228001
18279_1870_00040;40;;Rue Jean Jacques Rousseau;18100;18279;Vierzon;;;2.075786;47.21807
18279_1385_00010;10;;Rue Frédéric Mistral;18100;18279;Vierzon;;;2.094397;47.225446
18279_2910_00084;84;;Avenue du 14 Juillet;18100;18279;Vierzon;;;2.06284;47.210207
18279_1450_00019;19;;Rue Gambon;18100;18279;Vierzon;;;2.07339;47.226982
18279_2870_00031;31;;Route de Puits Berteau;18100;18279;Vierzon;;;2.077263;47.235252
18279_0122_00005;5;;Impasse Andre Ribaud;18100;18279;Vierzon;;;2.069356;47.231335
18279_2100_00011;11;;Rue des Longueraies;18100;18279;Vierzon;;;2.05785;47.231663
18279_0890_00082;82;;Rue de la Convention;18100;18279;Vierzon;;;2.107556;47.221787
18279_2040_00016;16;;Avenue Mal Philippe Leclerc de Ha;18100;18279;Vierzon;;;2.056734;47.20927
18279_1841_00076_a;76;a;square jean-baptiste clément;18100;18279;Vierzon;;;2.074607;47.23224
18279_2330_00065;65;;Rue Mirabeau;18100;18279;Vierzon;;;2.051464;47.209553
18279_0122_00001;1;;Impasse Andre Ribaud;18100;18279;Vierzon;;;2.069115;47.23145
18279_0095_00036;36;;Rue André Gide;18100;18279;Vierzon;;;2.095571;47.225605
18279_3210_00019;19;;Rue Victor Hugo;18100;18279;Vierzon;;;2.066748;47.223406
18279_1366_00016;16;;Cours de Fougery;18100;18279;Vierzon;;;2.072985;47.234456
18279_2190_00022;22;;Rue Marcel Perrin;18100;18279;Vierzon;;;2.070975;47.225055
18279_0972_00014;14;;Rue de la Croix Moreau;18100;18279;Vierzon;;;2.043187;47.225582
18279_0445_00011_bis;11;bis;Chemin Blanc;18100;18279;Vierzon;;;2.053532;47.207215
18279_1980_00036;36;;Rue Jules Guesde;18100;18279;Vierzon;;;2.044674;47.228322
18279_0512_00025;25;;Route de Bonègue;18100;18279;Vierzon;;;2.072091;47.238849
18279_2155_00081;81;;Avenue du 8 Mai 1945;18100;18279;Vierzon;;;2.084711;47.234364
18279_2189_00007;7;;Rue Marcel Paul;18100;18279;Vierzon;;;2.088231;47.234474
18279_0160_00017;17;;Rue Armand Bazile;18100;18279;Vierzon;;;2.071424;47.217589
18279_3131_00002;2;;Passage Tissier;18100;18279;Vierzon;;;2.046909;47.230384
18279_1360_00012;12;;Impasse des Fossés;18100;18279;Vierzon;;;2.068457;47.22398
18279_0710_00047;47;;Rue du Champanet;18100;18279;Vierzon;;;2.059757;47.220243
18279_3300_00011;11;;Rue Voltaire;18100;18279;Vierzon;;;2.067833;47.221811
18279_1380_00008;8;;Rue des Francs Tireurs;18100;18279;Vierzon;;;2.105406;47.217517
18279_2330_00108;108;;Rue Mirabeau;18100;18279;Vierzon;;;2.050414;47.209324
18279_0435_00029;29;;Rue de Bitterfeld;18100;18279;Vierzon;;;2.08493;47.202688
18279_0270_00046;46;;Rue Babeuf;18100;18279;Vierzon;;;2.042982;47.233308
18279_0866_00050;50;;Avenue du Colonel Manhes;18100;18279;Vierzon;;;2.083045;47.223518
18279_1160_00003;3;;Rue Emile Zola;18100;18279;Vierzon;;;2.038988;47.225666
18279_2580_00011;11;;Rue Paul Doumer;18100;18279;Vierzon;;;2.056566;47.212835
18279_0590_00008;8;;Rue Camille Desmoulins;18100;18279;Vierzon;;;2.064109;47.220918
18279_1210_00049;49;;Rue Etienne Desroches;18100;18279;Vierzon;;;2.103499;47.2203
18279_0215_00004;4;;Passage de l’Aubepine;18100;18279;Vierzon;;;2.046812;47.231197
18279_2008_00001;1;;Impasse Karl Marx;18100;18279;Vierzon;;;2.050159;47.22936
18279_0720_00021_a;21;a;Rue des Changes;18100;18279;Vierzon;;;2.069597;47.223702
18279_3110_00020_b;20;b;Rue des Terres Mortes;18100;18279;Vierzon;;;2.05668;47.207449
18279_1650_00032;32;;Rue Grelon;18100;18279;Vierzon;;;2.06054;47.216217
18279_0740_00085;85;;Rue Charles Hurvoy;18100;18279;Vierzon;;;2.061424;47.229505
18279_0020_00048;48;;Chemin de l’Abricot;18100;18279;Vierzon;;;2.046331;47.219097
18279_3147_00014;14;;Rue de l'Unité;18100;18279;Vierzon;;;2.07269;47.235523
18279_0370_00044;44;;Route de Bellon;18100;18279;Vierzon;;;2.075068;47.212577
18279_1055_00018_e;18;e;Avenue du 19 Mars 1962;18100;18279;Vierzon;;;2.091562;47.239559
18279_2960_00007;7;;Place de la Résistance;18100;18279;Vierzon;;;2.072461;47.22356
18279_2770_00020;20;;Rue de la Plaisance;18100;18279;Vierzon;;;2.092446;47.219978
18279_0195_00032;32;;Rue Arthur Rimbaud;18100;18279;Vierzon;;;2.084177;47.201847
18279_3135_00005;5;;Rue des Tramways de l'Indre;18100;18279;Vierzon;;;2.062412;47.214159
18279_1500_00038_bis;38;bis;Rue Gay Lussac;18100;18279;Vierzon;;;2.080322;47.225975
18279_1591_00001;1;;Chemin du Grand Orme;18100;18279;Vierzon;;;2.103071;47.22965
18279_0972_00008;8;;Rue de la Croix Moreau;18100;18279;Vierzon;;;2.043699;47.225492
18279_2719_00016;16;;Chemin Pierre Dupont;18100;18279;Vierzon;;;2.043952;47.235933
18279_0950_00007;7;;Chemin des Crêles;18100;18279;Vierzon;;;2.082033;47.197893
18279_0450_00010;10;;Rue Blanche Baron;18100;18279;Vierzon;;;2.06578;47.222779
18279_0420_00014_t;14;t;Rue de la Bidauderie;18100;18279;Vierzon;;;2.0799;47.233833
18279_2330_00070_c;70;c;Rue Mirabeau;18100;18279;Vierzon;;;2.053357;47.210749
18279_2055_00006_a;6;a;Rue Lénine;18100;18279;Vierzon;;;2.064341;47.233188
18279_2080_00129;129;;Route de la Loeuf;18100;18279;Vierzon;;;2.030882;47.209255
18279_0310_00016_r;16;r;Rue du Bas de Grange;18100;18279;Vierzon;;;2.055035;47.224478
18279_2025_00024;24;;avenue maréchal jean de lattre de tassigny;18100;18279;Vierzon;;;2.065342;47.208348
18279_0978_00005;5;;Passage du Crot à Foulon;18100;18279;Vierzon;;;2.062675;47.229709
18279_2850_00019;19;;Rue Proudhon;18100;18279;Vierzon;;;2.048384;47.231989
18279_1940_00036;36;;Rue Joliot Curie;18100;18279;Vierzon;;;2.074447;47.210006
18279_2594_00005;5;;Rue Paul Valery;18100;18279;Vierzon;;;2.068212;47.209208
18279_1549_00004;4;;Chemin de la Giraudiere;18100;18279;Vierzon;;;2.031748;47.234097
18279_2085_00051;51;;Rue des Lilas;18100;18279;Vierzon;;;2.054841;47.23369
18279_1870_00023;23;;Rue Jean Jacques Rousseau;18100;18279;Vierzon;;;2.07151;47.218649
18279_2302_00012;12;;Rue Michel Lucas;18100;18279;Vierzon;;;2.085604;47.230881
18279_1490_00009;9;;Chemin des Gaudrets;18100;18279;Vierzon;;;2.08876;47.221296
18279_1750_00012;12;;Rue Henri Sellier;18100;18279;Vierzon;;;2.055202;47.21803
18279_1840_00092;92;;Rue Jean-baptiste Clément;18100;18279;Vierzon;;;2.075738;47.232853
18279_2973_00012;12;;Chemin des Riaux;18100;18279;Vierzon;;;2.113122;47.228138
18279_2870_00097;97;;Route de Puits Berteau;18100;18279;Vierzon;;;2.071708;47.237206
18279_2340_00021;21;;Rue Molière;18100;18279;Vierzon;;;2.06484;47.218715
18279_2300_00010_b;10;b;Rue Michelet;18100;18279;Vierzon;;;2.073716;47.217692
18279_2040_00015;15;;Avenue Mal Philippe Leclerc de Ha;18100;18279;Vierzon;;;2.056904;47.209089
18279_0542_00007;7;;Rue du Bourdoiseau;18100;18279;Vierzon;;;2.063607;47.231155
18279_2040_00025;25;;Avenue Mal Philippe Leclerc de Ha;18100;18279;Vierzon;;;2.055723;47.208913
18279_2750_00001_a;1;a;Rue des Pillots;18100;18279;Vierzon;;;2.056681;47.21391
18279_2830_00055;55;;Rue du President Wilson;18100;18279;Vierzon;;;2.053398;47.216967
18279_2720_00018_bis;18;bis;Rue Pierre Dupont;18100;18279;Vierzon;;;2.046031;47.235471
18279_1840_00041;41;;Rue Jean-baptiste Clément;18100;18279;Vierzon;;;2.072424;47.230846
18279_0290_00042;42;;Rue Barbès;18100;18279;Vierzon;;;2.055103;47.235325
18279_2155_00066;66;;Avenue du 8 Mai 1945;18100;18279;Vierzon;;;2.078815;47.229565
18279_2648_00002;2;;Chemin de la Petite Noue;18100;18279;Vierzon;;;2.061063;47.204723
18279_3202_00012;12;;Avenue de Verdun;18100;18279;Vierzon;;;2.072283;47.224396
18279_1560_00008_bis;8;bis;Rue Gourdon;18100;18279;Vierzon;;;2.067764;47.224253
18279_0568_00003_a;3;a;Chemin du Briou;18100;18279;Vierzon;;;2.084216;47.224647
18279_59t98n_00004;4;;Rue Xavier de Maistre;18100;18279;Vierzon;;;2.055115;47.213971
18279_1940_00054;54;;Rue Joliot Curie;18100;18279;Vierzon;;;2.074485;47.210678
18279_1700_00009;9;;Rue Gustave Flourens;18100;18279;Vierzon;;;2.05651;47.230691
18279_2630_00003;3;;Rue du Péry;18100;18279;Vierzon;;;2.081809;47.225935
18279_2472_00004;4;;Route des Noues;18100;18279;Vierzon;;;2.050106;47.20901
18279_0290_00060_bis;60;bis;Rue Barbès;18100;18279;Vierzon;;;2.056751;47.236066
18279_0395_00036;36;;Rue Henri Bergson;18100;18279;Vierzon;;;2.093868;47.223937
18279_2648_00019;19;;Chemin de la Petite Noue;18100;18279;Vierzon;;;2.063484;47.204223
18279_2950_00016;16;;Avenue de la République;18100;18279;Vierzon;;;2.066188;47.222946
18279_3310_00003_bis;3;bis;Quai d'Yèvre;18100;18279;Vierzon;;;2.065741;47.219858
18279_0435_00024;24;;Rue de Bitterfeld;18100;18279;Vierzon;;;2.085308;47.202148
18279_0030_00029;29;;Rue de l'Abricot;18100;18279;Vierzon;;;2.055431;47.220593
18279_0435_00035;35;;Rue de Bitterfeld;18100;18279;Vierzon;;;2.085398;47.202385
18279_0890_00070;70;;Rue de la Convention;18100;18279;Vierzon;;;2.107198;47.220585
18279_1230_00125;125;;Rue Etienne Marcel;18100;18279;Vierzon;;;2.106923;47.215578
18279_0020_00027;27;;Chemin de l’Abricot;18100;18279;Vierzon;;;2.049837;47.218773
18279_1170_00016_a;16;a;Rue des Epinettes;18100;18279;Vierzon;;;2.068976;47.225353
18279_1840_00032_ter;32;ter;Rue Jean-baptiste Clément;18100;18279;Vierzon;;;2.070877;47.228852
18279_1210_00037;37;;Rue Etienne Desroches;18100;18279;Vierzon;;;2.103158;47.220238
18279_2190_00055;55;;Rue Marcel Perrin;18100;18279;Vierzon;;;2.070718;47.227002
18279_3060_00025_a;25;a;Rue du Sergent Bobillot;18100;18279;Vierzon;;;2.046769;47.227922
18279_1730_00028_bis;28;bis;Avenue Henri Brisson;18100;18279;Vierzon;;;2.061071;47.22872
18279_2270_00012;12;;Rue Meunier;18100;18279;Vierzon;;;2.045461;47.229816
18279_1128_00023;23;;Avenue Edouard Vaillant;18100;18279;Vierzon;;;2.061276;47.23105
18279_0030_00033;33;;Rue de l'Abricot;18100;18279;Vierzon;;;2.055179;47.220606
18279_1700_00078;78;;Rue Gustave Flourens;18100;18279;Vierzon;;;2.051944;47.232477
18279_2990_00032;32;;Rue Robespierre;18100;18279;Vierzon;;;2.098259;47.220647
18279_0120_00142;142;;Rue André Ribaud;18100;18279;Vierzon;;;2.07489;47.235883
18279_0130_00001;1;;Rue Antoine Parmentier;18100;18279;Vierzon;;;2.04756;47.229017
18279_1535_00094;94;;Rue Georges Fauconnier;18100;18279;Vierzon;;;2.06698;47.238765
18279_2330_00061;61;;Rue Mirabeau;18100;18279;Vierzon;;;2.051902;47.209687
18279_1190_00015;15;;Quai de l’Etang;18100;18279;Vierzon;;;2.103816;47.214806
18279_3047_00014_a;14;a;Rue Saint Exupéry;18100;18279;Vierzon;;;2.067319;47.205662
18279_1280_00015;15;;Rue de Fay;18100;18279;Vierzon;;;2.051307;47.234639
18279_2330_00059;59;;Rue Mirabeau;18100;18279;Vierzon;;;2.052073;47.209759
18279_1128_00003;3;;Avenue Edouard Vaillant;18100;18279;Vierzon;;;2.061277;47.229664
18279_1230_00046_d;46;d;Rue Etienne Marcel;18100;18279;Vierzon;;;2.098238;47.217572
18279_1700_00076;76;;Rue Gustave Flourens;18100;18279;Vierzon;;;2.05213;47.232403
18279_0650_00008;8;;Rue du Cavalier;18100;18279;Vierzon;;;2.062887;47.226722
18279_1230_00066;66;;Rue Etienne Marcel;18100;18279;Vierzon;;;2.099814;47.217479
18279_2776_00001;1;;Rue du Plessis;18100;18279;Vierzon;;;2.091236;47.229038
18279_1538_00017;17;;Rue Georges Rousseau;18100;18279;Vierzon;;;2.058119;47.212731
18279_2870_00137;137;;Route de Puits Berteau;18100;18279;Vierzon;;;2.067378;47.238262
18279_2220_00021;21;;Rue du Maréchal Joffre;18100;18279;Vierzon;;;2.069301;47.223113
18279_0930_00037;37;;Rue Courbet;18100;18279;Vierzon;;;2.08519;47.228372
18279_1060_00011;11;;Rue du Docteur Lobligeois;18100;18279;Vierzon;;;2.057964;47.21704
18279_2330_00078;78;;Rue Mirabeau;18100;18279;Vierzon;;;2.053015;47.21033
18279_1308_00005_bis;5;bis;Impasse des Feuillures;18100;18279;Vierzon;;;2.064716;47.211301
18279_0980_00003;3;;Rue du Crot à Foulon;18100;18279;Vierzon;;;2.06527;47.229837
18279_1210_00004;4;;Rue Etienne Desroches;18100;18279;Vierzon;;;2.09971;47.221522
18279_0710_00028;28;;Rue du Champanet;18100;18279;Vierzon;;;2.063293;47.220319
18279_0387_00009;9;;Passage des Bergeries;18100;18279;Vierzon;;;2.051592;47.224126
18279_0600_00028;28;;Petite Rue du Camp;18100;18279;Vierzon;;;2.065723;47.206928
18279_1250_00121;121;;Rue Eugène Pottier;18100;18279;Vierzon;;;2.097251;47.227948
18279_2910_00010;10;;Avenue du 14 Juillet;18100;18279;Vierzon;;;2.06501;47.215542
18279_1280_00031;31;;Rue de Fay;18100;18279;Vierzon;;;2.050098;47.236543
18279_1143_00009;9;;Rue Eirick Labonne;18100;18279;Vierzon;;;2.087119;47.199481
18279_2690_00007;7;;Rue Pierre Calmette;18100;18279;Vierzon;;;2.062987;47.215881
18279_1460_00021;21;;Rue Garibaldi;18100;18279;Vierzon;;;2.058032;47.222403
18279_0070_00042;42;;Rue Alphonse Pradat;18100;18279;Vierzon;;;2.045099;47.220615
18279_1698_00007;7;;Passage Flourens;18100;18279;Vierzon;;;2.054711;47.231077
18279_2190_00047_a;47;a;Rue Marcel Perrin;18100;18279;Vierzon;;;2.070892;47.226791
18279_2290_00023;23;;Rue des Meunières;18100;18279;Vierzon;;;2.055677;47.234578
18279_0350_00052;52;;Rue Beau Site;18100;18279;Vierzon;;;2.071331;47.209647
18279_1308_00026;26;;Impasse des Feuillures;18100;18279;Vierzon;;;2.066304;47.211001
18279_3202_00060;60;;Avenue de Verdun;18100;18279;Vierzon;;;2.074193;47.225904
18279_0726_00011;11;;Rue Baudelaire;18100;18279;Vierzon;;;2.084067;47.198689
18279_1470_00087;87;;Rue Gaston Cornavin;18100;18279;Vierzon;;;2.087207;47.230042
18279_3047_00025;25;;Rue Saint Exupéry;18100;18279;Vierzon;;;2.068341;47.204714
18279_0310_00032;32;;Rue du Bas de Grange;18100;18279;Vierzon;;;2.053085;47.225019
18279_a300_00007;7;;Residence les Moulins Verts;18100;18279;Vierzon;;;2.062541;47.230111
18279_0740_00016;16;;Rue Charles Hurvoy;18100;18279;Vierzon;;;2.066442;47.228168
18279_3048_00025;25;;Route de Saint Laurent;18100;18279;Vierzon;;;2.118659;47.218836
18279_1230_00011;11;;Rue Etienne Marcel;18100;18279;Vierzon;;;2.095089;47.218323
18279_1732_00094;94;;Square Henriette Dumuin;18100;18279;Vierzon;;;2.079926;47.202751
18279_2472_00041;41;;Route des Noues;18100;18279;Vierzon;;;2.042482;47.211529
18279_0120_00132;132;;Rue André Ribaud;18100;18279;Vierzon;;;2.074289;47.235351
18279_0512_00047;47;;Route de Bonègue;18100;18279;Vierzon;;;2.074934;47.243325
18279_0910_00004;4;;Ruelle du Corneau;18100;18279;Vierzon;;;2.07041;47.223751
18279_0160_00087;87;;Rue Armand Bazile;18100;18279;Vierzon;;;2.079298;47.215402
18279_1500_00027_b;27;b;Rue Gay Lussac;18100;18279;Vierzon;;;2.079253;47.226045
18279_671bao_00014;14;;avenue maréchal philippe leclerc de hauteclocque;18100;18279;Vierzon;;;2.057003;47.209314
18279_1375_00042;42;;Rue France Bloch-sérazin;18100;18279;Vierzon;;;2.076946;47.205951
18279_2500_00004;4;;Rue des Ormes;18100;18279;Vierzon;;;2.075966;47.232584
18279_1500_00042;42;;Rue Gay Lussac;18100;18279;Vierzon;;;2.080955;47.226277
18279_2930_00059;59;;Rue Raspail;18100;18279;Vierzon;;;2.079895;47.22286
18279_0160_00005_bis;5;bis;Rue Armand Bazile;18100;18279;Vierzon;;;2.070263;47.217618
18279_671bao_00035;35;;avenue maréchal philippe leclerc de hauteclocque;18100;18279;Vierzon;;;2.054438;47.208723
18279_0140_00007;7;;Rue Antonin Lerault;18100;18279;Vierzon;;;2.066121;47.215699
18279_3047_00121;121;;Rue Saint Exupéry;18100;18279;Vierzon;;;2.066695;47.198999
18279_2850_00014_bis;14;bis;Rue Proudhon;18100;18279;Vierzon;;;2.048415;47.231791
18279_0780_00005;5;;Rue du Château;18100;18279;Vierzon;;;2.071128;47.222739
18279_2260_00001;1;;Route de Méreau;18100;18279;Vierzon;;;2.062633;47.209749
18279_2390_00014;14;;Rue du Mouton;18100;18279;Vierzon;;;2.082392;47.230624
18279_1536_00031;31;;Rue Georges Politzer;18100;18279;Vierzon;;;2.079797;47.204004
18279_0280_00007;7;;Impasse Barbes;18100;18279;Vierzon;;;2.053477;47.234163
18279_0370_00012;12;;Route de Bellon;18100;18279;Vierzon;;;2.070778;47.214189
18279_0310_00016_n;16;n;Rue du Bas de Grange;18100;18279;Vierzon;;;2.055128;47.224456
18279_2190_00011_bis;11;bis;Rue Marcel Perrin;18100;18279;Vierzon;;;2.071398;47.224737
18279_0060_00007;7;;Rue Alphonse Daudet;18100;18279;Vierzon;;;2.0781;47.215582
18279_0963_00051;51;;Route de la Croix;18100;18279;Vierzon;;;2.108883;47.22921
18279_0025_00006;6;;Passage de l’Abricot;18100;18279;Vierzon;;;2.054427;47.220387
18279_2270_00016;16;;Rue Meunier;18100;18279;Vierzon;;;2.045173;47.229318
18279_3137_00024;24;;Rue du Travail;18100;18279;Vierzon;;;2.044252;47.232228
18279_2795_00056_a;56;a;Rue des Ponts;18100;18279;Vierzon;;;2.06654;47.21898
18279_0726_00005;5;;Rue Baudelaire;18100;18279;Vierzon;;;2.083297;47.198571
18279_1980_00004;4;;Rue Jules Guesde;18100;18279;Vierzon;;;2.049763;47.227489
18279_0730_00004;4;;Rue Charles Gibault;18100;18279;Vierzon;;;2.080361;47.21768
18279_1020_00008;8;;Rue Descartes;18100;18279;Vierzon;;;2.08098;47.217415
18279_1510_00039;39;;Grande Rue de la Genette;18100;18279;Vierzon;;;2.05569;47.216316
18279_1832_00009;9;;Square Jacques Duclos;18100;18279;Vierzon;;;2.087908;47.201877
18279_1938_00014;14;;Chemin des Joffrois;18100;18279;Vierzon;;;2.105149;47.222273
18279_0720_00021;21;;Rue des Changes;18100;18279;Vierzon;;;2.069578;47.223756
18279_1128_00045;45;;Avenue Edouard Vaillant;18100;18279;Vierzon;;;2.061214;47.232676
18279_2795_00070_h;70;h;Rue des Ponts;18100;18279;Vierzon;;;2.066577;47.218669
18279_3271_00013;13;;Route du Village d’En Haut;18100;18279;Vierzon;;;2.112321;47.234674
18279_0310_00052_a;52;a;Rue du Bas de Grange;18100;18279;Vierzon;;;2.050114;47.225512
18279_1019_00002;2;;Passage Descartes;18100;18279;Vierzon;;;2.08132;47.217931
18279_1990_00033;33;;Rue Jules Louis Breton;18100;18279;Vierzon;;;2.078206;47.220872
18279_1530_00009;9;;Rue Georges Clémenceau;18100;18279;Vierzon;;;2.057456;47.215631
18279_2058_00055;55;;Rue Léo Mérigot;18100;18279;Vierzon;;;2.055031;47.226885
18279_2025_00014;14;;avenue maréchal jean de lattre de tassigny;18100;18279;Vierzon;;;2.064355;47.208899
18279_2720_00059;59;;Rue Pierre Dupont;18100;18279;Vierzon;;;2.040629;47.238194
18279_2605_00007;7;;Ruelle du Pavillon;18100;18279;Vierzon;;;2.070804;47.224616
18279_2320_00009_a;9;a;Rue Millière;18100;18279;Vierzon;;;2.051175;47.225321
18279_3147_00024;24;;Rue de l'Unité;18100;18279;Vierzon;;;2.072464;47.236269
18279_2055_00009;9;;Rue Lénine;18100;18279;Vierzon;;;2.06392;47.232831
18279_2870_00009;9;;Route de Puits Berteau;18100;18279;Vierzon;;;2.07893;47.233412
18279_1440_00026;26;;Rue Gambetta;18100;18279;Vierzon;;;2.098234;47.219524
18279_0120_00133;133;;Rue André Ribaud;18100;18279;Vierzon;;;2.075043;47.23613
18279_2255_00005;5;;Place de la Mémoire;18100;18279;Vierzon;;;2.080375;47.199941
18279_0120_00106;106;;Rue André Ribaud;18100;18279;Vierzon;;;2.071987;47.23454
18279_0497_00031;31;;Chemin de Bois Marteau;18100;18279;Vierzon;;;2.055077;47.242395
18279_0339_00001;1;;Chemin de la Bazinière;18100;18279;Vierzon;;;2.085755;47.246806
18279_1019_00006;6;;Passage Descartes;18100;18279;Vierzon;;;2.081787;47.217861
18279_0870_00016;16;;Rue Condorcet;18100;18279;Vierzon;;;2.072302;47.217532
18279_2795_00088;88;;Rue des Ponts;18100;18279;Vierzon;;;2.066577;47.2183
18279_2685_00001;1;;Avenue Pierre Billes;18100;18279;Vierzon;;;2.11278;47.202496
18279_0817_00020;20;;Chemin du Chevry;18100;18279;Vierzon;;;2.118652;47.21533
18279_1760_00005;5;;Rue d'Héry;18100;18279;Vierzon;;;2.069727;47.213634
18279_0542_00041;41;;Rue du Bourdoiseau;18100;18279;Vierzon;;;2.062541;47.233855
18279_3133_00027;27;;Route de Tours;18100;18279;Vierzon;;;2.037751;47.233791
18279_0420_00044;44;;Rue de la Bidauderie;18100;18279;Vierzon;;;2.082164;47.236325
18279_2410_00011;11;;Boulevard de la Nation;18100;18279;Vierzon;;;2.059088;47.215485
18279_2406_00010;10;;Impasse Mozart;18100;18279;Vierzon;;;2.078748;47.231325
18279_1100_00003;3;;Rue des Ecoles;18100;18279;Vierzon;;;2.062788;47.215139
18279_2220_00007;7;;Rue du Maréchal Joffre;18100;18279;Vierzon;;;2.068539;47.223198
18279_1950_01355;1355;;Avenue du Jonc;18100;18279;Vierzon;;;2.063704;47.210604
18279_0714_00011;11;;Rue du Champ du Four;18100;18279;Vierzon;;;2.080659;47.234579
18279_1210_00036;36;;Rue Etienne Desroches;18100;18279;Vierzon;;;2.102696;47.219901
18279_2973_00019;19;;Chemin des Riaux;18100;18279;Vierzon;;;2.114303;47.228205
18279_0310_00016_j;16;j;Rue du Bas de Grange;18100;18279;Vierzon;;;2.055216;47.224436
18279_2155_00022;22;;Avenue du 8 Mai 1945;18100;18279;Vierzon;;;2.076635;47.227858
18279_1380_00001;1;;Rue des Francs Tireurs;18100;18279;Vierzon;;;2.105088;47.217318
18279_2610_00027;27;;Chemin des Pelles;18100;18279;Vierzon;;;2.042833;47.222831
18279_2870_00078;78;;Route de Puits Berteau;18100;18279;Vierzon;;;2.075354;47.23666
18279_3202_00064;64;;Avenue de Verdun;18100;18279;Vierzon;;;2.074446;47.226105
18279_0310_00093;93;;Rue du Bas de Grange;18100;18279;Vierzon;;;2.047416;47.225383
18279_2330_00009_b;9;b;Rue Mirabeau;18100;18279;Vierzon;;;2.055752;47.212231
18279_1128_00124;124;;Avenue Edouard Vaillant;18100;18279;Vierzon;;;2.060652;47.239287
18279_1366_00018;18;;Cours de Fougery;18100;18279;Vierzon;;;2.072983;47.234555
18279_1375_00036;36;;Rue France Bloch-sérazin;18100;18279;Vierzon;;;2.077304;47.205802
18279_0890_01202;1202;;Rue de la Convention;18100;18279;Vierzon;;;2.104029;47.220207
18279_3vyj15_00006;6;;Clos de la Minee;18100;18279;Vierzon;;;2.066197;47.236518
18279_2080_00021;21;;Route de la Loeuf;18100;18279;Vierzon;;;2.043018;47.215212
18279_1693_00003;3;;Allee Guillaume Apollinaire;18100;18279;Vierzon;;;2.084989;47.220498
18279_1200_00017;17;;Rue de l'Etape;18100;18279;Vierzon;;;2.069577;47.222629
18279_0415_00016;16;;Rue Bernard Dumont;18100;18279;Vierzon;;;2.072044;47.207909
18279_0290_00070;70;;Rue Barbès;18100;18279;Vierzon;;;2.058137;47.236929
18279_0120_00016;16;;Rue André Ribaud;18100;18279;Vierzon;;;2.065968;47.22974
18279_2320_00025;25;;Rue Millière;18100;18279;Vierzon;;;2.050015;47.226244
18279_2720_00013;13;;Rue Pierre Dupont;18100;18279;Vierzon;;;2.047028;47.235073
18279_0830_00019;19;;Rue Claude Bernard;18100;18279;Vierzon;;;2.076356;47.215748
18279_2290_00013;13;;Rue des Meunières;18100;18279;Vierzon;;;2.05692;47.23433
18279_0210_00024;24;;Rue des Ateliers;18100;18279;Vierzon;;;2.054743;47.230194
18279_1520_00024;24;;Rue George Sand;18100;18279;Vierzon;;;2.066782;47.225953
18279_2330_00068;68;;Rue Mirabeau;18100;18279;Vierzon;;;2.053657;47.210745
18279_2776_00008_f;8;f;Rue du Plessis;18100;18279;Vierzon;;;2.092867;47.229832
18279_1720_00044_a;44;a;Rue Henri Barbusse;18100;18279;Vierzon;;;2.064733;47.231829
18279_2594_00026;26;;Rue Paul Valery;18100;18279;Vierzon;;;2.066623;47.208267
18279_2945_00003;3;;Rue de Rendsburg;18100;18279;Vierzon;;;2.086722;47.200865
18279_1128_00062_a;62;a;Avenue Edouard Vaillant;18100;18279;Vierzon;;;2.06087;47.234445
18279_3271_00036;36;;Route du Village d’En Haut;18100;18279;Vierzon;;;2.117791;47.237476
18279_3053_00001;1;;Impasse Saint Leonard;18100;18279;Vierzon;;;2.067109;47.214704
18279_0290_00017;17;;Rue Barbès;18100;18279;Vierzon;;;2.052276;47.23414
18279_0120_00038;38;;Rue André Ribaud;18100;18279;Vierzon;;;2.06758;47.230958
18279_1712_00004;4;;Hameau de la Dumonerie;18100;18279;Vierzon;;;2.096373;47.219944
18279_0980_00002;2;;Rue du Crot à Foulon;18100;18279;Vierzon;;;2.065508;47.229853
18279_0160_00034;34;;Rue Armand Bazile;18100;18279;Vierzon;;;2.074012;47.216935
18279_1194_00021_bis;21;bis;Chemin de l’Etang du Verdin;18100;18279;Vierzon;;;2.041294;47.237003
18279_1280_00043_d;43;d;Rue de Fay;18100;18279;Vierzon;;;2.050193;47.237749
18279_0417_00006;6;;Rue Berty Albrecht;18100;18279;Vierzon;;;2.056602;47.212057
18279_1265_00005;5;;Impasse de Fay;18100;18279;Vierzon;;;2.051877;47.235373
18279_1128_00015_a;15;a;Avenue Edouard Vaillant;18100;18279;Vierzon;;;2.061509;47.230245
18279_0866_00058;58;;Avenue du Colonel Manhes;18100;18279;Vierzon;;;2.083666;47.223737
18279_1128_00142;142;;Avenue Edouard Vaillant;18100;18279;Vierzon;;;2.060605;47.240476
18279_0650_00040;40;;Rue du Cavalier;18100;18279;Vierzon;;;2.066108;47.225803
18279_1870_00073;73;;Rue Jean Jacques Rousseau;18100;18279;Vierzon;;;2.075588;47.218048
18279_1128_00007_bis;7;bis;Avenue Edouard Vaillant;18100;18279;Vierzon;;;2.061219;47.230134
18279_0720_00002;2;;Rue des Changes;18100;18279;Vierzon;;;2.068684;47.223297
18279_2000_00014;14;;Rue Jules Vallès;18100;18279;Vierzon;;;2.064869;47.219444
18279_0450_00015;15;;Rue Blanche Baron;18100;18279;Vierzon;;;2.065791;47.222675
18279_1760_00022;22;;Rue d'Héry;18100;18279;Vierzon;;;2.071327;47.212596
18279_0085_00017_a;17;a;Imp Ancienne Cite de la Verrerie;18100;18279;Vierzon;;;2.100508;47.210396
18279_2910_00083;83;;Avenue du 14 Juillet;18100;18279;Vierzon;;;2.062808;47.210723
18279_2688_00033;33;;Rue Pierre Brossolette;18100;18279;Vierzon;;;2.07673;47.204089
18279_1230_00030;30;;Rue Etienne Marcel;18100;18279;Vierzon;;;2.096762;47.217911
18279_1838_00003;3;;impasse jean-baptiste clément;18100;18279;Vierzon;;;2.07467;47.231724
18279_2993_00011;11;;Rue Roger Faletto;18100;18279;Vierzon;;;2.086031;47.199608
18279_2058_00039;39;;Rue Léo Mérigot;18100;18279;Vierzon;;;2.053265;47.226989
18279_2000_00005;5;;Rue Jules Vallès;18100;18279;Vierzon;;;2.065734;47.219237
18279_0982_00001;1;;Chemin du Crot du Lac;18100;18279;Vierzon;;;2.13782;47.216961
18279_1500_00039;39;;Rue Gay Lussac;18100;18279;Vierzon;;;2.08071;47.226259
18279_2560_00041;41;;Rue Pasteur;18100;18279;Vierzon;;;2.088745;47.21937
18279_1229_00006_b;6;b;Impasse Etienne Marcel;18100;18279;Vierzon;;;2.101218;47.217563
18279_1730_00018_ter;18;ter;Avenue Henri Brisson;18100;18279;Vierzon;;;2.061094;47.228065
18279_2850_00028;28;;Rue Proudhon;18100;18279;Vierzon;;;2.048013;47.232645
18279_3305_00003_a;3;a;Rue de Wittelsheim;18100;18279;Vierzon;;;2.072065;47.223288
18279_3147_00026;26;;Rue de l'Unité;18100;18279;Vierzon;;;2.072504;47.236372
18279_1270_00048;48;;Petite Rue de Fay;18100;18279;Vierzon;;;2.049729;47.238465
18279_0745_00004;4;;Chemin de Charnay;18100;18279;Vierzon;;;2.029467;47.239401
18279_1230_00107_a;107;a;Rue Etienne Marcel;18100;18279;Vierzon;;;2.105078;47.216419
18279_0692_00006;6;;Petite Rue du Chambon;18100;18279;Vierzon;;;2.05525;47.223489
18279_3073_00022_a;22;a;Rue de la Société Française;18100;18279;Vierzon;;;2.058152;47.225393
18279_1700_00074;74;;Rue Gustave Flourens;18100;18279;Vierzon;;;2.052237;47.232354
18279_1290_00119;119;;Rue Félix Pyat;18100;18279;Vierzon;;;2.090229;47.228486
18279_1250_00048;48;;Rue Eugène Pottier;18100;18279;Vierzon;;;2.09978;47.220421
18279_3073_00026_y;26;y;Rue de la Société Française;18100;18279;Vierzon;;;2.055659;47.225172
18279_1019_00004;4;;Passage Descartes;18100;18279;Vierzon;;;2.081533;47.217922
18279_2260_00017;17;;Route de Méreau;18100;18279;Vierzon;;;2.062086;47.208474
18279_2870_00090;90;;Route de Puits Berteau;18100;18279;Vierzon;;;2.074459;47.236828
18279_0030_00013;13;;Rue de l'Abricot;18100;18279;Vierzon;;;2.057692;47.220422
18279_3271_00007;7;;Route du Village d’En Haut;18100;18279;Vierzon;;;2.110254;47.231057
18279_1062_00009;9;;Rue du Docteur Pierre Roux;18100;18279;Vierzon;;;2.069464;47.224173
18279_2625_00009;9;;Chemin du Perdrier;18100;18279;Vierzon;;;2.096455;47.223291
18279_p07zqe_00061;61;;Chemin du Pre d’Anet;18100;18279;Vierzon;;;2.081999;47.218259
18279_1775_00007;7;;Rue des Hortensias;18100;18279;Vierzon;;;2.054591;47.23253
18279_1750_00031;31;;Rue Henri Sellier;18100;18279;Vierzon;;;2.055987;47.217673
18279_2688_00002;2;;Rue Pierre Brossolette;18100;18279;Vierzon;;;2.077281;47.2052
18279_1700_00005;5;;Rue Gustave Flourens;18100;18279;Vierzon;;;2.057501;47.23052
18279_1440_00004;4;;Rue Gambetta;18100;18279;Vierzon;;;2.096499;47.220986
18279_1055_00018_l;18;l;Avenue du 19 Mars 1962;18100;18279;Vierzon;;;2.092333;47.240162
18279_0545_00063;63;;Route de Bourges;18100;18279;Vierzon;;;2.120761;47.214476
18279_2155_00058;58;;Avenue du 8 Mai 1945;18100;18279;Vierzon;;;2.078427;47.229262
18279_3202_00025_e;25;e;Avenue de Verdun;18100;18279;Vierzon;;;2.073155;47.22527
18279_3147_00020;20;;Rue de l'Unité;18100;18279;Vierzon;;;2.072607;47.235995
18279_0125_00008;8;;Rue Anne Franck;18100;18279;Vierzon;;;2.080423;47.232039
18279_2795_00024;24;;Rue des Ponts;18100;18279;Vierzon;;;2.067065;47.219828
18279_1175_00021;21;;Chemin des Erables;18100;18279;Vierzon;;;2.032329;47.210457
18279_2100_00018;18;;Rue des Longueraies;18100;18279;Vierzon;;;2.0578;47.2318
18279_2595_00002;2;;Rue Paul Verlaine;18100;18279;Vierzon;;;2.065499;47.239304
18279_1510_00041;41;;Grande Rue de la Genette;18100;18279;Vierzon;;;2.055342;47.216326
18279_2220_00019;19;;Rue du Maréchal Joffre;18100;18279;Vierzon;;;2.069218;47.223121
18279_3047_00050;50;;Rue Saint Exupéry;18100;18279;Vierzon;;;2.067623;47.202748
18279_2220_00043;43;;Rue du Maréchal Joffre;18100;18279;Vierzon;;;2.070008;47.222997
18279_1549_00036;36;;Chemin de la Giraudiere;18100;18279;Vierzon;;;2.0375;47.234142
18279_3170_00003_ter;3;ter;Rue de Valmy;18100;18279;Vierzon;;;2.067143;47.219018
18279_0730_00018;18;;Rue Charles Gibault;18100;18279;Vierzon;;;2.082098;47.217257
18279_1391_00027;27;;Rue de la Fringale;18100;18279;Vierzon;;;2.039318;47.234103
18279_0074_00047;47;;Place Ambroise Croizat;18100;18279;Vierzon;;;2.068897;47.236878
18279_a210_00010;10;;Residence de la Foret;18100;18279;Vierzon;;;2.063537;47.238299
18279_1128_00061;61;;Avenue Edouard Vaillant;18100;18279;Vierzon;;;2.061165;47.233754
18279_2155_00059_v;59;v;Avenue du 8 Mai 1945;18100;18279;Vierzon;;;2.079203;47.231043
18279_p07zqe_00035;35;;Chemin du Pre d’Anet;18100;18279;Vierzon;;;2.077714;47.219233
18279_1140_00006;6;;Place de l'Eglise des Forges;18100;18279;Vierzon;;;2.101654;47.21343
18279_0730_00023_a;23;a;Rue Charles Gibault;18100;18279;Vierzon;;;2.08355;47.217016
18279_2100_00070;70;;Rue des Longueraies;18100;18279;Vierzon;;;2.058366;47.235284
18279_3251_00011;11;;Rue du Village Aubry;18100;18279;Vierzon;;;2.099695;47.218081
18279_2100_00026;26;;Rue des Longueraies;18100;18279;Vierzon;;;2.057977;47.23225
18279_1010_00006;6;;Rue Denis Papin;18100;18279;Vierzon;;;2.056403;47.230232
18279_1840_00013;13;;Rue Jean-baptiste Clément;18100;18279;Vierzon;;;2.070674;47.227936
18279_1070_00018;18;;Rue des Donneaux;18100;18279;Vierzon;;;2.04472;47.226237
18279_1990_00027;27;;Rue Jules Louis Breton;18100;18279;Vierzon;;;2.077657;47.220991
18279_0951_00022_bis;22;bis;Chemin des Grandes Crêles;18100;18279;Vierzon;;;2.070273;47.203588
18279_2000_00007;7;;Rue Jules Vallès;18100;18279;Vierzon;;;2.065052;47.219336
18279_0435_00019;19;;Rue de Bitterfeld;18100;18279;Vierzon;;;2.084175;47.203182
18279_1536_00009;9;;Rue Georges Politzer;18100;18279;Vierzon;;;2.078509;47.2045
18279_0370_00018;18;;Route de Bellon;18100;18279;Vierzon;;;2.071414;47.214032
18279_2795_00053;53;;Rue des Ponts;18100;18279;Vierzon;;;2.066122;47.218425
18279_2260_00052;52;;Route de Méreau;18100;18279;Vierzon;;;2.060933;47.205963
18279_0435_00018;18;;Rue de Bitterfeld;18100;18279;Vierzon;;;2.084843;47.202406
18279_0395_00017;17;;Rue Henri Bergson;18100;18279;Vierzon;;;2.094269;47.224146
18279_1730_00030_b;30;b;Avenue Henri Brisson;18100;18279;Vierzon;;;2.061055;47.22925
18279_2270_00011_bis;11;bis;Rue Meunier;18100;18279;Vierzon;;;2.04529;47.229721
18279_1289_00121;121;;Impasse Felix Pyat;18100;18279;Vierzon;;;2.090047;47.228545
18279_2200_00016;16;;Rue Marcel Sembat;18100;18279;Vierzon;;;2.052621;47.229023
18279_1538_00056;56;;Rue Georges Rousseau;18100;18279;Vierzon;;;2.057782;47.210084
18279_2688_00047;47;;Rue Pierre Brossolette;18100;18279;Vierzon;;;2.076242;47.204414
18279_1280_00013;13;;Rue de Fay;18100;18279;Vierzon;;;2.051101;47.234312
18279_1510_00010;10;;Grande Rue de la Genette;18100;18279;Vierzon;;;2.058667;47.216311
18279_3vyj15_00012;12;;Clos de la Minee;18100;18279;Vierzon;;;2.06645;47.236934
18279_0350_00075;75;;Rue Beau Site;18100;18279;Vierzon;;;2.070875;47.208095
18279_0500_00013;13;;Rue Boitard;18100;18279;Vierzon;;;2.070234;47.214775
18279_2430_00003;3;;Rue Urbain Nègre;18100;18279;Vierzon;;;2.080805;47.226717
18279_1535_00084;84;;Rue Georges Fauconnier;18100;18279;Vierzon;;;2.067378;47.239074
18279_2155_00084;84;;Avenue du 8 Mai 1945;18100;18279;Vierzon;;;2.085029;47.234612
18279_3133_00099;99;;Route de Tours;18100;18279;Vierzon;;;2.028772;47.23864
18279_2100_00051;51;;Rue des Longueraies;18100;18279;Vierzon;;;2.058451;47.234325
18279_2501_00017;17;;Rue Pablo Casals;18100;18279;Vierzon;;;2.082627;47.201117
18279_0568_00022;22;;Chemin du Briou;18100;18279;Vierzon;;;2.085494;47.225113
18279_1732_00002;2;;Square Henriette Dumuin;18100;18279;Vierzon;;;2.078968;47.203383
18279_1770_00021;21;;Rue Honoré de Balzac;18100;18279;Vierzon;;;2.064843;47.212076
18279_0542_00042_bis;42;bis;Rue du Bourdoiseau;18100;18279;Vierzon;;;2.062887;47.233862
18279_1775_00020;20;;Rue des Hortensias;18100;18279;Vierzon;;;2.053348;47.233363
18279_2920_00006;6;;Rue Rabelais;18100;18279;Vierzon;;;2.066412;47.220092
18279_3280_00111;111;;Rue de Villeneuve;18100;18279;Vierzon;;;2.06931;47.206914
18279_0710_00033;33;;Rue du Champanet;18100;18279;Vierzon;;;2.06089;47.220234
18279_0600_00039;39;;Petite Rue du Camp;18100;18279;Vierzon;;;2.064435;47.207038
18279_0963_00011;11;;Route de la Croix;18100;18279;Vierzon;;;2.098457;47.228707
18279_0160_00061;61;;Rue Armand Bazile;18100;18279;Vierzon;;;2.0758;47.216376
18279_0310_00022;22;;Rue du Bas de Grange;18100;18279;Vierzon;;;2.054296;47.224714
18279_2330_00052;52;;Rue Mirabeau;18100;18279;Vierzon;;;2.054619;47.211522
18279_0045_00009_a;9;a;Route d'Ainset;18100;18279;Vierzon;;;2.077596;47.237886
18279_1869_00002;2;;Passage Jean Jacques Rousseau;18100;18279;Vierzon;;;2.075318;47.218549
18279_2125_00006;6;;Rue Louise Michel;18100;18279;Vierzon;;;2.070826;47.235143
18279_1440_00023;23;;Rue Gambetta;18100;18279;Vierzon;;;2.098446;47.21967
18279_0080_00017;17;;Rue Anatole France;18100;18279;Vierzon;;;2.059795;47.220713
18279_3048_00015;15;;Route de Saint Laurent;18100;18279;Vierzon;;;2.117689;47.217737
18279_0075_00008;8;;Rue Ambroise Croizat;18100;18279;Vierzon;;;2.06996;47.237241
18279_1605_00012;12;;Chemin des Gdes Noues Fontaines;18100;18279;Vierzon;;;2.04623;47.208479
18279_3084_00005;5;;Chemin du Stade Constant Duval;18100;18279;Vierzon;;;2.058163;47.240011
18279_3133_00019_t;19;t;Route de Tours;18100;18279;Vierzon;;;2.038981;47.233063
18279_a300_00002;2;;Residence les Moulins Verts;18100;18279;Vierzon;;;2.062957;47.230084
18279_1230_00138_a;138;a;Rue Etienne Marcel;18100;18279;Vierzon;;;2.105959;47.215495
18279_0075_00021;21;;Rue Ambroise Croizat;18100;18279;Vierzon;;;2.068637;47.236004
18279_3133_00074;74;;Route de Tours;18100;18279;Vierzon;;;2.031129;47.237851
18279_2461_00004;4;;Rue Nicolas Copernic;18100;18279;Vierzon;;;2.0835;47.233907
18279_1980_00024_ter;24;ter;Rue Jules Guesde;18100;18279;Vierzon;;;2.047704;47.227187
18279_2930_00015;15;;Rue Raspail;18100;18279;Vierzon;;;2.07357;47.223862
18279_2870_00158_bis;158;bis;Route de Puits Berteau;18100;18279;Vierzon;;;2.066358;47.238746
18279_2270_00024;24;;Rue Meunier;18100;18279;Vierzon;;;2.044895;47.228865
18279_1128_00033;33;;Avenue Edouard Vaillant;18100;18279;Vierzon;;;2.061257;47.231648
18279_0410_00002;2;;Rue Bernard Palissy;18100;18279;Vierzon;;;2.059951;47.225604
18279_1160_00074;74;;Rue Emile Zola;18100;18279;Vierzon;;;2.036432;47.225817
18279_0120_01575;1575;;Rue André Ribaud;18100;18279;Vierzon;;;2.066533;47.230242
18279_2750_00035;35;;Rue des Pillots;18100;18279;Vierzon;;;2.051666;47.213837
18279_1560_00024;24;;Rue Gourdon;18100;18279;Vierzon;;;2.065631;47.224478
18279_0290_00035;35;;Rue Barbès;18100;18279;Vierzon;;;2.053614;47.234941
18279_1290_00113;113;;Rue Félix Pyat;18100;18279;Vierzon;;;2.089668;47.22815
18279_3310_00014_a;14;a;Quai d'Yèvre;18100;18279;Vierzon;;;2.063889;47.219174
18279_0440_00006;6;;Rue Blaise Pascal;18100;18279;Vierzon;;;2.075779;47.217363
18279_1155_00060;60;;Rue Emile Desforges;18100;18279;Vierzon;;;2.086566;47.229844
18279_671bao_00042;42;;avenue maréchal philippe leclerc de hauteclocque;18100;18279;Vierzon;;;2.054079;47.208878
18279_0963_00001_a;1;a;Route de la Croix;18100;18279;Vierzon;;;2.097716;47.228356
18279_671bao_00032;32;;avenue maréchal philippe leclerc de hauteclocque;18100;18279;Vierzon;;;2.055249;47.20905
18279_3280_00037;37;;Rue de Villeneuve;18100;18279;Vierzon;;;2.071572;47.211216
18279_0195_00024;24;;Rue Arthur Rimbaud;18100;18279;Vierzon;;;2.083591;47.202067
18279_0290_00049;49;;Rue Barbès;18100;18279;Vierzon;;;2.054732;47.235307
18279_0370_00011_b;11;b;Route de Bellon;18100;18279;Vierzon;;;2.071451;47.214103
18279_0844_00004;4;;Impasse du Clos Chabot;18100;18279;Vierzon;;;2.079391;47.228921
18279_3071_00004;4;;Rue des Seringats;18100;18279;Vierzon;;;2.055217;47.233065
18279_0545_00031;31;;Route de Bourges;18100;18279;Vierzon;;;2.115146;47.215026
18279_0840_00020;20;;Rue Claude Michaud;18100;18279;Vierzon;;;2.067174;47.213656
18279_3052_00028;28;;Route de Saint Lazare;18100;18279;Vierzon;;;2.096336;47.207428
18279_0387_00007;7;;Passage des Bergeries;18100;18279;Vierzon;;;2.051645;47.22426
18279_2520_00017;17;;Rue du Panorama;18100;18279;Vierzon;;;2.069842;47.211185
18279_2155_00014;14;;Avenue du 8 Mai 1945;18100;18279;Vierzon;;;2.076321;47.227606
18279_0120_00086;86;;Rue André Ribaud;18100;18279;Vierzon;;;2.070095;47.233451
18279_0445_00109;109;;Chemin Blanc;18100;18279;Vierzon;;;2.065419;47.199447
18279_1128_00102;102;;Avenue Edouard Vaillant;18100;18279;Vierzon;;;2.060748;47.237077
18279_1110_00016;16;;Rue Edgar Quinet;18100;18279;Vierzon;;;2.06656;47.224004
18279_0350_00053;53;;Rue Beau Site;18100;18279;Vierzon;;;2.071798;47.20969
18279_2620_00069;69;;Rue des Pentecotes;18100;18279;Vierzon;;;2.058591;47.230085
18279_0310_00012_bis;12;bis;Rue du Bas de Grange;18100;18279;Vierzon;;;2.056152;47.224282
18279_0866_00038;38;;Avenue du Colonel Manhes;18100;18279;Vierzon;;;2.080425;47.223326
18279_2850_00025;25;;Rue Proudhon;18100;18279;Vierzon;;;2.048131;47.232519
18279_2430_00013;13;;Rue Urbain Nègre;18100;18279;Vierzon;;;2.080315;47.227553
18279_0890_00061;61;;Rue de la Convention;18100;18279;Vierzon;;;2.105416;47.220635
18279_0710_00040;40;;Rue du Champanet;18100;18279;Vierzon;;;2.062337;47.220309
18279_3202_00074;74;;Avenue de Verdun;18100;18279;Vierzon;;;2.07505;47.226586
18279_2220_00060;60;;Rue du Maréchal Joffre;18100;18279;Vierzon;;;2.070633;47.22297
18279_0870_00010;10;;Rue Condorcet;18100;18279;Vierzon;;;2.072357;47.21775
18279_1160_00076;76;;Rue Emile Zola;18100;18279;Vierzon;;;2.035971;47.22585
18279_671bao_00024;24;;avenue maréchal philippe leclerc de hauteclocque;18100;18279;Vierzon;;;2.05574;47.209123
18279_3150_00028;28;;Place Vaillant Couturier;18100;18279;Vierzon;;;2.070734;47.223477
18279_b2fplh_00008;8;;Residence Mermoz;18100;18279;Vierzon;;;2.062756;47.203377
18279_1128_00151;151;;Avenue Edouard Vaillant;18100;18279;Vierzon;;;2.060817;47.242388
18279_3147_00012;12;;Rue de l'Unité;18100;18279;Vierzon;;;2.072759;47.235446
18279_2065_00002;2;;Passage Leveque;18100;18279;Vierzon;;;2.051977;47.228271
18279_1290_00106;106;;Rue Félix Pyat;18100;18279;Vierzon;;;2.089353;47.227798
18279_1290_00162;162;;Rue Félix Pyat;18100;18279;Vierzon;;;2.095094;47.228147
18279_0070_00046;46;;Rue Alphonse Pradat;18100;18279;Vierzon;;;2.044834;47.220352
18279_0080_00040;40;;Rue Anatole France;18100;18279;Vierzon;;;2.057107;47.221543
18279_0963_00043;43;;Route de la Croix;18100;18279;Vierzon;;;2.107896;47.229386
18279_3048_00024;24;;Route de Saint Laurent;18100;18279;Vierzon;;;2.118341;47.217996
18279_0270_00004;4;;Rue Babeuf;18100;18279;Vierzon;;;2.047332;47.234154
18279_2750_00010;10;;Rue des Pillots;18100;18279;Vierzon;;;2.05605;47.213943
18279_3133_00090;90;;Route de Tours;18100;18279;Vierzon;;;2.028071;47.239464
18279_1750_00042;42;;Rue Henri Sellier;18100;18279;Vierzon;;;2.056062;47.217515
18279_0370_00094;94;;Route de Bellon;18100;18279;Vierzon;;;2.079052;47.209608
18279_0972_00026;26;;Rue de la Croix Moreau;18100;18279;Vierzon;;;2.042237;47.225761
18279_1693_00005;5;;Allee Guillaume Apollinaire;18100;18279;Vierzon;;;2.085009;47.220604
18279_0978_00002;2;;Passage du Crot à Foulon;18100;18279;Vierzon;;;2.062634;47.229569
18279_0545_00005;5;;Route de Bourges;18100;18279;Vierzon;;;2.108994;47.215473
18279_1980_00073;73;;Rue Jules Guesde;18100;18279;Vierzon;;;2.041044;47.229897
18279_0110_00046;46;;Rue André Hènault;18100;18279;Vierzon;;;2.059308;47.215311
18279_3251_00010;10;;Rue du Village Aubry;18100;18279;Vierzon;;;2.099689;47.218032
18279_2679_00025;25;;Chemin de la Picardière;18100;18279;Vierzon;;;2.140633;47.238307
18279_2816_00039;39;;Passage du Pré d'Anet;18100;18279;Vierzon;;;2.078317;47.219243
18279_0980_00001;1;;Rue du Crot à Foulon;18100;18279;Vierzon;;;2.065417;47.229803
18279_2220_00003;3;;Rue du Maréchal Joffre;18100;18279;Vierzon;;;2.068343;47.22322
18279_0160_00036;36;;Rue Armand Bazile;18100;18279;Vierzon;;;2.074594;47.216769
18279_1155_00016;16;;Rue Emile Desforges;18100;18279;Vierzon;;;2.08255;47.22705
18279_1990_00030;30;;Rue Jules Louis Breton;18100;18279;Vierzon;;;2.076631;47.221153
18279_3133_00009;9;;Route de Tours;18100;18279;Vierzon;;;2.040322;47.232245
18279_2608_00006;6;;Chemin des Peages;18100;18279;Vierzon;;;2.033501;47.225854
18279_2770_00017;17;;Rue de la Plaisance;18100;18279;Vierzon;;;2.091927;47.220054
18279_0918_00001;1;;Chemin de la Coudre;18100;18279;Vierzon;;;2.085568;47.190499
18279_2610_00011;11;;Chemin des Pelles;18100;18279;Vierzon;;;2.044794;47.223842
18279_0980_00018;18;;Rue du Crot à Foulon;18100;18279;Vierzon;;;2.063518;47.230433
18279_0052_00027;27;;Rue Albert et Paul Thouvenin;18100;18279;Vierzon;;;2.110537;47.207427
18279_1990_00012;12;;Rue Jules Louis Breton;18100;18279;Vierzon;;;2.075082;47.221197
18279_1450_00005_bis;5;bis;Rue Gambon;18100;18279;Vierzon;;;2.07231;47.226896
18279_2430_00012_bis;12;bis;Rue Urbain Nègre;18100;18279;Vierzon;;;2.081223;47.227906
18279_1535_00024;24;;Rue Georges Fauconnier;18100;18279;Vierzon;;;2.070899;47.239033
18279_1230_00105;105;;Rue Etienne Marcel;18100;18279;Vierzon;;;2.104412;47.216091
18279_1870_00042;42;;Rue Jean Jacques Rousseau;18100;18279;Vierzon;;;2.075914;47.218046
18279_1530_00002;2;;Rue Georges Clémenceau;18100;18279;Vierzon;;;2.058894;47.215563
18279_2608_00042;42;;Chemin des Peages;18100;18279;Vierzon;;;2.026147;47.226376
18279_1840_00116;116;;Rue Jean-baptiste Clément;18100;18279;Vierzon;;;2.077476;47.233603
18279_0866_00041;41;;Avenue du Colonel Manhes;18100;18279;Vierzon;;;2.083768;47.224099
18279_2945_00025;25;;Rue de Rendsburg;18100;18279;Vierzon;;;2.085237;47.199687
18279_0710_00019;19;;Rue du Champanet;18100;18279;Vierzon;;;2.062379;47.220249
18279_0270_00057;57;;Rue Babeuf;18100;18279;Vierzon;;;2.044516;47.233459
18279_1510_00037;37;;Grande Rue de la Genette;18100;18279;Vierzon;;;2.055869;47.216311
18279_0866_00024;24;;Avenue du Colonel Manhes;18100;18279;Vierzon;;;2.079418;47.223351
18279_1950_00003;3;;Avenue du Jonc;18100;18279;Vierzon;;;2.063837;47.210557
18279_0644_00003;3;;Imp des Castors de la Jonchere;18100;18279;Vierzon;;;2.041728;47.229995
18279_2025_00041;41;;avenue maréchal jean de lattre de tassigny;18100;18279;Vierzon;;;2.069402;47.206405
18279_1128_00059_c;59;c;Avenue Edouard Vaillant;18100;18279;Vierzon;;;2.061055;47.234369
18279_1840_00061_ter;61;ter;Rue Jean-baptiste Clément;18100;18279;Vierzon;;;2.074936;47.232366
18279_1290_00034;34;;Rue Félix Pyat;18100;18279;Vierzon;;;2.082652;47.22877
18279_1160_00015;15;;Rue Emile Zola;18100;18279;Vierzon;;;2.035807;47.225914
18279_2870_00030_bis;30;bis;Route de Puits Berteau;18100;18279;Vierzon;;;2.078887;47.23399
18279_1732_00070;70;;Square Henriette Dumuin;18100;18279;Vierzon;;;2.079642;47.202594
18279_1560_00036_a;36;a;Rue Gourdon;18100;18279;Vierzon;;;2.064581;47.22457
18279_0942_00023;23;;Impasse de la Craillo;18100;18279;Vierzon;;;2.066871;47.236223
18279_2188_00007;7;;Rue Marcel Pagnol;18100;18279;Vierzon;;;2.076885;47.210599
18279_0030_00021;21;;Rue de l'Abricot;18100;18279;Vierzon;;;2.056179;47.220532
18279_1290_00025;25;;Rue Félix Pyat;18100;18279;Vierzon;;;2.081496;47.229797
18279_3150_00026_bis;26;bis;Place Vaillant Couturier;18100;18279;Vierzon;;;2.070432;47.223401
18279_2870_00091;91;;Route de Puits Berteau;18100;18279;Vierzon;;;2.072304;47.237142
18279_2910_00068;68;;Avenue du 14 Juillet;18100;18279;Vierzon;;;2.063468;47.211747
18279_1536_00021;21;;Rue Georges Politzer;18100;18279;Vierzon;;;2.079578;47.204255
18279_1320_00021;21;;Route de Foëcy;18100;18279;Vierzon;;;2.103188;47.209485
18279_1142_00024;24;;Rue Elisee Reclus;18100;18279;Vierzon;;;2.082793;47.202846
18279_0045_00007_b;7;b;Route d'Ainset;18100;18279;Vierzon;;;2.077179;47.237627
18279_2520_00018;18;;Rue du Panorama;18100;18279;Vierzon;;;2.069824;47.21165
18279_1406_00015;15;;Chemin de la Gaillardière;18100;18279;Vierzon;;;2.11166;47.22616
18279_1375_00001;1;;Rue France Bloch-sérazin;18100;18279;Vierzon;;;2.07803;47.207439
18279_2100_00014;14;;Rue des Longueraies;18100;18279;Vierzon;;;2.057708;47.231582
18279_0387_00011;11;;Passage des Bergeries;18100;18279;Vierzon;;;2.051732;47.22404
18279_2679_00009;9;;Chemin de la Picardière;18100;18279;Vierzon;;;2.126207;47.239755
18279_1230_00071;71;;Rue Etienne Marcel;18100;18279;Vierzon;;;2.101497;47.217036
18279_1230_00064_bis;64;bis;Rue Etienne Marcel;18100;18279;Vierzon;;;2.099536;47.217535
18279_2330_00046;46;;Rue Mirabeau;18100;18279;Vierzon;;;2.055034;47.211911
18279_1500_00027;27;;Rue Gay Lussac;18100;18279;Vierzon;;;2.079312;47.226244
18279_0545_00069;69;;Route de Bourges;18100;18279;Vierzon;;;2.12173;47.214384
18279_1912_00006;6;;Impasse Jean Rostand;18100;18279;Vierzon;;;2.073396;47.232198
18279_2260_00018;18;;Route de Méreau;18100;18279;Vierzon;;;2.061991;47.208536
18279_3118_00014;14;;Chemin du Terrichon;18100;18279;Vierzon;;;2.03348;47.21779
18279_1870_00042_b;42;b;Rue Jean Jacques Rousseau;18100;18279;Vierzon;;;2.080834;47.217107
18279_1710_00026;26;;Rue Guy Môquet;18100;18279;Vierzon;;;2.076272;47.211327
18279_1500_00027_c;27;c;Rue Gay Lussac;18100;18279;Vierzon;;;2.07936;47.225896
18279_3310_00013;13;;Quai d'Yèvre;18100;18279;Vierzon;;;2.06396;47.219273
18279_1560_00030;30;;Rue Gourdon;18100;18279;Vierzon;;;2.065106;47.224534
18279_2795_00070_b;70;b;Rue des Ponts;18100;18279;Vierzon;;;2.067424;47.218399
18279_3251_00021;21;;Rue du Village Aubry;18100;18279;Vierzon;;;2.100593;47.218486
18279_2630_00005;5;;Rue du Péry;18100;18279;Vierzon;;;2.081983;47.225744
18279_0600_00046_bis;46;bis;Petite Rue du Camp;18100;18279;Vierzon;;;2.063382;47.20724
18279_0290_00051;51;;Rue Barbès;18100;18279;Vierzon;;;2.054861;47.235342
18279_3280_00041;41;;Rue de Villeneuve;18100;18279;Vierzon;;;2.071486;47.211001
18279_1710_00014;14;;Rue Guy Môquet;18100;18279;Vierzon;;;2.076325;47.211992
18279_le1ny7_00003;3;;Rue Jeanne Labourbe;18100;18279;Vierzon;;;2.058899;47.230829
18279_0800_00063_bis;63;bis;Quai du Cher;18100;18279;Vierzon;;;2.059038;47.217296
18279_0120_00120;120;;Rue André Ribaud;18100;18279;Vierzon;;;2.073392;47.234909
18279_2770_00063;63;;Rue de la Plaisance;18100;18279;Vierzon;;;2.09566;47.221389
18279_1128_00155;155;;Avenue Edouard Vaillant;18100;18279;Vierzon;;;2.060804;47.242798
18279_2040_00008;8;;Avenue Mal Philippe Leclerc de Ha;18100;18279;Vierzon;;;2.057434;47.209379
18279_3170_00008;8;;Rue de Valmy;18100;18279;Vierzon;;;2.067976;47.219074
18279_2320_00012;12;;Rue Millière;18100;18279;Vierzon;;;2.051036;47.225585
18279_0290_00062;62;;Rue Barbès;18100;18279;Vierzon;;;2.056841;47.236132
18279_1120_00003_bis;3;bis;Rue Edouard Branly;18100;18279;Vierzon;;;2.104441;47.216568
18279_1240_00084;84;;Rue Etienne Nivet;18100;18279;Vierzon;;;2.088392;47.220452
18279_3160_00032;32;;Rue du Val Fleury;18100;18279;Vierzon;;;2.069656;47.210361
18279_2485_00040;40;;Rue du 11 Novembre 1918;18100;18279;Vierzon;;;2.062224;47.222143
18279_3091_00010;10;;Chemin des Tailles;18100;18279;Vierzon;;;2.05787;47.238424
18279_0545_00072;72;;Route de Bourges;18100;18279;Vierzon;;;2.127022;47.21351
18279_a300_00003;3;;Residence les Moulins Verts;18100;18279;Vierzon;;;2.062701;47.230097
18279_2870_00139_e;139;e;Route de Puits Berteau;18100;18279;Vierzon;;;2.067148;47.237439
18279_3047_00093;93;;Rue Saint Exupéry;18100;18279;Vierzon;;;2.067156;47.200675
18279_0990_00043;43;;Rue Danielle Casanova;18100;18279;Vierzon;;;2.074784;47.212443
18279_1480_00009;9;;Rue de la Gaucherie;18100;18279;Vierzon;;;2.064883;47.22285
18279_1626_00003;3;;Chemin de la Gratouille;18100;18279;Vierzon;;;2.046482;47.23652
18279_2750_00001_b;1;b;Rue des Pillots;18100;18279;Vierzon;;;2.056113;47.213489
18279_1250_00032;32;;Rue Eugène Pottier;18100;18279;Vierzon;;;2.099553;47.219013
18279_0160_00065;65;;Rue Armand Bazile;18100;18279;Vierzon;;;2.076211;47.216247
18279_1870_00006_bis;6;bis;Rue Jean Jacques Rousseau;18100;18279;Vierzon;;;2.072018;47.21881
18279_2085_00045;45;;Rue des Lilas;18100;18279;Vierzon;;;2.055243;47.233675
18279_0160_00053;53;;Rue Armand Bazile;18100;18279;Vierzon;;;2.075142;47.216557
18279_2085_00021;21;;Rue des Lilas;18100;18279;Vierzon;;;2.056714;47.23272
18279_1450_00002;2;;Rue Gambon;18100;18279;Vierzon;;;2.070755;47.227244
18279_2055_00018;18;;Rue Lénine;18100;18279;Vierzon;;;2.064231;47.233284
18279_0890_00095;95;;Rue de la Convention;18100;18279;Vierzon;;;2.107806;47.222265
18279_1290_00023;23;;Rue Félix Pyat;18100;18279;Vierzon;;;2.08143;47.229879
18279_3310_00007;7;;Quai d'Yèvre;18100;18279;Vierzon;;;2.06501;47.21964
18279_2993_00006;6;;Rue Roger Faletto;18100;18279;Vierzon;;;2.087081;47.200497
18279_2080_00123;123;;Route de la Loeuf;18100;18279;Vierzon;;;2.030733;47.209711
18279_0545_00002;2;;Route de Bourges;18100;18279;Vierzon;;;2.107984;47.215284
18279_0743_00017;17;;Rue Charlotte Delbo;18100;18279;Vierzon;;;2.086883;47.222178
18279_1128_00013;13;;Avenue Edouard Vaillant;18100;18279;Vierzon;;;2.061313;47.230131
18279_1165_00001;1;;Rue de l'Epargne;18100;18279;Vierzon;;;2.057436;47.236383
18279_1980_00075;75;;Rue Jules Guesde;18100;18279;Vierzon;;;2.040762;47.230255
18279_0420_00023;23;;Rue de la Bidauderie;18100;18279;Vierzon;;;2.080437;47.235286
18279_2210_00013;13;;Place du Maréchal Foch;18100;18279;Vierzon;;;2.067979;47.223099
18279_1160_00008;8;;Rue Emile Zola;18100;18279;Vierzon;;;2.046012;47.224589
18279_0800_00063;63;;Quai du Cher;18100;18279;Vierzon;;;2.059135;47.217392
18279_a015_00001;1;;Résidence Anatole France;18100;18279;Vierzon;;;2.055671;47.221981
18279_1840_00120_bis;120;bis;Rue Jean-baptiste Clément;18100;18279;Vierzon;;;2.077805;47.234031
18279_3165_00005;5;;Chemin des Vallees;18100;18279;Vierzon;;;2.042219;47.224544
18279_0512_00003;3;;Route de Bonègue;18100;18279;Vierzon;;;2.071398;47.237606
18279_2560_00059_bis;59;bis;Rue Pasteur;18100;18279;Vierzon;;;2.090081;47.218914
18279_3060_00004;4;;Rue du Sergent Bobillot;18100;18279;Vierzon;;;2.048598;47.22964
18279_3073_00026;26;;Rue de la Société Française;18100;18279;Vierzon;;;2.0577;47.225045
18279_1520_00027;27;;Rue George Sand;18100;18279;Vierzon;;;2.066704;47.227877
18279_2795_00033;33;;Rue des Ponts;18100;18279;Vierzon;;;2.06645;47.218979
18279_3210_00032;32;;Rue Victor Hugo;18100;18279;Vierzon;;;2.066242;47.223292
18279_2500_00021;21;;Rue des Ormes;18100;18279;Vierzon;;;2.077912;47.232357
18279_0270_00031;31;;Rue Babeuf;18100;18279;Vierzon;;;2.043592;47.233335
18279_1630_00001;1;;Impasse du Grelet;18100;18279;Vierzon;;;2.04992;47.230854
18279_671bao_00022_a;22;a;avenue maréchal philippe leclerc de hauteclocque;18100;18279;Vierzon;;;2.055914;47.209542
18279_2157_00026;26;;Chemin de la Maison Blanche;18100;18279;Vierzon;;;2.036894;47.22464
18279_0400_00027;27;;Rue des Berlurettes;18100;18279;Vierzon;;;2.063599;47.236296
18279_0120_00055;55;;Rue André Ribaud;18100;18279;Vierzon;;;2.068316;47.23216
18279_1230_00086;86;;Rue Etienne Marcel;18100;18279;Vierzon;;;2.100864;47.21713
18279_2830_00053;53;;Rue du President Wilson;18100;18279;Vierzon;;;2.0534;47.217142
18279_1905_00062;62;;Rue Jean Picot;18100;18279;Vierzon;;;2.074943;47.210872
18279_0435_00055;55;;Rue de Bitterfeld;18100;18279;Vierzon;;;2.086879;47.20156
18279_1830_00026;26;;Rue Jacques Decour;18100;18279;Vierzon;;;2.088671;47.229634
18279_0435_00010;10;;Rue de Bitterfeld;18100;18279;Vierzon;;;2.083259;47.203297
18279_1840_00058;58;;Rue Jean-baptiste Clément;18100;18279;Vierzon;;;2.072605;47.231031
18279_1150_00024;24;;Rue Emile Bouleau;18100;18279;Vierzon;;;2.068356;47.218915
18279_0160_00044;44;;Rue Armand Bazile;18100;18279;Vierzon;;;2.075049;47.216646
18279_1160_00007;7;;Rue Emile Zola;18100;18279;Vierzon;;;2.037291;47.225811
18279_3133_00098;98;;Route de Tours;18100;18279;Vierzon;;;2.026193;47.238945
18279_1160_00066;66;;Rue Emile Zola;18100;18279;Vierzon;;;2.037758;47.225706
18279_0740_00008;8;;Rue Charles Hurvoy;18100;18279;Vierzon;;;2.068516;47.227575
18279_1180_00002;2;;Rue Ernest Renan;18100;18279;Vierzon;;;2.074862;47.218166
18279_1220_00008;8;;Rue Etienne Dolet;18100;18279;Vierzon;;;2.101915;47.214497
18279_1055_00016;16;;Avenue du 19 Mars 1962;18100;18279;Vierzon;;;2.090802;47.239015
18279_0053_00003;3;;Rue Alfred Nobel;18100;18279;Vierzon;;;2.077029;47.200917
18279_0710_00039;39;;Rue du Champanet;18100;18279;Vierzon;;;2.060118;47.220236
18279_1400_00002;2;;Place Gabriel Péri;18100;18279;Vierzon;;;2.062818;47.224704
18279_1938_00004;4;;Chemin des Joffrois;18100;18279;Vierzon;;;2.105571;47.221165
18279_66j5mf_00020;20;;Chemin des Noues;18100;18279;Vierzon;;;2.04922;47.210711
18279_0350_00018;18;;Rue Beau Site;18100;18279;Vierzon;;;2.072769;47.212265
18279_2155_00032;32;;Avenue du 8 Mai 1945;18100;18279;Vierzon;;;2.077008;47.228155
18279_1500_00030;30;;Rue Gay Lussac;18100;18279;Vierzon;;;2.078957;47.225108
18279_0542_00018;18;;Rue du Bourdoiseau;18100;18279;Vierzon;;;2.063399;47.2316
18279_2560_00038;38;;Rue Pasteur;18100;18279;Vierzon;;;2.088104;47.219788
18279_1870_00081;81;;Rue Jean Jacques Rousseau;18100;18279;Vierzon;;;2.077887;47.217624
18279_1895_00007;7;;Rue Jean Moulin;18100;18279;Vierzon;;;2.063429;47.23422
18279_1240_00038;38;;Rue Etienne Nivet;18100;18279;Vierzon;;;2.081835;47.221511
18279_3280_00060;60;;Rue de Villeneuve;18100;18279;Vierzon;;;2.070454;47.209889
18279_2025_00030;30;;avenue maréchal jean de lattre de tassigny;18100;18279;Vierzon;;;2.065818;47.20808
18279_2620_00025;25;;Rue des Pentecotes;18100;18279;Vierzon;;;2.059441;47.227906
18279_3133_00079;79;;Route de Tours;18100;18279;Vierzon;;;2.032868;47.236723
18279_2870_00004;4;;Route de Puits Berteau;18100;18279;Vierzon;;;2.080394;47.231747
18279_2870_00204;204;;Route de Puits Berteau;18100;18279;Vierzon;;;2.0611;47.240157
18279_0120_00015;15;;Rue André Ribaud;18100;18279;Vierzon;;;2.066239;47.230122
18279_2850_00013;13;;Rue Proudhon;18100;18279;Vierzon;;;2.048531;47.231813
18279_1530_00010;10;;Rue Georges Clémenceau;18100;18279;Vierzon;;;2.05798;47.215619
18279_1877_00027;27;;Avenue Jean Jaurès;18100;18279;Vierzon;;;2.04661;47.230626
18279_2580_00009;9;;Rue Paul Doumer;18100;18279;Vierzon;;;2.056685;47.212596
18279_1065_00013;13;;Cour des Donneaux;18100;18279;Vierzon;;;2.044232;47.227401
18279_2060_00010;10;;Rue Léon Bourgeois;18100;18279;Vierzon;;;2.058441;47.212855
18279_1128_00094;94;;Avenue Edouard Vaillant;18100;18279;Vierzon;;;2.060769;47.236521
18279_3210_00021_a;21;a;Rue Victor Hugo;18100;18279;Vierzon;;;2.066741;47.223281
18279_2620_00007;7;;Rue des Pentecotes;18100;18279;Vierzon;;;2.060722;47.227545
18279_0542_00045;45;;Rue du Bourdoiseau;18100;18279;Vierzon;;;2.062471;47.234084
18279_2500_00022;22;;Rue des Ormes;18100;18279;Vierzon;;;2.077565;47.23201
18279_1720_00033;33;;Rue Henri Barbusse;18100;18279;Vierzon;;;2.064594;47.231759
18279_1400_00006;6;;Place Gabriel Péri;18100;18279;Vierzon;;;2.062385;47.2251
18279_1370_00021_a;21;a;Rue Fourier;18100;18279;Vierzon;;;2.059098;47.23041
18279_2155_00033;33;;Avenue du 8 Mai 1945;18100;18279;Vierzon;;;2.078222;47.229256
18279_671bao_00066;66;;avenue maréchal philippe leclerc de hauteclocque;18100;18279;Vierzon;;;2.051413;47.208389
18279_0711_00005_b;5;b;Chemin du Champ Chapelet;18100;18279;Vierzon;;;2.086063;47.236446
18279_0865_00005;5;;Rue du Colonel Fabien;18100;18279;Vierzon;;;2.064168;47.234323
18279_1990_00013;13;;Rue Jules Louis Breton;18100;18279;Vierzon;;;2.075432;47.221095
18279_0435_00004;4;;Rue de Bitterfeld;18100;18279;Vierzon;;;2.082653;47.203513
18279_1700_00022;22;;Rue Gustave Flourens;18100;18279;Vierzon;;;2.056409;47.230818
18279_2335_00011;11;;Rue Miranda de Ebro;18100;18279;Vierzon;;;2.06493;47.218586
18279_3047_00082;82;;Rue Saint Exupéry;18100;18279;Vierzon;;;2.066896;47.200243
18279_0420_00013;13;;Rue de la Bidauderie;18100;18279;Vierzon;;;2.079433;47.234726
18279_1950_00023;23;;Avenue du Jonc;18100;18279;Vierzon;;;2.065723;47.210249
18279_1877_00039_a;39;a;Avenue Jean Jaurès;18100;18279;Vierzon;;;2.045386;47.230939
18279_0445_00033_bis;33;bis;Chemin Blanc;18100;18279;Vierzon;;;2.057338;47.20597
18279_2155_00093_bis;93;bis;Avenue du 8 Mai 1945;18100;18279;Vierzon;;;2.086444;47.235727
18279_1830_00043;43;;Rue Jacques Decour;18100;18279;Vierzon;;;2.088797;47.229369
18279_1366_00013;13;;Cours de Fougery;18100;18279;Vierzon;;;2.072391;47.234171
18279_0085_00017;17;;Imp Ancienne Cite de la Verrerie;18100;18279;Vierzon;;;2.100541;47.210341
18279_3207_00011;11;;Rue du Vert Pommier;18100;18279;Vierzon;;;2.066621;47.224283
18279_1591_00014_bis;14;bis;Chemin du Grand Orme;18100;18279;Vierzon;;;2.102818;47.231518
18279_1140_00012;12;;Place de l'Eglise des Forges;18100;18279;Vierzon;;;2.10188;47.21336
18279_3047_00018;18;;Rue Saint Exupéry;18100;18279;Vierzon;;;2.06831;47.205175
18279_1120_00038;38;;Rue Edouard Branly;18100;18279;Vierzon;;;2.104393;47.219383
18279_2430_00004;4;;Rue Urbain Nègre;18100;18279;Vierzon;;;2.080902;47.226811
18279_1250_00039;39;;Rue Eugène Pottier;18100;18279;Vierzon;;;2.098211;47.222051
18279_1128_00011;11;;Avenue Edouard Vaillant;18100;18279;Vierzon;;;2.061318;47.229995
18279_2360_00003;3;;Rue de la Monnaie;18100;18279;Vierzon;;;2.069627;47.222284
18279_0095_00008;8;;Rue André Gide;18100;18279;Vierzon;;;2.094667;47.222983
18279_2995_00009;9;;Rue Roland Champenier;18100;18279;Vierzon;;;2.067739;47.239112
18279_0497_00009;9;;Chemin de Bois Marteau;18100;18279;Vierzon;;;2.056286;47.239052
18279_2370_00001_bis;1;bis;Rue de la Montagne;18100;18279;Vierzon;;;2.073205;47.221749
18279_2583_00002;2;;Rue Paul Eluard;18100;18279;Vierzon;;;2.082787;47.201724
18279_2190_00034;34;;Rue Marcel Perrin;18100;18279;Vierzon;;;2.070948;47.225473
18279_2255_00013;13;;Place de la Mémoire;18100;18279;Vierzon;;;2.080029;47.199702
18279_0310_00039;39;;Rue du Bas de Grange;18100;18279;Vierzon;;;2.055899;47.224238
18279_2025_00079;79;;avenue maréchal jean de lattre de tassigny;18100;18279;Vierzon;;;2.077127;47.202763
18279_0350_00091;91;;Rue Beau Site;18100;18279;Vierzon;;;2.070361;47.207141
18279_0260_00001;1;;Petite Rue Babeuf;18100;18279;Vierzon;;;2.045872;47.233922
18279_3060_00001_bis;1;bis;Rue du Sergent Bobillot;18100;18279;Vierzon;;;2.048709;47.229864
18279_3195_00005;5;;Chemin du Verdin;18100;18279;Vierzon;;;2.035779;47.22851
18279_3202_00020_a;20;a;Avenue de Verdun;18100;18279;Vierzon;;;2.072802;47.224804
18279_1555_00011;11;;Impasse de la Glaciere;18100;18279;Vierzon;;;2.042252;47.230485
18279_1290_00172;172;;Rue Félix Pyat;18100;18279;Vierzon;;;2.096018;47.22811
18279_2720_00031;31;;Rue Pierre Dupont;18100;18279;Vierzon;;;2.045015;47.236057
18279_2795_00072;72;;Rue des Ponts;18100;18279;Vierzon;;;2.066502;47.218535
18279_1609_00005;5;;Chemin des Grandes Terres;18100;18279;Vierzon;;;2.062195;47.2058
18279_1830_00059;59;;Rue Jacques Decour;18100;18279;Vierzon;;;2.08814;47.229625
18279_3280_00002;2;;Rue de Villeneuve;18100;18279;Vierzon;;;2.07243;47.213542
18279_3vyj15_00020;20;;Clos de la Minee;18100;18279;Vierzon;;;2.066244;47.237061
18279_3020_00003;3;;Rue de Ronvaux;18100;18279;Vierzon;;;2.053835;47.226247
18279_2650_00027;27;;Rue de la Petite Noue;18100;18279;Vierzon;;;2.058863;47.20711
18279_3305_00006;6;;Rue de Wittelsheim;18100;18279;Vierzon;;;2.071602;47.222871
18279_0310_00031;31;;Rue du Bas de Grange;18100;18279;Vierzon;;;2.056599;47.224171
18279_0020_00060;60;;Chemin de l’Abricot;18100;18279;Vierzon;;;2.047137;47.218346
18279_1290_00063;63;;Rue Félix Pyat;18100;18279;Vierzon;;;2.084518;47.228057
18279_2870_00073;73;;Route de Puits Berteau;18100;18279;Vierzon;;;2.073767;47.236875
18279_1320_00004;4;;Route de Foëcy;18100;18279;Vierzon;;;2.100773;47.211437
18279_3195_01645;1645;;Chemin du Verdin;18100;18279;Vierzon;;;2.041039;47.231827
18279_0151_00004;4;;Rue Aristide Briand;18100;18279;Vierzon;;;2.067209;47.221789
18279_2630_00026;26;;Rue du Péry;18100;18279;Vierzon;;;2.084544;47.225106
18279_1240_00090;90;;Rue Etienne Nivet;18100;18279;Vierzon;;;2.08928;47.220098
18279_2189_00017;17;;Rue Marcel Paul;18100;18279;Vierzon;;;2.09115;47.234117
18279_1185_00008;8;;Rue des Etablissements Merlin;18100;18279;Vierzon;;;2.08493;47.232338
18279_0650_00022;22;;Rue du Cavalier;18100;18279;Vierzon;;;2.064212;47.226328
18279_0890_00059;59;;Rue de la Convention;18100;18279;Vierzon;;;2.105366;47.220402
18279_0420_00023_bis;23;bis;Rue de la Bidauderie;18100;18279;Vierzon;;;2.08022;47.235177
18279_2950_00039;39;;Avenue de la République;18100;18279;Vierzon;;;2.064234;47.223478
18279_3087_00004;4;;Rue de Stalingrad;18100;18279;Vierzon;;;2.081118;47.2319
18279_1320_00009;9;;Route de Foëcy;18100;18279;Vierzon;;;2.101028;47.211142
18279_0350_00049;49;;Rue Beau Site;18100;18279;Vierzon;;;2.071977;47.210008
18279_0460_00019;19;;Rue Blanqui;18100;18279;Vierzon;;;2.049062;47.22605
18279_2650_00001_b;1;b;Rue de la Petite Noue;18100;18279;Vierzon;;;2.058173;47.209089
18279_1250_00014;14;;Rue Eugène Pottier;18100;18279;Vierzon;;;2.099157;47.218305
18279_0445_00027;27;;Chemin Blanc;18100;18279;Vierzon;;;2.056153;47.206498
18279_3047_00033;33;;Rue Saint Exupéry;18100;18279;Vierzon;;;2.068216;47.204266
18279_0942_00027;27;;Impasse de la Craillo;18100;18279;Vierzon;;;2.066715;47.236225
18279_2870_00153;153;;Route de Puits Berteau;18100;18279;Vierzon;;;2.065232;47.238861
18279_2155_00075;75;;Avenue du 8 Mai 1945;18100;18279;Vierzon;;;2.084155;47.233937
18279_2770_00050;50;;Rue de la Plaisance;18100;18279;Vierzon;;;2.095269;47.221098
18279_1055_00029;29;;Avenue du 19 Mars 1962;18100;18279;Vierzon;;;2.091927;47.240032
18279_0714_00013;13;;Rue du Champ du Four;18100;18279;Vierzon;;;2.080645;47.234596
18279_0710_00036_a;36;a;Rue du Champanet;18100;18279;Vierzon;;;2.062557;47.22058
18279_1290_00074;74;;Rue Félix Pyat;18100;18279;Vierzon;;;2.085586;47.227429
18279_0720_00025;25;;Rue des Changes;18100;18279;Vierzon;;;2.069761;47.223663
18279_1700_00068;68;;Rue Gustave Flourens;18100;18279;Vierzon;;;2.052582;47.232198
18279_1710_00027;27;;Rue Guy Môquet;18100;18279;Vierzon;;;2.074677;47.212065
18279_2870_00162;162;;Route de Puits Berteau;18100;18279;Vierzon;;;2.07697;47.23565
18279_1500_00040_bis;40;bis;Rue Gay Lussac;18100;18279;Vierzon;;;2.080702;47.22619
18279_1055_00015;15;;Avenue du 19 Mars 1962;18100;18279;Vierzon;;;2.089468;47.238115
18279_0110_00039;39;;Rue André Hènault;18100;18279;Vierzon;;;2.060988;47.215483
18279_0866_00068_a;68;a;Avenue du Colonel Manhes;18100;18279;Vierzon;;;2.084383;47.224037
18279_2640_00019;19;;Route du Petit Râteau;18100;18279;Vierzon;;;2.097092;47.230933
18279_0125_00004;4;;Rue Anne Franck;18100;18279;Vierzon;;;2.08027;47.232263
18279_2125_00010;10;;Rue Louise Michel;18100;18279;Vierzon;;;2.070837;47.235304
18279_1810_00022;22;;Rue de l'Ile du Cher;18100;18279;Vierzon;;;2.06449;47.217137
18279_1730_00004;4;;Avenue Henri Brisson;18100;18279;Vierzon;;;2.061812;47.225206
18279_2980_00011;11;;Rue Riparia;18100;18279;Vierzon;;;2.060306;47.213989
18279_2710_00017;17;;Rue Pierre Debournou;18100;18279;Vierzon;;;2.062704;47.223856
18279_0830_00012;12;;Rue Claude Bernard;18100;18279;Vierzon;;;2.076863;47.216918
18279_1905_00072;72;;Rue Jean Picot;18100;18279;Vierzon;;;2.074175;47.210972
18279_2995_00017;17;;Rue Roland Champenier;18100;18279;Vierzon;;;2.068907;47.239028
18279_1555_00014;14;;Impasse de la Glaciere;18100;18279;Vierzon;;;2.042395;47.230687
18279_3130_00012;12;;Rue Théodore Roosevelt;18100;18279;Vierzon;;;2.06851;47.223961
18279_671bao_00054;54;;avenue maréchal philippe leclerc de hauteclocque;18100;18279;Vierzon;;;2.052388;47.209066
18279_3197_00007;7;;Levee de l’Etang du Verdin;18100;18279;Vierzon;;;2.043524;47.23434
18279_0120_00027;27;;Rue André Ribaud;18100;18279;Vierzon;;;2.066959;47.230635
18279_66j5mf_00034;34;;Chemin des Noues;18100;18279;Vierzon;;;2.047069;47.210314
18279_1720_00043;43;;Rue Henri Barbusse;18100;18279;Vierzon;;;2.064841;47.232528
18279_2870_00139_b;139;b;Route de Puits Berteau;18100;18279;Vierzon;;;2.066556;47.237755
18279_1700_00024_bis;24;bis;Rue Gustave Flourens;18100;18279;Vierzon;;;2.056054;47.23093
18279_0714_00007;7;;Rue du Champ du Four;18100;18279;Vierzon;;;2.0815;47.233745
18279_1290_00003;3;;Rue Félix Pyat;18100;18279;Vierzon;;;2.080589;47.230529
18279_2200_00027;27;;Rue Marcel Sembat;18100;18279;Vierzon;;;2.051589;47.22849
18279_0380_00011_a;11;a;Chemin de la Bercetterie;18100;18279;Vierzon;;;2.032759;47.239423
18279_1700_00012;12;;Rue Gustave Flourens;18100;18279;Vierzon;;;2.057677;47.230576
18279_0842_00004;4;;Chemin du Cloître;18100;18279;Vierzon;;;2.031213;47.224902
18279_a150_00014;14;;Residence les Dumaines;18100;18279;Vierzon;;;2.093919;47.219268
18279_2155_00028;28;;Avenue du 8 Mai 1945;18100;18279;Vierzon;;;2.076781;47.227975
18279_0080_00117;117;;Rue Anatole France;18100;18279;Vierzon;;;2.048932;47.222787
18279_1720_00063;63;;Rue Henri Barbusse;18100;18279;Vierzon;;;2.064785;47.235939
18279_1360_00003_a;3;a;Impasse des Fossés;18100;18279;Vierzon;;;2.068119;47.223613
18279_2950_00008;8;;Avenue de la République;18100;18279;Vierzon;;;2.066915;47.222606
18279_3210_00030_a;30;a;Rue Victor Hugo;18100;18279;Vierzon;;;2.065197;47.223565
18279_2125_00019_bis;19;bis;Rue Louise Michel;18100;18279;Vierzon;;;2.070849;47.236125
18279_1535_00064;64;;Rue Georges Fauconnier;18100;18279;Vierzon;;;2.068135;47.23966
18279_2070_00021;21;;Boulevard de la Liberté;18100;18279;Vierzon;;;2.067292;47.226698
18279_0800_00037;37;;Quai du Cher;18100;18279;Vierzon;;;2.062049;47.216592
18279_1750_00041;41;;Rue Henri Sellier;18100;18279;Vierzon;;;2.056079;47.217596
18279_0220_00023;23;;Rue Auber;18100;18279;Vierzon;;;2.082205;47.214837
18279_0220_00042;42;;Rue Auber;18100;18279;Vierzon;;;2.08151;47.213683
18279_0417_00024;24;;Rue Berty Albrecht;18100;18279;Vierzon;;;2.056092;47.21087
18279_3285_00003;3;;Rue Vincent Auriol;18100;18279;Vierzon;;;2.088031;47.200385
18279_0350_00059;59;;Rue Beau Site;18100;18279;Vierzon;;;2.071546;47.209317
18279_2008_00012;12;;Impasse Karl Marx;18100;18279;Vierzon;;;2.049486;47.228824
18279_3280_00068;68;;Rue de Villeneuve;18100;18279;Vierzon;;;2.070262;47.209509
18279_3047_00029;29;;Rue Saint Exupéry;18100;18279;Vierzon;;;2.068284;47.204502
18279_0545_00012;12;;Route de Bourges;18100;18279;Vierzon;;;2.111023;47.214856
18279_2920_00001;1;;Rue Rabelais;18100;18279;Vierzon;;;2.066689;47.22012
18279_671bao_00029;29;;avenue maréchal philippe leclerc de hauteclocque;18100;18279;Vierzon;;;2.055312;47.208854
18279_2973_00008;8;;Chemin des Riaux;18100;18279;Vierzon;;;2.111363;47.228066
18279_0170_00036;36;;Rue Armand Brunet;18100;18279;Vierzon;;;2.070399;47.221701
18279_2800_00004;4;;Rue Porte aux Boeufs;18100;18279;Vierzon;;;2.070968;47.223503
18279_2491_00023_a;23;a;Chemin de l’Orme a Lieue;18100;18279;Vierzon;;;2.125305;47.215378
18279_0310_00010;10;;Rue du Bas de Grange;18100;18279;Vierzon;;;2.05656;47.224233
18279_1197_00004;4;;Place de l'Etape;18100;18279;Vierzon;;;2.069196;47.222987
18279_2648_00029;29;;Chemin de la Petite Noue;18100;18279;Vierzon;;;2.065131;47.203929
18279_0385_00008;8;;Chemin des Bergeries;18100;18279;Vierzon;;;2.054085;47.223557
18279_1230_00061_bis;61;bis;Rue Etienne Marcel;18100;18279;Vierzon;;;2.100758;47.217325
18279_1790_00009;9;;Rue de l'Hospice;18100;18279;Vierzon;;;2.051956;47.226526
18279_3073_00003;3;;Rue de la Société Française;18100;18279;Vierzon;;;2.061411;47.224723
18279_1280_00043_t;43;t;Rue de Fay;18100;18279;Vierzon;;;2.050434;47.23591
18279_1155_00013;13;;Rue Emile Desforges;18100;18279;Vierzon;;;2.082461;47.227164
18279_66j5mf_00003;3;;Chemin des Noues;18100;18279;Vierzon;;;2.048359;47.209683
18279_1840_00068;68;;Rue Jean-baptiste Clément;18100;18279;Vierzon;;;2.073688;47.231699
18279_0840_00025;25;;Rue Claude Michaud;18100;18279;Vierzon;;;2.067543;47.21402
18279_2005_00002;2;;Rue Julian Grimau;18100;18279;Vierzon;;;2.085745;47.201138
18279_2816_00069;69;;Passage du Pré d'Anet;18100;18279;Vierzon;;;2.081539;47.218499
18279_0215_00015;15;;Passage de l’Aubepine;18100;18279;Vierzon;;;2.047084;47.231705
18279_0450_00017;17;;Rue Blanche Baron;18100;18279;Vierzon;;;2.065907;47.222835
18279_1230_00092;92;;Rue Etienne Marcel;18100;18279;Vierzon;;;2.101152;47.217059
18279_1696_00002;2;;Rue Gustave Flaubert;18100;18279;Vierzon;;;2.077387;47.200611
18279_3110_00024;24;;Rue des Terres Mortes;18100;18279;Vierzon;;;2.056564;47.207143
18279_1240_00080_bis;80;bis;Rue Etienne Nivet;18100;18279;Vierzon;;;2.08742;47.220781
18279_0435_00006;6;;Rue de Bitterfeld;18100;18279;Vierzon;;;2.082889;47.203429
18279_0110_00002;2;;Rue André Hènault;18100;18279;Vierzon;;;2.064426;47.215574
18279_1308_00015;15;;Impasse des Feuillures;18100;18279;Vierzon;;;2.066009;47.21106
18279_1510_00017;17;;Grande Rue de la Genette;18100;18279;Vierzon;;;2.057669;47.21626
18279_0714_00008_b;8;b;Rue du Champ du Four;18100;18279;Vierzon;;;2.08247;47.233858
18279_1230_00112_a;112;a;Rue Etienne Marcel;18100;18279;Vierzon;;;2.104159;47.216492
18279_0120_00059;59;;Rue André Ribaud;18100;18279;Vierzon;;;2.068538;47.232467
18279_2594_00023;23;;Rue Paul Valery;18100;18279;Vierzon;;;2.068006;47.208332
18279_2040_00044;44;;Avenue Mal Philippe Leclerc de Ha;18100;18279;Vierzon;;;2.053832;47.208831
18279_2070_00031_bis;31;bis;Boulevard de la Liberté;18100;18279;Vierzon;;;2.065041;47.227206
18279_0844_00006;6;;Impasse du Clos Chabot;18100;18279;Vierzon;;;2.080037;47.229114
18279_2025_00005;5;;avenue maréchal jean de lattre de tassigny;18100;18279;Vierzon;;;2.0633;47.209612
18279_2960_00008;8;;Place de la Résistance;18100;18279;Vierzon;;;2.072068;47.223581
18279_1510_00020;20;;Grande Rue de la Genette;18100;18279;Vierzon;;;2.057674;47.216337
18279_3210_00022;22;;Rue Victor Hugo;18100;18279;Vierzon;;;2.066234;47.223205
18279_3280_00038;38;;Rue de Villeneuve;18100;18279;Vierzon;;;2.071107;47.21115
18279_2065_00006_b;6;b;Passage Leveque;18100;18279;Vierzon;;;2.0522;47.228459
18279_2155_00100_a;100;a;Avenue du 8 Mai 1945;18100;18279;Vierzon;;;2.085393;47.234442
18279_1840_00083;83;;Rue Jean-baptiste Clément;18100;18279;Vierzon;;;2.071636;47.230507
18279_0545_00015;15;;Route de Bourges;18100;18279;Vierzon;;;2.110024;47.215377
18279_3147_00013;13;;Rue de l'Unité;18100;18279;Vierzon;;;2.072451;47.235678
18279_2870_00190;190;;Route de Puits Berteau;18100;18279;Vierzon;;;2.062612;47.239838
18279_2594_00012;12;;Rue Paul Valery;18100;18279;Vierzon;;;2.067161;47.208709
18279_0085_00009_a;9;a;Imp Ancienne Cite de la Verrerie;18100;18279;Vierzon;;;2.100732;47.210495
18279_0080_00100;100;;Rue Anatole France;18100;18279;Vierzon;;;2.051621;47.222845
18279_2501_00043;43;;Rue Pablo Casals;18100;18279;Vierzon;;;2.08171;47.20072
18279_3086_00021;21;;Impasse Suzanne Masson;18100;18279;Vierzon;;;2.078967;47.20565
18279_2155_00059_m;59;m;Avenue du 8 Mai 1945;18100;18279;Vierzon;;;2.079331;47.230895
18279_3052_00006;6;;Route de Saint Lazare;18100;18279;Vierzon;;;2.09757;47.208918
18279_1877_00049;49;;Avenue Jean Jaurès;18100;18279;Vierzon;;;2.043558;47.231146
18279_2770_00077;77;;Rue de la Plaisance;18100;18279;Vierzon;;;2.097092;47.221559
18279_0140_00001_a;1;a;Rue Antonin Lerault;18100;18279;Vierzon;;;2.065261;47.215581
18279_0435_00045;45;;Rue de Bitterfeld;18100;18279;Vierzon;;;2.086148;47.202011
18279_2648_00015;15;;Chemin de la Petite Noue;18100;18279;Vierzon;;;2.063006;47.204335
18279_0890_00002;2;;Rue de la Convention;18100;18279;Vierzon;;;2.100381;47.217634
18279_1750_00018;18;;Rue Henri Sellier;18100;18279;Vierzon;;;2.055137;47.217913
18279_2640_00008;8;;Route du Petit Râteau;18100;18279;Vierzon;;;2.097091;47.228784
18279_1877_00013;13;;Avenue Jean Jaurès;18100;18279;Vierzon;;;2.048029;47.230304
18279_1710_00016;16;;Rue Guy Môquet;18100;18279;Vierzon;;;2.075946;47.211789
18279_3280_00023;23;;Rue de Villeneuve;18100;18279;Vierzon;;;2.072178;47.212254
18279_2795_00009;9;;Rue des Ponts;18100;18279;Vierzon;;;2.066879;47.219755
18279_1536_00033;33;;Rue Georges Politzer;18100;18279;Vierzon;;;2.079629;47.204087
18279_1290_00092;92;;Rue Félix Pyat;18100;18279;Vierzon;;;2.087514;47.227295
18279_3280_00109;109;;Rue de Villeneuve;18100;18279;Vierzon;;;2.069283;47.207018
18279_2058_00025_b;25;b;Rue Léo Mérigot;18100;18279;Vierzon;;;2.050784;47.228866
18279_1591_00012;12;;Chemin du Grand Orme;18100;18279;Vierzon;;;2.101589;47.230977
18279_0030_00018;18;;Rue de l'Abricot;18100;18279;Vierzon;;;2.05665;47.220565
18279_0980_00030;30;;Rue du Crot à Foulon;18100;18279;Vierzon;;;2.062784;47.231071
18279_1536_00019;19;;Rue Georges Politzer;18100;18279;Vierzon;;;2.079414;47.204427
18279_0542_00005;5;;Rue du Bourdoiseau;18100;18279;Vierzon;;;2.063697;47.231064
18279_1712_00016;16;;Hameau de la Dumonerie;18100;18279;Vierzon;;;2.095674;47.219986
18279_3047_00017;17;;Rue Saint Exupéry;18100;18279;Vierzon;;;2.068458;47.205134
18279_1877_00015;15;;Avenue Jean Jaurès;18100;18279;Vierzon;;;2.047633;47.230394
18279_1650_00023;23;;Rue Grelon;18100;18279;Vierzon;;;2.061337;47.216101
18279_2070_00027;27;;Boulevard de la Liberté;18100;18279;Vierzon;;;2.065835;47.227031
18279_0417_00038;38;;Rue Berty Albrecht;18100;18279;Vierzon;;;2.054772;47.210776
18279_1580_00006;6;;Rue du Grand Clement;18100;18279;Vierzon;;;2.071551;47.227517
18279_1265_00007;7;;Impasse de Fay;18100;18279;Vierzon;;;2.052021;47.235442
18279_0963_00041;41;;Route de la Croix;18100;18279;Vierzon;;;2.107398;47.229474
18279_1158_00013;13;;Rue du Square Emile Peraudin;18100;18279;Vierzon;;;2.063037;47.224005
18279_0850_00003;3;;Rue Cognacq Jay;18100;18279;Vierzon;;;2.058293;47.217288
18279_3160_00069;69;;Rue du Val Fleury;18100;18279;Vierzon;;;2.068658;47.207944
18279_1870_00025;25;;Rue Jean Jacques Rousseau;18100;18279;Vierzon;;;2.071865;47.218634
18279_0968_00010;10;;Impasse de la Croix Moreau;18100;18279;Vierzon;;;2.032647;47.226506
18279_2080_00092;92;;Route de la Loeuf;18100;18279;Vierzon;;;2.0304;47.214427
18279_2594_00017;17;;Rue Paul Valery;18100;18279;Vierzon;;;2.067557;47.208717
18279_1285_00001;1;;Rue Federico Garcia Lorca;18100;18279;Vierzon;;;2.085981;47.199395
18279_0980_00034;34;;Rue du Crot à Foulon;18100;18279;Vierzon;;;2.062549;47.231276
18279_0817_00040;40;;Chemin du Chevry;18100;18279;Vierzon;;;2.121864;47.214596
18279_0020_00064;64;;Chemin de l’Abricot;18100;18279;Vierzon;;;2.046674;47.219167
18279_2608_00016;16;;Chemin des Peages;18100;18279;Vierzon;;;2.031442;47.225777
18279_2472_00056;56;;Route des Noues;18100;18279;Vierzon;;;2.043894;47.211368
18279_3280_00073_bis;73;bis;Rue de Villeneuve;18100;18279;Vierzon;;;2.070439;47.209016
18279_0370_00039;39;;Route de Bellon;18100;18279;Vierzon;;;2.073697;47.213493
18279_1545_00007;7;;Allée Germaine Tillion;18100;18279;Vierzon;;;2.077658;47.24445
18279_1230_00144;144;;Rue Etienne Marcel;18100;18279;Vierzon;;;2.106467;47.215452
18279_a120_00010;10;;Résidence le Clos de la Minée;18100;18279;Vierzon;;;2.066329;47.236808
18279_1730_00025;25;;Avenue Henri Brisson;18100;18279;Vierzon;;;2.061384;47.228738
18279_1580_00028;28;;Rue du Grand Clement;18100;18279;Vierzon;;;2.072443;47.228399
18279_2930_00030;30;;Rue Raspail;18100;18279;Vierzon;;;2.080903;47.222904
18279_0350_00060_bis;60;bis;Rue Beau Site;18100;18279;Vierzon;;;2.070837;47.20858
18279_0125_00010;10;;Rue Anne Franck;18100;18279;Vierzon;;;2.080501;47.231945
18279_2690_00005;5;;Rue Pierre Calmette;18100;18279;Vierzon;;;2.063083;47.21606
18279_3280_00054;54;;Rue de Villeneuve;18100;18279;Vierzon;;;2.07063;47.21022
18279_1696_00008;8;;Rue Gustave Flaubert;18100;18279;Vierzon;;;2.077534;47.200034
18279_0100_00007;7;;Rue André Guillemain;18100;18279;Vierzon;;;2.082263;47.216867
18279_2620_00061;61;;Rue des Pentecotes;18100;18279;Vierzon;;;2.058358;47.22965
18279_1520_00028_t;28;t;Rue George Sand;18100;18279;Vierzon;;;2.066682;47.22723
18279_1915_00020;20;;Rue Jean Vilar;18100;18279;Vierzon;;;2.083258;47.2003
18279_1128_00053;53;;Avenue Edouard Vaillant;18100;18279;Vierzon;;;2.061194;47.233317
18279_1510_00025;25;;Grande Rue de la Genette;18100;18279;Vierzon;;;2.056943;47.21628
18279_0275_00003_bis;3;bis;Rue Bara;18100;18279;Vierzon;;;2.04556;47.231992
18279_1980_00033_bis;33;bis;Rue Jules Guesde;18100;18279;Vierzon;;;2.046032;47.228275
18279_2302_00011;11;;Rue Michel Lucas;18100;18279;Vierzon;;;2.084757;47.231019
18279_0100_00005;5;;Rue André Guillemain;18100;18279;Vierzon;;;2.082365;47.21707
18279_0400_00015;15;;Rue des Berlurettes;18100;18279;Vierzon;;;2.06271;47.23599
18279_0712_00020;20;;Rue du Champ Commun;18100;18279;Vierzon;;;2.06834;47.219411
18279_2189_00001;1;;Rue Marcel Paul;18100;18279;Vierzon;;;2.088534;47.234114
18279_0542_00037;37;;Rue du Bourdoiseau;18100;18279;Vierzon;;;2.062603;47.233567
18279_0310_00076_bis;76;bis;Rue du Bas de Grange;18100;18279;Vierzon;;;2.046925;47.22557
18279_1526_00012;12;;Square Georges Brassens;18100;18279;Vierzon;;;2.077263;47.201837
18279_1915_00016;16;;Rue Jean Vilar;18100;18279;Vierzon;;;2.083899;47.200094
18279_2155_00102;102;;Avenue du 8 Mai 1945;18100;18279;Vierzon;;;2.085722;47.235019
18279_0120_00118;118;;Rue André Ribaud;18100;18279;Vierzon;;;2.073145;47.234839
18279_1280_00045_bis;45;bis;Rue de Fay;18100;18279;Vierzon;;;2.049797;47.23876
18279_1155_00002;2;;Rue Emile Desforges;18100;18279;Vierzon;;;2.081268;47.226394
18279_2055_00026;26;;Rue Lénine;18100;18279;Vierzon;;;2.062946;47.233551
18279_1560_00011;11;;Rue Gourdon;18100;18279;Vierzon;;;2.067013;47.224413
18279_3076_00030_bis;30;bis;Route des Souchènes;18100;18279;Vierzon;;;2.028604;47.214871
18279_0053_00001;1;;Rue Alfred Nobel;18100;18279;Vierzon;;;2.076981;47.201029
18279_1428_00005;5;;Place Gallerand;18100;18279;Vierzon;;;2.068362;47.22299
18279_1170_00016_b;16;b;Rue des Epinettes;18100;18279;Vierzon;;;2.068747;47.225446
18279_1830_00024;24;;Rue Jacques Decour;18100;18279;Vierzon;;;2.089012;47.229628
18279_1490_00008;8;;Chemin des Gaudrets;18100;18279;Vierzon;;;2.088955;47.221278
18279_2560_00008;8;;Rue Pasteur;18100;18279;Vierzon;;;2.084073;47.22017
18279_1500_00031;31;;Rue Gay Lussac;18100;18279;Vierzon;;;2.080242;47.226007
18279_2947_00030;30;;Route René Dumont;18100;18279;Vierzon;;;2.093508;47.205729
18279_0290_00003;3;;Rue Barbès;18100;18279;Vierzon;;;2.051627;47.23327
18279_2255_00004;4;;Place de la Mémoire;18100;18279;Vierzon;;;2.079916;47.200239
18279_0623_00005;5;;Rue Camelinat;18100;18279;Vierzon;;;2.071515;47.235976
18279_0088_00006_e;6;e;Impasse Andre de Chenier;18100;18279;Vierzon;;;2.0744;47.218919
18279_0640_00007;7;;Rue Casimir Lecomte;18100;18279;Vierzon;;;2.063819;47.226629
18279_2060_00011;11;;Rue Léon Bourgeois;18100;18279;Vierzon;;;2.058566;47.212882
18279_1440_00002;2;;Rue Gambetta;18100;18279;Vierzon;;;2.09621;47.221222
18279_2776_00008_d;8;d;Rue du Plessis;18100;18279;Vierzon;;;2.093019;47.229902
18279_1250_00036;36;;Rue Eugène Pottier;18100;18279;Vierzon;;;2.09989;47.219247
18279_1950_00041_a;41;a;Avenue du Jonc;18100;18279;Vierzon;;;2.068029;47.210758
18279_1330_00006_a;6;a;Impasse des Fontaines;18100;18279;Vierzon;;;2.065189;47.214525
18279_2100_00078;78;;Rue des Longueraies;18100;18279;Vierzon;;;2.059015;47.235563
18279_1732_00098;98;;Square Henriette Dumuin;18100;18279;Vierzon;;;2.079524;47.202818
18279_0845_00014_b;14;b;Impasse du Clos du Roy;18100;18279;Vierzon;;;2.0745;47.221961
18279_66j5mf_00021;21;;Chemin des Noues;18100;18279;Vierzon;;;2.045211;47.210794
18279_3048_00018;18;;Route de Saint Laurent;18100;18279;Vierzon;;;2.117414;47.217356
18279_3202_00024;24;;Avenue de Verdun;18100;18279;Vierzon;;;2.073135;47.225067
18279_0352_00013;13;;Rue Beethoven;18100;18279;Vierzon;;;2.079075;47.235374
18279_1877_00059_a;59;a;Avenue Jean Jaurès;18100;18279;Vierzon;;;2.043674;47.231248
18279_2190_00012;12;;Rue Marcel Perrin;18100;18279;Vierzon;;;2.070811;47.224727
18279_1150_00023;23;;Rue Emile Bouleau;18100;18279;Vierzon;;;2.068235;47.218762
18279_2890_00002;2;;Rue du Putet;18100;18279;Vierzon;;;2.058;47.229875
18279_1170_00027;27;;Rue des Epinettes;18100;18279;Vierzon;;;2.069918;47.226806
18279_2620_00049;49;;Rue des Pentecotes;18100;18279;Vierzon;;;2.058629;47.228587
18279_1840_00048_bis;48;bis;Rue Jean-baptiste Clément;18100;18279;Vierzon;;;2.071483;47.230428
18279_0650_00014;14;;Rue du Cavalier;18100;18279;Vierzon;;;2.063466;47.226518
18279_1490_00049;49;;Chemin des Gaudrets;18100;18279;Vierzon;;;2.085035;47.224096
18279_2190_00043;43;;Rue Marcel Perrin;18100;18279;Vierzon;;;2.071271;47.226659
18279_1020_00040;40;;Rue Descartes;18100;18279;Vierzon;;;2.079395;47.214335
18279_0644_00001;1;;Imp des Castors de la Jonchere;18100;18279;Vierzon;;;2.041573;47.229827
18279_1980_00053;53;;Rue Jules Guesde;18100;18279;Vierzon;;;2.04412;47.228595
18279_2100_00022;22;;Rue des Longueraies;18100;18279;Vierzon;;;2.057896;47.232035
18279_1980_00024;24;;Rue Jules Guesde;18100;18279;Vierzon;;;2.047846;47.227397
18279_0972_00054;54;;Rue de la Croix Moreau;18100;18279;Vierzon;;;2.035055;47.227061
18279_1062_00010;10;;Rue du Docteur Pierre Roux;18100;18279;Vierzon;;;2.070676;47.223918
18279_3147_00035;35;;Rue de l'Unité;18100;18279;Vierzon;;;2.072482;47.236551
18279_0352_00008;8;;Rue Beethoven;18100;18279;Vierzon;;;2.078519;47.234937
18279_1840_00051;51;;Rue Jean-baptiste Clément;18100;18279;Vierzon;;;2.073773;47.231661
18279_b304_00051_e;51;e;Village au Piquet;18100;18279;Vierzon;;;2.121762;47.220613
18279_1250_00022;22;;Rue Eugène Pottier;18100;18279;Vierzon;;;2.099401;47.218731
18279_2070_00037;37;;Boulevard de la Liberté;18100;18279;Vierzon;;;2.064306;47.227388
18279_2155_00059_h;59;h;Avenue du 8 Mai 1945;18100;18279;Vierzon;;;2.079402;47.230814
18279_1825_00013;13;;Rue Jacques Brel;18100;18279;Vierzon;;;2.079211;47.200422
18279_2995_00027;27;;Rue Roland Champenier;18100;18279;Vierzon;;;2.069659;47.238891
18279_1128_00025;25;;Avenue Edouard Vaillant;18100;18279;Vierzon;;;2.06127;47.231202
18279_2040_00019;19;;Avenue Mal Philippe Leclerc de Ha;18100;18279;Vierzon;;;2.055859;47.208018
18279_2220_00024;24;;Rue du Maréchal Joffre;18100;18279;Vierzon;;;2.069062;47.22335
18279_2406_00016;16;;Impasse Mozart;18100;18279;Vierzon;;;2.078947;47.231076
18279_1194_00007;7;;Chemin de l’Etang du Verdin;18100;18279;Vierzon;;;2.041082;47.235249
18279_0440_00007;7;;Rue Blaise Pascal;18100;18279;Vierzon;;;2.075716;47.21739
18279_2405_00017;17;;Rue Mozart;18100;18279;Vierzon;;;2.078788;47.231957
18279_1730_00011;11;;Avenue Henri Brisson;18100;18279;Vierzon;;;2.06172;47.225889
18279_0395_00007;7;;Rue Henri Bergson;18100;18279;Vierzon;;;2.094782;47.224531
18279_0743_00018;18;;Rue Charlotte Delbo;18100;18279;Vierzon;;;2.08808;47.222448
18279_0260_00006;6;;Petite Rue Babeuf;18100;18279;Vierzon;;;2.045508;47.234425
18279_3202_00066;66;;Avenue de Verdun;18100;18279;Vierzon;;;2.07466;47.226278
18279_1840_00050_a;50;a;Rue Jean-baptiste Clément;18100;18279;Vierzon;;;2.071636;47.230507
18279_3271_00002_bis;2;bis;Route du Village d’En Haut;18100;18279;Vierzon;;;2.109879;47.230055
18279_0415_00012;12;;Rue Bernard Dumont;18100;18279;Vierzon;;;2.071697;47.208361
18279_2005_00024;24;;Rue Julian Grimau;18100;18279;Vierzon;;;2.085747;47.200901
18279_1405_00010;10;;Rue Gagarine;18100;18279;Vierzon;;;2.080462;47.223899
18279_3047_00125;125;;Rue Saint Exupéry;18100;18279;Vierzon;;;2.066622;47.198748
18279_0075_00020;20;;Rue Ambroise Croizat;18100;18279;Vierzon;;;2.069675;47.236562
18279_0389_00011;11;;Passage des Bergeries Est;18100;18279;Vierzon;;;2.051712;47.223996
18279_3180_00002;2;;Rue Van Craeynest;18100;18279;Vierzon;;;2.06464;47.209919
18279_2630_00020;20;;Rue du Péry;18100;18279;Vierzon;;;2.083711;47.225252
18279_2640_00020;20;;Route du Petit Râteau;18100;18279;Vierzon;;;2.097067;47.229735
18279_0626_00008;8;;Allée Camille Blanc;18100;18279;Vierzon;;;2.06841;47.238384
18279_0990_00118;118;;Rue Danielle Casanova;18100;18279;Vierzon;;;2.074217;47.212903
18279_0460_00001_bis;1;bis;Rue Blanqui;18100;18279;Vierzon;;;2.051174;47.228263
18279_0710_00011;11;;Rue du Champanet;18100;18279;Vierzon;;;2.063687;47.220199
18279_1712_00005;5;;Hameau de la Dumonerie;18100;18279;Vierzon;;;2.095757;47.219517
18279_1591_00016;16;;Chemin du Grand Orme;18100;18279;Vierzon;;;2.101718;47.231356
18279_0710_00020;20;;Rue du Champanet;18100;18279;Vierzon;;;2.063842;47.220309
18279_1480_00003;3;;Rue de la Gaucherie;18100;18279;Vierzon;;;2.06678;47.221682
18279_0195_00040;40;;Rue Arthur Rimbaud;18100;18279;Vierzon;;;2.083919;47.202428
18279_1870_00056;56;;Rue Jean Jacques Rousseau;18100;18279;Vierzon;;;2.080834;47.217107
18279_0310_00067;67;;Rue du Bas de Grange;18100;18279;Vierzon;;;2.05254;47.224489
18279_0866_00022;22;;Avenue du Colonel Manhes;18100;18279;Vierzon;;;2.079244;47.223377
18279_0712_00006;6;;Rue du Champ Commun;18100;18279;Vierzon;;;2.068158;47.219895
18279_0794_00015;15;;Chemin des Chavannes;18100;18279;Vierzon;;;2.046509;47.213881
18279_1950_00027_e;27;e;Avenue du Jonc;18100;18279;Vierzon;;;2.066508;47.211512
18279_1100_00001_bis;1;bis;Rue des Ecoles;18100;18279;Vierzon;;;2.062776;47.215488
18279_2950_00034;34;;Avenue de la République;18100;18279;Vierzon;;;2.065131;47.223413
18279_0440_00003;3;;Rue Blaise Pascal;18100;18279;Vierzon;;;2.07583;47.217706
18279_2605_00017;17;;Ruelle du Pavillon;18100;18279;Vierzon;;;2.070401;47.224764
18279_1870_00034;34;;Rue Jean Jacques Rousseau;18100;18279;Vierzon;;;2.075368;47.218146
18279_0120_00061;61;;Rue André Ribaud;18100;18279;Vierzon;;;2.068706;47.232627
18279_1320_00030;30;;Route de Foëcy;18100;18279;Vierzon;;;2.102849;47.209191
18279_1549_00004_a;4;a;Chemin de la Giraudiere;18100;18279;Vierzon;;;2.031545;47.233968
18279_0710_00030;30;;Rue du Champanet;18100;18279;Vierzon;;;2.063112;47.220318
18279_2155_00098;98;;Avenue du 8 Mai 1945;18100;18279;Vierzon;;;2.084309;47.23372
18279_a795_00001;1;;Résidence de la Poste;18100;18279;Vierzon;;;2.064054;47.22163
18279_0790_00013;13;;Rue du Château d'Eau;18100;18279;Vierzon;;;2.065951;47.20901
18279_2648_00031;31;;Chemin de la Petite Noue;18100;18279;Vierzon;;;2.065393;47.20389
18279_3047_00014;14;;Rue Saint Exupéry;18100;18279;Vierzon;;;2.068409;47.20552
18279_0080_00109;109;;Rue Anatole France;18100;18279;Vierzon;;;2.049674;47.222651
18279_2560_00021;21;;Rue Pasteur;18100;18279;Vierzon;;;2.086012;47.219819
18279_1370_00010;10;;Rue Fourier;18100;18279;Vierzon;;;2.059862;47.23004
18279_1050_00005;5;;Impasse Diderot;18100;18279;Vierzon;;;2.070583;47.217462
18279_0830_00016;16;;Rue Claude Bernard;18100;18279;Vierzon;;;2.076787;47.216707
18279_0088_00005_b;5;b;Impasse Andre de Chenier;18100;18279;Vierzon;;;2.073522;47.219052
18279_0890_00066;66;;Rue de la Convention;18100;18279;Vierzon;;;2.106005;47.220502
18279_2206_00010;10;;Rue Maryse Bastié;18100;18279;Vierzon;;;2.064297;47.20247
18279_lukrq1_00019;19;;Rue Rouget de Lisle;18100;18279;Vierzon;;;2.0461;47.232709
18279_1128_00068;68;;Avenue Edouard Vaillant;18100;18279;Vierzon;;;2.060843;47.234785
18279_1290_00175;175;;Rue Félix Pyat;18100;18279;Vierzon;;;2.094326;47.228277
18279_3160_00007;7;;Rue du Val Fleury;18100;18279;Vierzon;;;2.071017;47.212139
18279_0360_00020;20;;Rue de Bellevue;18100;18279;Vierzon;;;2.072231;47.208795
18279_2070_00043;43;;Boulevard de la Liberté;18100;18279;Vierzon;;;2.069472;47.226081
18279_2340_00008;8;;Rue Molière;18100;18279;Vierzon;;;2.066046;47.21976
18279_1870_00027;27;;Rue Jean Jacques Rousseau;18100;18279;Vierzon;;;2.071964;47.21861
18279_1230_00073_b;73;b;Rue Etienne Marcel;18100;18279;Vierzon;;;2.101563;47.217059
18279_0270_00016;16;;Rue Babeuf;18100;18279;Vierzon;;;2.045659;47.233749
18279_0866_00037;37;;Avenue du Colonel Manhes;18100;18279;Vierzon;;;2.083535;47.22402
18279_0387_00004;4;;Passage des Bergeries;18100;18279;Vierzon;;;2.050696;47.224784
18279_0150_00007;7;;Place Aristide Briand;18100;18279;Vierzon;;;2.067461;47.221913
18279_1450_00018;18;;Rue Gambon;18100;18279;Vierzon;;;2.073157;47.227077
18279_2190_00015;15;;Rue Marcel Perrin;18100;18279;Vierzon;;;2.071114;47.224889
18279_2688_00024;24;;Rue Pierre Brossolette;18100;18279;Vierzon;;;2.076234;47.20542
18279_0120_00125;125;;Rue André Ribaud;18100;18279;Vierzon;;;2.074711;47.23584
18279_3087_00012;12;;Rue de Stalingrad;18100;18279;Vierzon;;;2.081419;47.232112
18279_2595_00006;6;;Rue Paul Verlaine;18100;18279;Vierzon;;;2.065081;47.239404
18279_2795_00034;34;;Rue des Ponts;18100;18279;Vierzon;;;2.066903;47.219608
18279_2950_00027_a;27;a;Avenue de la République;18100;18279;Vierzon;;;2.065538;47.22313
18279_0075_00002;2;;Rue Ambroise Croizat;18100;18279;Vierzon;;;2.070191;47.235232
18279_1230_00089;89;;Rue Etienne Marcel;18100;18279;Vierzon;;;2.10275;47.216635
18279_3137_00016;16;;Rue du Travail;18100;18279;Vierzon;;;2.043358;47.232264
18279_2700_00007;7;;Rue Pierre Curie;18100;18279;Vierzon;;;2.056914;47.217338
18279_2030_00011;11;;Rue Lavoisier;18100;18279;Vierzon;;;2.067595;47.227321
18279_2058_00001;1;;Rue Léo Mérigot;18100;18279;Vierzon;;;2.048996;47.230056
18279_0714_00028;28;;Rue du Champ du Four;18100;18279;Vierzon;;;2.080654;47.23476
18279_1128_00115;115;;Avenue Edouard Vaillant;18100;18279;Vierzon;;;2.060974;47.238852
18279_2390_00010;10;;Rue du Mouton;18100;18279;Vierzon;;;2.082029;47.23074
18279_0740_00063;63;;Rue Charles Hurvoy;18100;18279;Vierzon;;;2.065374;47.22859
18279_2630_00018;18;;Rue du Péry;18100;18279;Vierzon;;;2.083566;47.225318
18279_1538_00001;1;;Rue Georges Rousseau;18100;18279;Vierzon;;;2.057491;47.213732
18279_2155_00104;104;;Avenue du 8 Mai 1945;18100;18279;Vierzon;;;2.086045;47.235236
18279_0866_00029;29;;Avenue du Colonel Manhes;18100;18279;Vierzon;;;2.083019;47.223847
18279_2025_00081;81;;avenue maréchal jean de lattre de tassigny;18100;18279;Vierzon;;;2.077273;47.202675
18279_1840_00120;120;;Rue Jean-baptiste Clément;18100;18279;Vierzon;;;2.078042;47.233931
18279_2688_00008;8;;Rue Pierre Brossolette;18100;18279;Vierzon;;;2.076717;47.204982
18279_1230_00069_bis;69;bis;Rue Etienne Marcel;18100;18279;Vierzon;;;2.101394;47.217116
18279_0963_00003;3;;Route de la Croix;18100;18279;Vierzon;;;2.099514;47.2287
18279_1730_00014;14;;Avenue Henri Brisson;18100;18279;Vierzon;;;2.061399;47.225883
18279_0542_00038;38;;Rue du Bourdoiseau;18100;18279;Vierzon;;;2.06277;47.233221
18279_0710_00008;8;;Rue du Champanet;18100;18279;Vierzon;;;2.064707;47.220349
18279_1877_00053;53;;Avenue Jean Jaurès;18100;18279;Vierzon;;;2.043921;47.231132
18279_2200_00028;28;;Rue Marcel Sembat;18100;18279;Vierzon;;;2.051766;47.228759
18279_2870_00062_ter;62;ter;Route de Puits Berteau;18100;18279;Vierzon;;;2.076745;47.236035
18279_0110_00034;34;;Rue André Hènault;18100;18279;Vierzon;;;2.060573;47.215371
18279_2610_00027_b;27;b;Chemin des Pelles;18100;18279;Vierzon;;;2.042724;47.223449
18279_0417_00017;17;;Rue Berty Albrecht;18100;18279;Vierzon;;;2.056198;47.210851
18279_1194_00008;8;;Chemin de l’Etang du Verdin;18100;18279;Vierzon;;;2.041198;47.235326
18279_1720_00036;36;;Rue Henri Barbusse;18100;18279;Vierzon;;;2.064536;47.231381
18279_1640_00016_bis;16;bis;Rue du Grelet;18100;18279;Vierzon;;;2.049859;47.231685
18279_1915_00022;22;;Rue Jean Vilar;18100;18279;Vierzon;;;2.083114;47.200449
18279_2950_00001;1;;Avenue de la République;18100;18279;Vierzon;;;2.067629;47.222133
18279_2910_00029;29;;Avenue du 14 Juillet;18100;18279;Vierzon;;;2.06424;47.214122
18279_0978_00007;7;;Passage du Crot à Foulon;18100;18279;Vierzon;;;2.063317;47.230057
18279_2123_00015;15;;Square Louis Braille;18100;18279;Vierzon;;;2.088928;47.200943
18279_0395_00006;6;;Rue Henri Bergson;18100;18279;Vierzon;;;2.095087;47.224226
18279_b215_00028;28;;Petit Chemin de Bois Marteau;18100;18279;Vierzon;;;2.055101;47.240299
18279_3222_00004;4;;Impasse de Vieilfond;18100;18279;Vierzon;;;2.066118;47.239183
18279_3200_00001;1;;Rue du Verdin;18100;18279;Vierzon;;;2.041626;47.232187
18279_1536_00016;16;;Rue Georges Politzer;18100;18279;Vierzon;;;2.077673;47.203786
18279_0435_00042;42;;Rue de Bitterfeld;18100;18279;Vierzon;;;2.086717;47.201385
18279_2190_00029;29;;Rue Marcel Perrin;18100;18279;Vierzon;;;2.071123;47.225854
18279_0465_00019;19;;Route du Bois Blanc;18100;18279;Vierzon;;;2.113896;47.202308
18279_1510_00047_a;47;a;Grande Rue de la Genette;18100;18279;Vierzon;;;2.054617;47.216346
18279_1170_00028;28;;Rue des Epinettes;18100;18279;Vierzon;;;2.06953;47.226195
18279_0400_00019_bis;19;bis;Rue des Berlurettes;18100;18279;Vierzon;;;2.062722;47.237174
18279_2648_00006;6;;Chemin de la Petite Noue;18100;18279;Vierzon;;;2.061419;47.204637
18279_671bao_00052;52;;avenue maréchal philippe leclerc de hauteclocque;18100;18279;Vierzon;;;2.052927;47.208691
18279_0190_00103;103;;Rue de l'Armistice;18100;18279;Vierzon;;;2.055419;47.216897
18279_0275_00015;15;;Rue Bara;18100;18279;Vierzon;;;2.045319;47.232953
18279_2770_00024;24;;Rue de la Plaisance;18100;18279;Vierzon;;;2.092722;47.2201
18279_0415_00010;10;;Rue Bernard Dumont;18100;18279;Vierzon;;;2.071759;47.208458
18279_3147_00010;10;;Rue de l'Unité;18100;18279;Vierzon;;;2.072834;47.235362
18279_1780_00007;7;;Passage de l’Hospice;18100;18279;Vierzon;;;2.05267;47.226405
18279_2485_00005;5;;Rue du 11 Novembre 1918;18100;18279;Vierzon;;;2.066441;47.221312
18279_2910_00064;64;;Avenue du 14 Juillet;18100;18279;Vierzon;;;2.06363;47.212152
18279_1110_00015;15;;Rue Edgar Quinet;18100;18279;Vierzon;;;2.066351;47.224037
18279_1128_00012;12;;Avenue Edouard Vaillant;18100;18279;Vierzon;;;2.061007;47.230606
18279_0075_00004;4;;Rue Ambroise Croizat;18100;18279;Vierzon;;;2.070066;47.235295
18279_2580_00003;3;;Rue Paul Doumer;18100;18279;Vierzon;;;2.057242;47.213161
18279_1128_00026;26;;Avenue Edouard Vaillant;18100;18279;Vierzon;;;2.060982;47.231141
18279_1980_00017;17;;Rue Jules Guesde;18100;18279;Vierzon;;;2.048036;47.227506
18279_1591_00022;22;;Chemin du Grand Orme;18100;18279;Vierzon;;;2.101017;47.231715
18279_1170_00018_b;18;b;Rue des Epinettes;18100;18279;Vierzon;;;2.068733;47.225571
18279_2030_00006;6;;Rue Lavoisier;18100;18279;Vierzon;;;2.06632;47.226206
18279_1128_00026_d;26;d;Avenue Edouard Vaillant;18100;18279;Vierzon;;;2.060982;47.231141
18279_2188_00025;25;;Rue Marcel Pagnol;18100;18279;Vierzon;;;2.075533;47.209601
18279_0350_00043;43;;Rue Beau Site;18100;18279;Vierzon;;;2.072327;47.210423
18279_2740_00006;6;;Avenue Pierre Sémard;18100;18279;Vierzon;;;2.061419;47.225012
18279_66j5mf_00026;26;;Chemin des Noues;18100;18279;Vierzon;;;2.048432;47.210678
18279_2058_00036;36;;Rue Léo Mérigot;18100;18279;Vierzon;;;2.051161;47.228842
18279_1230_00054;54;;Rue Etienne Marcel;18100;18279;Vierzon;;;2.098729;47.217652
18279_0140_00011_ter;11;ter;Rue Antonin Lerault;18100;18279;Vierzon;;;2.067014;47.215557
18279_0122_00006;6;;Impasse Andre Ribaud;18100;18279;Vierzon;;;2.069509;47.231481
18279_0963_00005;5;;Route de la Croix;18100;18279;Vierzon;;;2.098172;47.228367
18279_2058_00033;33;;Rue Léo Mérigot;18100;18279;Vierzon;;;2.05203;47.227672
18279_2040_00041;41;;Avenue Mal Philippe Leclerc de Ha;18100;18279;Vierzon;;;2.053532;47.20858
18279_1877_00006;6;;Avenue Jean Jaurès;18100;18279;Vierzon;;;2.048637;47.230282
18279_0495_00024;24;;Chemin des Grands Bois;18100;18279;Vierzon;;;2.052709;47.237668
18279_3133_00056;56;;Route de Tours;18100;18279;Vierzon;;;2.035026;47.235566
18279_0870_00005;5;;Rue Condorcet;18100;18279;Vierzon;;;2.072401;47.218198
18279_1100_00003_a;3;a;Rue des Ecoles;18100;18279;Vierzon;;;2.063006;47.215165
18279_3202_00003_a;3;a;Avenue de Verdun;18100;18279;Vierzon;;;2.071862;47.22454
18279_1950_00006;6;;Avenue du Jonc;18100;18279;Vierzon;;;2.063829;47.210479
18279_1870_00082;82;;Rue Jean Jacques Rousseau;18100;18279;Vierzon;;;2.084647;47.216181
18279_0978_00004_k;4;k;Passage du Crot à Foulon;18100;18279;Vierzon;;;2.063304;47.229763
18279_0uduo0_00010_bis;10;bis;Chemin du Jouffroy;18100;18279;Vierzon;;;2.106263;47.221869
18279_1290_00038;38;;Rue Félix Pyat;18100;18279;Vierzon;;;2.082882;47.228587
18279_2816_00059;59;;Passage du Pré d'Anet;18100;18279;Vierzon;;;2.080594;47.218578
18279_3202_00058;58;;Avenue de Verdun;18100;18279;Vierzon;;;2.074132;47.225857
18279_3210_00063_e;63;e;Rue Victor Hugo;18100;18279;Vierzon;;;2.064697;47.224113
18279_3084_00001;1;;Chemin du Stade Constant Duval;18100;18279;Vierzon;;;2.058654;47.239634
18279_2160_00002;2;;Rue Marat;18100;18279;Vierzon;;;2.072356;47.222761
18279_0310_00089;89;;Rue du Bas de Grange;18100;18279;Vierzon;;;2.047785;47.225389
18279_1320_00052;52;;Route de Foëcy;18100;18279;Vierzon;;;2.104818;47.208035
18279_2040_00023;23;;Avenue Mal Philippe Leclerc de Ha;18100;18279;Vierzon;;;2.05586;47.208932
18279_1060_00046;46;;Rue du Docteur Lobligeois;18100;18279;Vierzon;;;2.055142;47.217393
18279_0160_00033;33;;Rue Armand Bazile;18100;18279;Vierzon;;;2.073255;47.217082
18279_0100_00021;21;;Rue André Guillemain;18100;18279;Vierzon;;;2.081604;47.215576
18279_2155_00072;72;;Avenue du 8 Mai 1945;18100;18279;Vierzon;;;2.079477;47.230087
18279_3048_00051_a;51;a;Route de Saint Laurent;18100;18279;Vierzon;;;2.121571;47.220659
18279_0310_00016_v;16;v;Rue du Bas de Grange;18100;18279;Vierzon;;;2.054943;47.224497
18279_2155_00005;5;;Avenue du 8 Mai 1945;18100;18279;Vierzon;;;2.07573;47.227303
18279_1940_00018;18;;Rue Joliot Curie;18100;18279;Vierzon;;;2.073725;47.209311
18279_0980_00022_bis;22;bis;Rue du Crot à Foulon;18100;18279;Vierzon;;;2.063363;47.230595
18279_0395_00024;24;;Rue Henri Bergson;18100;18279;Vierzon;;;2.09403;47.224937
18279_1370_00013;13;;Rue Fourier;18100;18279;Vierzon;;;2.060012;47.230073
18279_0275_00025;25;;Rue Bara;18100;18279;Vierzon;;;2.044899;47.23382
18279_1990_00010;10;;Rue Jules Louis Breton;18100;18279;Vierzon;;;2.075047;47.22121
18279_3210_00006_ter;6;ter;Rue Victor Hugo;18100;18279;Vierzon;;;2.067334;47.223412
18279_2580_00005;5;;Rue Paul Doumer;18100;18279;Vierzon;;;2.057139;47.213174
18279_0370_00081_a;81;a;Route de Bellon;18100;18279;Vierzon;;;2.078233;47.21197
18279_3222_00024;24;;Impasse de Vieilfond;18100;18279;Vierzon;;;2.066649;47.241419
18279_3226_00009;9;;Route du Vieux Domaine;18100;18279;Vierzon;;;2.083362;47.214339
18279_1500_00038;38;;Rue Gay Lussac;18100;18279;Vierzon;;;2.080142;47.225839
18279_0980_00040;40;;Rue du Crot à Foulon;18100;18279;Vierzon;;;2.062188;47.231592
18279_1octnk_01635;1635;;Les Varennes;18100;18279;Vierzon;;;2.094861;47.216253
18279_3073_00023_b;23;b;Rue de la Société Française;18100;18279;Vierzon;;;2.058166;47.225597
18279_1834_00008;8;;Rue Jacques Richard;18100;18279;Vierzon;;;2.080315;47.200473
18279_2650_00043;43;;Rue de la Petite Noue;18100;18279;Vierzon;;;2.059471;47.205787
18279_1470_00024;24;;Rue Gaston Cornavin;18100;18279;Vierzon;;;2.087332;47.228773
18279_2340_00002;2;;Rue Molière;18100;18279;Vierzon;;;2.066325;47.220067
18279_2155_00059;59;;Avenue du 8 Mai 1945;18100;18279;Vierzon;;;2.079674;47.230394
18279_1406_00027;27;;Chemin de la Gaillardière;18100;18279;Vierzon;;;2.113094;47.227203
18279_1560_00004;4;;Rue Gourdon;18100;18279;Vierzon;;;2.068155;47.224213
18279_0025_00005;5;;Passage de l’Abricot;18100;18279;Vierzon;;;2.054543;47.220272
18279_5k08ny_00002;2;;Place Salvador Allende;18100;18279;Vierzon;;;2.085891;47.225902
18279_0030_00017;17;;Rue de l'Abricot;18100;18279;Vierzon;;;2.057065;47.220464
18279_3280_00039;39;;Rue de Villeneuve;18100;18279;Vierzon;;;2.071562;47.211092
18279_lukrq1_00008;8;;Rue Rouget de Lisle;18100;18279;Vierzon;;;2.046564;47.232864
18279_1128_00136;136;;Avenue Edouard Vaillant;18100;18279;Vierzon;;;2.060625;47.24002
18279_1230_00013_bis;13;bis;Rue Etienne Marcel;18100;18279;Vierzon;;;2.09573;47.218191
18279_2560_00021;21;;Rue Pasteur;18100;18279;Vierzon;;;2.086152;47.219818
18279_0110_00011;11;;Rue André Hènault;18100;18279;Vierzon;;;2.063501;47.215615
18279_2080_00080;80;;Route de la Loeuf;18100;18279;Vierzon;;;2.031404;47.21539
18279_0310_00067_a;67;a;Rue du Bas de Grange;18100;18279;Vierzon;;;2.052528;47.224588
18279_1830_00012;12;;Rue Jacques Decour;18100;18279;Vierzon;;;2.089027;47.229578
18279_1550_00010;10;;Petit Chemin de la Giraudiere;18100;18279;Vierzon;;;2.030572;47.236964
18279_1020_00026;26;;Rue Descartes;18100;18279;Vierzon;;;2.080047;47.215607
18279_0482_00017;17;;Rue du Bois d'Yèvre;18100;18279;Vierzon;;;2.069667;47.218175
18279_0370_00043;43;;Route de Bellon;18100;18279;Vierzon;;;2.07402;47.213383
18279_3280_00075;75;;Rue de Villeneuve;18100;18279;Vierzon;;;2.070319;47.208946
18279_3110_00026;26;;Rue des Terres Mortes;18100;18279;Vierzon;;;2.056489;47.20696
18279_2340_00017;17;;Rue Molière;18100;18279;Vierzon;;;2.065005;47.218876
18279_0890_00083;83;;Rue de la Convention;18100;18279;Vierzon;;;2.107153;47.221511
18279_2410_00021;21;;Boulevard de la Nation;18100;18279;Vierzon;;;2.058497;47.215074
18279_2335_00003;3;;Rue Miranda de Ebro;18100;18279;Vierzon;;;2.06572;47.218365
18279_1980_00016;16;;Rue Jules Guesde;18100;18279;Vierzon;;;2.048785;47.227516
18279_1362_00008;8;;Chemin des Fougeres;18100;18279;Vierzon;;;2.030666;47.239951
18279_3130_00006;6;;Rue Théodore Roosevelt;18100;18279;Vierzon;;;2.068331;47.223694
18279_0420_00062;62;;Rue de la Bidauderie;18100;18279;Vierzon;;;2.083829;47.237601
18279_2648_00007;7;;Chemin de la Petite Noue;18100;18279;Vierzon;;;2.061969;47.204581
18279_2870_00055;55;;Route de Puits Berteau;18100;18279;Vierzon;;;2.075439;47.236418
18279_0545_00003;3;;Route de Bourges;18100;18279;Vierzon;;;2.108373;47.215513
18279_3251_00017;17;;Rue du Village Aubry;18100;18279;Vierzon;;;2.099937;47.218094
18279_2930_00022;22;;Rue Raspail;18100;18279;Vierzon;;;2.079244;47.222601
18279_0290_00101;101;;Rue Barbès;18100;18279;Vierzon;;;2.058437;47.23723
18279_2290_00036;36;;Rue des Meunières;18100;18279;Vierzon;;;2.053785;47.234818
18279_1370_00006;6;;Rue Fourier;18100;18279;Vierzon;;;2.060134;47.229924
18279_0972_00010;10;;Rue de la Croix Moreau;18100;18279;Vierzon;;;2.043516;47.225524
18279_1240_00068;68;;Rue Etienne Nivet;18100;18279;Vierzon;;;2.085015;47.221326
18279_59t98n_00001;1;;Rue Xavier de Maistre;18100;18279;Vierzon;;;2.055057;47.213969
18279_0550_00005;5;;Rue du Bourgneuf;18100;18279;Vierzon;;;2.064369;47.21581
18279_0866_00031;31;;Avenue du Colonel Manhes;18100;18279;Vierzon;;;2.08312;47.223881
18279_2085_00041;41;;Rue des Lilas;18100;18279;Vierzon;;;2.055782;47.233936
18279_2155_00082;82;;Avenue du 8 Mai 1945;18100;18279;Vierzon;;;2.080727;47.231024
18279_0400_00016;16;;Rue des Berlurettes;18100;18279;Vierzon;;;2.063515;47.236181
18279_2125_00030;30;;Rue Louise Michel;18100;18279;Vierzon;;;2.07116;47.236723
18279_1700_00036;36;;Rue Gustave Flourens;18100;18279;Vierzon;;;2.054856;47.23135
18279_2460_00004;4;;Rue Nicolas Boileau;18100;18279;Vierzon;;;2.07081;47.221364
18279_3210_00020;20;;Rue Victor Hugo;18100;18279;Vierzon;;;2.066374;47.223226
18279_66j5mf_00046;46;;Chemin des Noues;18100;18279;Vierzon;;;2.04504;47.210957
18279_0100_00030;30;;Rue André Guillemain;18100;18279;Vierzon;;;2.081465;47.215538
18279_2610_00032;32;;Chemin des Pelles;18100;18279;Vierzon;;;2.04223;47.223554
18279_2220_00048;48;;Rue du Maréchal Joffre;18100;18279;Vierzon;;;2.070082;47.223046
18279_2800_00011;11;;Rue Porte aux Boeufs;18100;18279;Vierzon;;;2.071251;47.22366
18279_1362_00002;2;;Chemin des Fougeres;18100;18279;Vierzon;;;2.030991;47.239411
18279_2070_00012_a;12;a;Boulevard de la Liberté;18100;18279;Vierzon;;;2.067281;47.226507
18279_1250_00119;119;;Rue Eugène Pottier;18100;18279;Vierzon;;;2.097328;47.227809
18279_1895_00011;11;;Rue Jean Moulin;18100;18279;Vierzon;;;2.063508;47.234481
18279_2040_00046;46;;Avenue Mal Philippe Leclerc de Ha;18100;18279;Vierzon;;;2.053483;47.20929
18279_66j5mf_00064;64;;Chemin des Noues;18100;18279;Vierzon;;;2.042808;47.21152
18279_1300_00057;57;;Rue Fernand Léger;18100;18279;Vierzon;;;2.086721;47.228732
18279_3310_00003;3;;Quai d'Yèvre;18100;18279;Vierzon;;;2.064603;47.219487
18279_a070_00043;43;;Residence des Bruyeres;18100;18279;Vierzon;;;2.065982;47.205392
18279_0512_00004;4;;Route de Bonègue;18100;18279;Vierzon;;;2.071879;47.237664
18279_0290_00047_a;47;a;Rue Barbès;18100;18279;Vierzon;;;2.054305;47.235903
18279_0512_00009;9;;Route de Bonègue;18100;18279;Vierzon;;;2.071535;47.23786
18279_1450_00026;26;;Rue Gambon;18100;18279;Vierzon;;;2.073989;47.227029
18279_1210_00015;15;;Rue Etienne Desroches;18100;18279;Vierzon;;;2.101239;47.221015
18279_1720_00003;3;;Rue Henri Barbusse;18100;18279;Vierzon;;;2.06376;47.229632
18279_3133_00063;63;;Route de Tours;18100;18279;Vierzon;;;2.03519;47.235333
18279_2850_00013_a;13;a;Rue Proudhon;18100;18279;Vierzon;;;2.048649;47.231738
18279_0370_00037;37;;Route de Bellon;18100;18279;Vierzon;;;2.073448;47.21353
18279_1250_00025;25;;Rue Eugène Pottier;18100;18279;Vierzon;;;2.09958;47.220402
18279_3280_00088;88;;Rue de Villeneuve;18100;18279;Vierzon;;;2.069387;47.207984
18279_lukrq1_00019_bis;19;bis;Rue Rouget de Lisle;18100;18279;Vierzon;;;2.045889;47.232672
18279_1145_00014;14;;Rue Emile Accolas;18100;18279;Vierzon;;;2.063143;47.231729
18279_0842_00001;1;;Chemin du Cloître;18100;18279;Vierzon;;;2.032676;47.225667
18279_3180_00025;25;;Rue Van Craeynest;18100;18279;Vierzon;;;2.064634;47.208967
18279_3135_00017;17;;Rue des Tramways de l'Indre;18100;18279;Vierzon;;;2.058975;47.214001
18279_1510_00022;22;;Grande Rue de la Genette;18100;18279;Vierzon;;;2.057522;47.216341
18279_1720_00029;29;;Rue Henri Barbusse;18100;18279;Vierzon;;;2.064495;47.231516
18279_0120_00069;69;;Rue André Ribaud;18100;18279;Vierzon;;;2.069439;47.23321
18279_0100_00018;18;;Rue André Guillemain;18100;18279;Vierzon;;;2.081829;47.216249
18279_3076_00029;29;;Route des Souchènes;18100;18279;Vierzon;;;2.02846;47.214587
18279_3269_00017;17;;Chemin du Village d’En Haut;18100;18279;Vierzon;;;2.12558;47.240966
18279_0042_00016;16;;Chemin des Ajoncs;18100;18279;Vierzon;;;2.081211;47.238211
18279_0270_00001;1;;Rue Babeuf;18100;18279;Vierzon;;;2.047508;47.234132
18279_2188_00028;28;;Rue Marcel Pagnol;18100;18279;Vierzon;;;2.075143;47.21023
18279_0435_00028;28;;Rue de Bitterfeld;18100;18279;Vierzon;;;2.08562;47.201978
18279_1520_00029;29;;Rue George Sand;18100;18279;Vierzon;;;2.066674;47.228042
18279_2055_00016;16;;Rue Lénine;18100;18279;Vierzon;;;2.063907;47.233364
18279_2620_00063;63;;Rue des Pentecotes;18100;18279;Vierzon;;;2.058391;47.229717
18279_3076_00028_ter;28;ter;Route des Souchènes;18100;18279;Vierzon;;;2.028834;47.214976
18279_0080_00057;57;;Rue Anatole France;18100;18279;Vierzon;;;2.055466;47.221804
18279_2740_00003;3;;Avenue Pierre Sémard;18100;18279;Vierzon;;;2.061279;47.225327
18279_1128_00049_ter;49;ter;Avenue Edouard Vaillant;18100;18279;Vierzon;;;2.061199;47.233042
18279_1020_00034;34;;Rue Descartes;18100;18279;Vierzon;;;2.079658;47.214857
18279_nfr6x0_00005;5;;le Bâtonnet;18100;18279;Vierzon;;;2.070611;47.245214
18279_0963_00010;10;;Route de la Croix;18100;18279;Vierzon;;;2.098323;47.228295
18279_0460_00011_bis;11;bis;Rue Blanqui;18100;18279;Vierzon;;;2.049996;47.226993
18279_0817_00013;13;;Chemin du Chevry;18100;18279;Vierzon;;;2.117345;47.215413
18279_2650_00018;18;;Rue de la Petite Noue;18100;18279;Vierzon;;;2.059034;47.206552
18279_0800_00035_a;35;a;Quai du Cher;18100;18279;Vierzon;;;2.062346;47.216535
18279_0715_00010;10;;Chemin du Champ des Renards;18100;18279;Vierzon;;;2.093727;47.22719
18279_1150_00038;38;;Rue Emile Bouleau;18100;18279;Vierzon;;;2.068101;47.218178
18279_0350_00028;28;;Rue Beau Site;18100;18279;Vierzon;;;2.072266;47.211458
18279_a140_00011;11;;Résidence des Coumelins;18100;18279;Vierzon;;;2.100166;47.222071
18279_3147_00033;33;;Rue de l'Unité;18100;18279;Vierzon;;;2.072447;47.23646
18279_1440_00034;34;;Rue Gambetta;18100;18279;Vierzon;;;2.098774;47.219118
18279_2330_00045;45;;Rue Mirabeau;18100;18279;Vierzon;;;2.053289;47.210422
18279_2750_00001;1;;Rue des Pillots;18100;18279;Vierzon;;;2.056695;47.213914
18279_2105_00001_b;1;b;Petite Rue des Longueraies;18100;18279;Vierzon;;;2.058596;47.235886
18279_2330_00033;33;;Rue Mirabeau;18100;18279;Vierzon;;;2.054259;47.211072
18279_0370_00096_d;96;d;Route de Bellon;18100;18279;Vierzon;;;2.079537;47.209122
18279_0060_00009;9;;Rue Alphonse Daudet;18100;18279;Vierzon;;;2.078028;47.215394
18279_0290_00078;78;;Rue Barbès;18100;18279;Vierzon;;;2.059313;47.237215
18279_2910_00077;77;;Avenue du 14 Juillet;18100;18279;Vierzon;;;2.063447;47.212196
18279_0845_00008;8;;Impasse du Clos du Roy;18100;18279;Vierzon;;;2.073941;47.222007
18279_1285_00017;17;;Rue Federico Garcia Lorca;18100;18279;Vierzon;;;2.085893;47.199246
18279_2260_00044;44;;Route de Méreau;18100;18279;Vierzon;;;2.061249;47.206733
18279_2594_00019;19;;Rue Paul Valery;18100;18279;Vierzon;;;2.067886;47.208594
18279_0972_00050;50;;Rue de la Croix Moreau;18100;18279;Vierzon;;;2.035462;47.226987
18279_3055_00020;20;;Chemin de Saint Priest;18100;18279;Vierzon;;;2.034648;47.234864
18279_2155_00001;1;;Avenue du 8 Mai 1945;18100;18279;Vierzon;;;2.07542;47.227055
18279_1810_00002_bis;2;bis;Rue de l'Ile du Cher;18100;18279;Vierzon;;;2.065351;47.216824
18279_3060_00025_c;25;c;Rue du Sergent Bobillot;18100;18279;Vierzon;;;2.046672;47.22797
18279_3052_00008;8;;Route de Saint Lazare;18100;18279;Vierzon;;;2.097482;47.208809
18279_2290_00032;32;;Rue des Meunières;18100;18279;Vierzon;;;2.054499;47.234612
18279_0370_00001;1;;Route de Bellon;18100;18279;Vierzon;;;2.069277;47.214302
18279_2910_00007;7;;Avenue du 14 Juillet;18100;18279;Vierzon;;;2.064851;47.215822
18279_1735_00011;11;;Rue Henri Martin;18100;18279;Vierzon;;;2.079928;47.216668
18279_0160_00084;84;;Rue Armand Bazile;18100;18279;Vierzon;;;2.081693;47.214809
18279_1720_00083;83;;Rue Henri Barbusse;18100;18279;Vierzon;;;2.065793;47.23845
18279_0273_00008;8;;Rue Baptiste Marcet;18100;18279;Vierzon;;;2.058719;47.238467
18279_1732_00044;44;;Square Henriette Dumuin;18100;18279;Vierzon;;;2.079076;47.202013
18279_2590_00003;3;;Rue Paul Lafargue;18100;18279;Vierzon;;;2.071213;47.222145
18279_a150_00004;4;;Residence les Dumaines;18100;18279;Vierzon;;;2.093374;47.219909
18279_a300_00001;1;;Residence les Moulins Verts;18100;18279;Vierzon;;;2.062889;47.22994
18279_2210_00018;18;;Place du Maréchal Foch;18100;18279;Vierzon;;;2.067758;47.223148
18279_2210_00005_bis;5;bis;Place du Maréchal Foch;18100;18279;Vierzon;;;2.067829;47.222774
18279_1905_00040;40;;Rue Jean Picot;18100;18279;Vierzon;;;2.075592;47.211306
18279_0370_00042;42;;Route de Bellon;18100;18279;Vierzon;;;2.075077;47.212639
18279_2770_00007;7;;Rue de la Plaisance;18100;18279;Vierzon;;;2.09073;47.219961
18279_0082_00040;40;;Petite Rue Anatole France;18100;18279;Vierzon;;;2.048827;47.22203
18279_2688_00017;17;;Rue Pierre Brossolette;18100;18279;Vierzon;;;2.07711;47.204347
18279_1825_00049;49;;Rue Jacques Brel;18100;18279;Vierzon;;;2.083449;47.199129
18279_3305_00003_b;3;b;Rue de Wittelsheim;18100;18279;Vierzon;;;2.072114;47.223421
18279_1230_00125_bis;125;bis;Rue Etienne Marcel;18100;18279;Vierzon;;;2.107029;47.215714
18279_0120_00063;63;;Rue André Ribaud;18100;18279;Vierzon;;;2.068816;47.232726
18279_2070_00025;25;;Boulevard de la Liberté;18100;18279;Vierzon;;;2.066124;47.22697
18279_2058_00017;17;;Rue Léo Mérigot;18100;18279;Vierzon;;;2.050115;47.229546
18279_2605_00019;19;;Ruelle du Pavillon;18100;18279;Vierzon;;;2.070415;47.224827
18279_2583_00001_a;1;a;Rue Paul Eluard;18100;18279;Vierzon;;;2.0822;47.20221
18279_2714_00019;19;;Allée Pierre de Coubertin;18100;18279;Vierzon;;;2.077091;47.208877
18279_2770_00087;87;;Rue de la Plaisance;18100;18279;Vierzon;;;2.098177;47.221589
18279_0790_00003;3;;Rue du Château d'Eau;18100;18279;Vierzon;;;2.066236;47.209714
18279_2850_00037_a;37;a;Rue Proudhon;18100;18279;Vierzon;;;2.04806;47.233787
18279_1560_00046;46;;Rue Gourdon;18100;18279;Vierzon;;;2.063215;47.224728
18279_0990_00104;104;;Rue Danielle Casanova;18100;18279;Vierzon;;;2.07373;47.21209
18279_0042_00018;18;;Chemin des Ajoncs;18100;18279;Vierzon;;;2.081007;47.238685
18279_2155_00062;62;;Avenue du 8 Mai 1945;18100;18279;Vierzon;;;2.078562;47.229366
18279_0435_00059;59;;Rue de Bitterfeld;18100;18279;Vierzon;;;2.087688;47.20099
18279_0890_00171;171;;Rue de la Convention;18100;18279;Vierzon;;;2.109831;47.227018
18279_0160_00080;80;;Rue Armand Bazile;18100;18279;Vierzon;;;2.081324;47.214915
18279_0095_00019;19;;Rue André Gide;18100;18279;Vierzon;;;2.095559;47.224188
18279_2870_00141;141;;Route de Puits Berteau;18100;18279;Vierzon;;;2.06691;47.238416
18279_1990_00016;16;;Rue Jules Louis Breton;18100;18279;Vierzon;;;2.075478;47.221195
18279_1308_00014;14;;Impasse des Feuillures;18100;18279;Vierzon;;;2.065166;47.211026
18279_0075_00001;1;;Rue Ambroise Croizat;18100;18279;Vierzon;;;2.070467;47.235021
18279_2000_00012;12;;Rue Jules Vallès;18100;18279;Vierzon;;;2.065085;47.21941
18279_2648_00034;34;;Chemin de la Petite Noue;18100;18279;Vierzon;;;2.064942;47.203727
18279_1536_00026;26;;Rue Georges Politzer;18100;18279;Vierzon;;;2.07746;47.203654
18279_1240_00020;20;;Rue Etienne Nivet;18100;18279;Vierzon;;;2.078955;47.221601
18279_0420_00035;35;;Rue de la Bidauderie;18100;18279;Vierzon;;;2.082598;47.23694
18279_1230_00085;85;;Rue Etienne Marcel;18100;18279;Vierzon;;;2.102089;47.216879
18279_le1ny7_00012;12;;Rue Jeanne Labourbe;18100;18279;Vierzon;;;2.061027;47.232014
18279_2309_00018;18;;Chemin des Millards;18100;18279;Vierzon;;;2.102011;47.232744
18279_2070_00045;45;;Boulevard de la Liberté;18100;18279;Vierzon;;;2.069472;47.226081
18279_1155_00045;45;;Rue Emile Desforges;18100;18279;Vierzon;;;2.084857;47.228837
18279_0963_00045;45;;Route de la Croix;18100;18279;Vierzon;;;2.10815;47.22934
18279_1980_00027_bis;27;bis;Rue Jules Guesde;18100;18279;Vierzon;;;2.046819;47.227791
18279_1320_00049;49;;Route de Foëcy;18100;18279;Vierzon;;;2.105971;47.207496
18279_2485_00022;22;;Rue du 11 Novembre 1918;18100;18279;Vierzon;;;2.064177;47.221804
18279_1506_00002;2;;Rue du Général de Gaulle;18100;18279;Vierzon;;;2.064129;47.221261
18279_0088_00003_b;3;b;Impasse Andre de Chenier;18100;18279;Vierzon;;;2.073601;47.219001
18279_0890_00073;73;;Rue de la Convention;18100;18279;Vierzon;;;2.106749;47.221064
18279_0080_00111;111;;Rue Anatole France;18100;18279;Vierzon;;;2.049472;47.222696
18279_0310_00109;109;;Rue du Bas de Grange;18100;18279;Vierzon;;;2.045182;47.225372
18279_3160_00077;77;;Rue du Val Fleury;18100;18279;Vierzon;;;2.068412;47.207525
18279_2270_00006;6;;Rue Meunier;18100;18279;Vierzon;;;2.045597;47.230062
18279_2125_00024;24;;Rue Louise Michel;18100;18279;Vierzon;;;2.071019;47.236364
18279_3055_00061;61;;Chemin de Saint Priest;18100;18279;Vierzon;;;2.033785;47.234361
18279_0482_00031;31;;Rue du Bois d'Yèvre;18100;18279;Vierzon;;;2.069438;47.217529
18279_0195_00044;44;;Rue Arthur Rimbaud;18100;18279;Vierzon;;;2.084116;47.202676
18279_0545_00068;68;;Route de Bourges;18100;18279;Vierzon;;;2.126195;47.213712
18279_0160_00074;74;;Rue Armand Bazile;18100;18279;Vierzon;;;2.08021;47.215217
18279_3202_00003;3;;Avenue de Verdun;18100;18279;Vierzon;;;2.071953;47.224617
18279_0290_00059;59;;Rue Barbès;18100;18279;Vierzon;;;2.055499;47.235521
18279_2800_00001_bis;1;bis;Rue Porte aux Boeufs;18100;18279;Vierzon;;;2.070773;47.223073
18279_2080_00141;141;;Route de la Loeuf;18100;18279;Vierzon;;;2.031579;47.208121
18279_0495_00004;4;;Chemin des Grands Bois;18100;18279;Vierzon;;;2.051505;47.236385
18279_3060_00023_f;23;f;Rue du Sergent Bobillot;18100;18279;Vierzon;;;2.047243;47.228241
18279_2260_00055;55;;Route de Méreau;18100;18279;Vierzon;;;2.060785;47.205253
18279_1950_00029_bis;29;bis;Avenue du Jonc;18100;18279;Vierzon;;;2.066363;47.210677
18279_1905_00090;90;;Rue Jean Picot;18100;18279;Vierzon;;;2.074532;47.211606
18279_2770_00001;1;;Rue de la Plaisance;18100;18279;Vierzon;;;2.090103;47.21993
18279_1605_00022_bis;22;bis;Chemin des Gdes Noues Fontaines;18100;18279;Vierzon;;;2.044569;47.20809
18279_0712_00005;5;;Rue du Champ Commun;18100;18279;Vierzon;;;2.067995;47.220074
18279_0270_00032_bis;32;bis;Rue Babeuf;18100;18279;Vierzon;;;2.044061;47.233447
18279_0310_00020;20;;Rue du Bas de Grange;18100;18279;Vierzon;;;2.054445;47.224668
18279_1240_00030;30;;Rue Etienne Nivet;18100;18279;Vierzon;;;2.080249;47.221505
18279_1460_00011;11;;Rue Garibaldi;18100;18279;Vierzon;;;2.059029;47.22222
18279_2335_00005_c;5;c;Rue Miranda de Ebro;18100;18279;Vierzon;;;2.065521;47.218373
18279_1230_00034;34;;Rue Etienne Marcel;18100;18279;Vierzon;;;2.096988;47.217881
18279_0545_00066;66;;Route de Bourges;18100;18279;Vierzon;;;2.125662;47.213765
18279_1330_00002;2;;Impasse des Fontaines;18100;18279;Vierzon;;;2.064813;47.214491
18279_3047_00068;68;;Rue Saint Exupéry;18100;18279;Vierzon;;;2.067182;47.201221
18279_0497_00048;48;;Chemin de Bois Marteau;18100;18279;Vierzon;;;2.050681;47.242261
18279_0512_00016;16;;Route de Bonègue;18100;18279;Vierzon;;;2.072682;47.239118
18279_0495_00022;22;;Chemin des Grands Bois;18100;18279;Vierzon;;;2.052727;47.237536
18279_0080_00028;28;;Rue Anatole France;18100;18279;Vierzon;;;2.058197;47.221309
18279_0080_00054;54;;Rue Anatole France;18100;18279;Vierzon;;;2.055883;47.221804
18279_2750_00041;41;;Rue des Pillots;18100;18279;Vierzon;;;2.050866;47.213916
18279_0370_00061;61;;Route de Bellon;18100;18279;Vierzon;;;2.075927;47.212865
18279_2300_00005;5;;Rue Michelet;18100;18279;Vierzon;;;2.073369;47.217837
18279_0350_00027;27;;Rue Beau Site;18100;18279;Vierzon;;;2.072771;47.211514
18279_671bao_00013;13;;avenue maréchal philippe leclerc de hauteclocque;18100;18279;Vierzon;;;2.057365;47.209166
18279_0790_00007;7;;Rue du Château d'Eau;18100;18279;Vierzon;;;2.066052;47.209432
18279_2930_00043_bis;43;bis;Rue Raspail;18100;18279;Vierzon;;;2.077626;47.222829
18279_1536_00010;10;;Rue Georges Politzer;18100;18279;Vierzon;;;2.078022;47.204089
18279_2430_00009;9;;Rue Urbain Nègre;18100;18279;Vierzon;;;2.079908;47.226984
18279_0280_00009;9;;Impasse Barbes;18100;18279;Vierzon;;;2.053607;47.234116
18279_1290_00013;13;;Rue Félix Pyat;18100;18279;Vierzon;;;2.08099;47.230208
18279_1200_00021;21;;Rue de l'Etape;18100;18279;Vierzon;;;2.069825;47.222538
18279_1626_00009;9;;Chemin de la Gratouille;18100;18279;Vierzon;;;2.046129;47.236759
18279_3202_00022;22;;Avenue de Verdun;18100;18279;Vierzon;;;2.07302;47.224976
18279_2735_00003;3;;Rue Pierre Ferdonnet;18100;18279;Vierzon;;;2.08981;47.227778
18279_1500_00041;41;;Rue Gay Lussac;18100;18279;Vierzon;;;2.080913;47.226326
18279_3147_00030;30;;Rue de l'Unité;18100;18279;Vierzon;;;2.072572;47.236547
18279_1520_00028_a;28;a;Rue George Sand;18100;18279;Vierzon;;;2.066657;47.227454
18279_0120_00067;67;;Rue André Ribaud;18100;18279;Vierzon;;;2.06907;47.232943
18279_3133_00087_bis;87;bis;Route de Tours;18100;18279;Vierzon;;;2.030695;47.238008
18279_1480_00046;46;;Rue de la Gaucherie;18100;18279;Vierzon;;;2.063831;47.223357
18279_2850_00002;2;;Rue Proudhon;18100;18279;Vierzon;;;2.049233;47.230603
18279_1320_00011;11;;Route de Foëcy;18100;18279;Vierzon;;;2.101683;47.211241
18279_0460_00015;15;;Rue Blanqui;18100;18279;Vierzon;;;2.049709;47.226775
18279_3073_00038;38;;Rue de la Société Française;18100;18279;Vierzon;;;2.055292;47.226871
18279_0043_00001;1;;Place Aimé Cesaire;18100;18279;Vierzon;;;2.067309;47.221414
18279_2085_00008;8;;Rue des Lilas;18100;18279;Vierzon;;;2.055704;47.232612
18279_0890_00027_bis;27;bis;Rue de la Convention;18100;18279;Vierzon;;;2.102219;47.219015
18279_66j5mf_00043;43;;Chemin des Noues;18100;18279;Vierzon;;;2.042222;47.211321
18279_1780_00005_bis;5;bis;Passage de l’Hospice;18100;18279;Vierzon;;;2.052704;47.226497
18279_3285_00021;21;;Rue Vincent Auriol;18100;18279;Vierzon;;;2.087404;47.199782
18279_2850_00042;42;;Rue Proudhon;18100;18279;Vierzon;;;2.047942;47.23373
18279_0800_00031_c;31;c;Quai du Cher;18100;18279;Vierzon;;;2.062488;47.216345
18279_3210_00027;27;;Rue Victor Hugo;18100;18279;Vierzon;;;2.066315;47.223311
18279_2795_00077;77;;Rue des Ponts;18100;18279;Vierzon;;;2.065405;47.216998
18279_0715_00021;21;;Chemin du Champ des Renards;18100;18279;Vierzon;;;2.093628;47.226783
18279_0140_00016_a;16;a;Rue Antonin Lerault;18100;18279;Vierzon;;;2.068484;47.215231
18279_2945_00013;13;;Rue de Rendsburg;18100;18279;Vierzon;;;2.085967;47.200445
18279_2300_00012;12;;Rue Michelet;18100;18279;Vierzon;;;2.073387;47.217677
18279_0085_00003;3;;Imp Ancienne Cite de la Verrerie;18100;18279;Vierzon;;;2.10095;47.210505
18279_2870_00182;182;;Route de Puits Berteau;18100;18279;Vierzon;;;2.063185;47.239642
18279_2211_00013;13;;rue du maréchal foch;18100;18279;Vierzon;;;2.068031;47.223127
18279_0587_00001;1;;Allée Camille Claudel;18100;18279;Vierzon;;;2.081376;47.232888
18279_1500_00019;19;;Rue Gay Lussac;18100;18279;Vierzon;;;2.077113;47.224254
18279_2025_00069;69;;avenue maréchal jean de lattre de tassigny;18100;18279;Vierzon;;;2.076099;47.203239
18279_2472_00062;62;;Route des Noues;18100;18279;Vierzon;;;2.043252;47.211443
18279_1980_00013;13;;Rue Jules Guesde;18100;18279;Vierzon;;;2.049105;47.227587
18279_0210_00010;10;;Rue des Ateliers;18100;18279;Vierzon;;;2.05402;47.230781
18279_1510_00012;12;;Grande Rue de la Genette;18100;18279;Vierzon;;;2.058484;47.216317
18279_0275_00005;5;;Rue Bara;18100;18279;Vierzon;;;2.045541;47.232136
18279_1250_00096;96;;Rue Eugène Pottier;18100;18279;Vierzon;;;2.098654;47.224079
18279_3210_00003;3;;Rue Victor Hugo;18100;18279;Vierzon;;;2.067933;47.223411
18279_0866_00047;47;;Avenue du Colonel Manhes;18100;18279;Vierzon;;;2.084152;47.224188
18279_2688_00046;46;;Rue Pierre Brossolette;18100;18279;Vierzon;;;2.074962;47.204578
18279_2335_00005_a;5;a;Rue Miranda de Ebro;18100;18279;Vierzon;;;2.065631;47.218337
18279_0020_00026;26;;Chemin de l’Abricot;18100;18279;Vierzon;;;2.050617;47.219003
18279_2290_00039;39;;Rue des Meunières;18100;18279;Vierzon;;;2.054005;47.234409
18279_0160_00041;41;;Rue Armand Bazile;18100;18279;Vierzon;;;2.073976;47.216886
18279_1128_00108_a;108;a;Avenue Edouard Vaillant;18100;18279;Vierzon;;;2.060421;47.238008
18279_2040_00060;60;;Avenue Mal Philippe Leclerc de Ha;18100;18279;Vierzon;;;2.052186;47.208577
18279_1391_00003_f;3;f;Rue de la Fringale;18100;18279;Vierzon;;;2.040715;47.232579
18279_0195_00014;14;;Rue Arthur Rimbaud;18100;18279;Vierzon;;;2.083156;47.202505
18279_0080_00096;96;;Rue Anatole France;18100;18279;Vierzon;;;2.051698;47.222361
18279_0951_00015;15;;Chemin des Grandes Crêles;18100;18279;Vierzon;;;2.070095;47.201762
18279_0170_00012;12;;Rue Armand Brunet;18100;18279;Vierzon;;;2.068316;47.222195
18279_3061_00003;3;;Boulevard Salvador Allende;18100;18279;Vierzon;;;2.083108;47.226954
18279_2472_00016;16;;Route des Noues;18100;18279;Vierzon;;;2.048757;47.209877
18279_1500_00037;37;;Rue Gay Lussac;18100;18279;Vierzon;;;2.080523;47.22617
18279_1834_00005;5;;Rue Jacques Richard;18100;18279;Vierzon;;;2.080646;47.200392
18279_0310_00016_f;16;f;Rue du Bas de Grange;18100;18279;Vierzon;;;2.055297;47.22442
18279_1144_00004;4;;Rue Elsa Triolet;18100;18279;Vierzon;;;2.08302;47.23014
18279_2714_00022;22;;Allée Pierre de Coubertin;18100;18279;Vierzon;;;2.076729;47.208849
18279_1150_00037;37;;Rue Emile Bouleau;18100;18279;Vierzon;;;2.06797;47.218046
18279_0512_00011;11;;Route de Bonègue;18100;18279;Vierzon;;;2.071602;47.237983
18279_1158_00011;11;;Rue du Square Emile Peraudin;18100;18279;Vierzon;;;2.062987;47.224015
18279_2188_00022;22;;Rue Marcel Pagnol;18100;18279;Vierzon;;;2.075626;47.210217
18279_2025_00086;86;;avenue maréchal jean de lattre de tassigny;18100;18279;Vierzon;;;2.073223;47.204278
18279_2640_00023_a;23;a;Route du Petit Râteau;18100;18279;Vierzon;;;2.097029;47.23117
18279_0710_00004;4;;Rue du Champanet;18100;18279;Vierzon;;;2.065116;47.220379
18279_0980_00011;11;;Rue du Crot à Foulon;18100;18279;Vierzon;;;2.064463;47.229981
18279_0420_00006;6;;Rue de la Bidauderie;18100;18279;Vierzon;;;2.078812;47.234272
18279_2960_00001;1;;Place de la Résistance;18100;18279;Vierzon;;;2.071289;47.224175
18279_1480_00003_bis;3;bis;Rue de la Gaucherie;18100;18279;Vierzon;;;2.06661;47.221704
18279_2155_00029;29;;Avenue du 8 Mai 1945;18100;18279;Vierzon;;;2.077869;47.22898
18279_66j5mf_00056;56;;Chemin des Noues;18100;18279;Vierzon;;;2.043894;47.211368
18279_1536_00018;18;;Rue Georges Politzer;18100;18279;Vierzon;;;2.07736;47.20389
18279_1280_00047;47;;Rue de Fay;18100;18279;Vierzon;;;2.049444;47.238913
18279_1700_00032;32;;Rue Gustave Flourens;18100;18279;Vierzon;;;2.05528;47.231188
18279_1760_00019;19;;Rue d'Héry;18100;18279;Vierzon;;;2.071027;47.212871
18279_3047_00008;8;;Rue Saint Exupéry;18100;18279;Vierzon;;;2.068538;47.205978
18279_2430_01475;1475;;Rue Urbain Nègre;18100;18279;Vierzon;;;2.079773;47.227457
18279_0270_00006;6;;Rue Babeuf;18100;18279;Vierzon;;;2.047109;47.2341
18279_0800_00057;57;;Quai du Cher;18100;18279;Vierzon;;;2.059908;47.21704
18279_2973_00005;5;;Chemin des Riaux;18100;18279;Vierzon;;;2.111983;47.229177
18279_3160_00009;9;;Rue du Val Fleury;18100;18279;Vierzon;;;2.070973;47.212046
18279_1190_00009;9;;Quai de l’Etang;18100;18279;Vierzon;;;2.103354;47.214812
18279_2330_00047;47;;Rue Mirabeau;18100;18279;Vierzon;;;2.053114;47.210304
18279_2265_00018;18;;Residence Mermoz Sud;18100;18279;Vierzon;;;2.063056;47.202686
18279_1735_00005;5;;Rue Henri Martin;18100;18279;Vierzon;;;2.079314;47.216817
18279_1200_00004;4;;Rue de l'Etape;18100;18279;Vierzon;;;2.0688;47.222747
18279_1710_00009;9;;Rue Guy Môquet;18100;18279;Vierzon;;;2.075431;47.21219
18279_3046_00014;14;;Chemin des Sables de Saint Prié;18100;18279;Vierzon;;;2.037686;47.232234
18279_1877_00071;71;;Avenue Jean Jaurès;18100;18279;Vierzon;;;2.042383;47.231541
18279_1230_00008;8;;Rue Etienne Marcel;18100;18279;Vierzon;;;2.093488;47.218354
18279_3141_00012;12;;Chemin de la Trietterie;18100;18279;Vierzon;;;2.097646;47.242905
18279_3280_00031;31;;Rue de Villeneuve;18100;18279;Vierzon;;;2.071799;47.211561
18279_3133_00106;106;;Route de Tours;18100;18279;Vierzon;;;2.025389;47.239779
18279_1905_00082;82;;Rue Jean Picot;18100;18279;Vierzon;;;2.074628;47.211299
18279_0045_00014;14;;Route d'Ainset;18100;18279;Vierzon;;;2.077693;47.23785
18279_1710_00022;22;;Rue Guy Môquet;18100;18279;Vierzon;;;2.076553;47.211369
18279_0417_00040;40;;Rue Berty Albrecht;18100;18279;Vierzon;;;2.054473;47.210563
18279_1696_00007;7;;Rue Gustave Flaubert;18100;18279;Vierzon;;;2.077687;47.2002
18279_0710_00064;64;;Rue du Champanet;18100;18279;Vierzon;;;2.05958;47.220319
18279_2770_00064_bis;64;bis;Rue de la Plaisance;18100;18279;Vierzon;;;2.092928;47.220376
18279_1430_00015;15;;Rue Gallerand;18100;18279;Vierzon;;;2.068487;47.22273
18279_3062_00004;4;;Place Salvatore Allende;18100;18279;Vierzon;;;2.085406;47.226053
18279_1230_00038;38;;Rue Etienne Marcel;18100;18279;Vierzon;;;2.097292;47.217841
18279_1143_00005;5;;Rue Eirick Labonne;18100;18279;Vierzon;;;2.086998;47.19981
18279_0370_00063;63;;Route de Bellon;18100;18279;Vierzon;;;2.076233;47.212784
18279_2100_00052;52;;Rue des Longueraies;18100;18279;Vierzon;;;2.058308;47.233882
18279_0417_00021;21;;Rue Berty Albrecht;18100;18279;Vierzon;;;2.056049;47.210497
18279_0978_00004_t;4;t;Passage du Crot à Foulon;18100;18279;Vierzon;;;2.063464;47.229704
18279_0088_00006_c;6;c;Impasse Andre de Chenier;18100;18279;Vierzon;;;2.074376;47.218896
18279_0275_00010;10;;Rue Bara;18100;18279;Vierzon;;;2.045387;47.232516
18279_1145_00001;1;;Rue Emile Accolas;18100;18279;Vierzon;;;2.061213;47.231776
18279_1250_00009;9;;Rue Eugène Pottier;18100;18279;Vierzon;;;2.099213;47.218592
18279_0830_00018;18;;Rue Claude Bernard;18100;18279;Vierzon;;;2.076711;47.216491
18279_2594_00030;30;;Rue Paul Valery;18100;18279;Vierzon;;;2.066778;47.207865
18279_2688_00012;12;;Rue Pierre Brossolette;18100;18279;Vierzon;;;2.076278;47.205201
18279_1630_00005;5;;Impasse du Grelet;18100;18279;Vierzon;;;2.050266;47.231138
18279_2491_00009;9;;Chemin de l’Orme a Lieue;18100;18279;Vierzon;;;2.125803;47.214939
18279_0130_00003_bis;3;bis;Rue Antoine Parmentier;18100;18279;Vierzon;;;2.04737;47.229356
18279_1650_00009;9;;Rue Grelon;18100;18279;Vierzon;;;2.062247;47.215963
18279_0420_00050;50;;Rue de la Bidauderie;18100;18279;Vierzon;;;2.082652;47.236708
18279_1240_00012;12;;Rue Etienne Nivet;18100;18279;Vierzon;;;2.078184;47.221719
18279_2290_00014;14;;Rue des Meunières;18100;18279;Vierzon;;;2.056764;47.234451
18279_1690_00029;29;;Route de Guérigny;18100;18279;Vierzon;;;2.138592;47.216316
18279_0070_00026;26;;Rue Alphonse Pradat;18100;18279;Vierzon;;;2.046624;47.222227
18279_1230_00107_t;107;t;Rue Etienne Marcel;18100;18279;Vierzon;;;2.104809;47.216
18279_cjssze_00014;14;;L’Aujonniere;18100;18279;Vierzon;;;2.088777;47.233634
18279_0160_00083;83;;Rue Armand Bazile;18100;18279;Vierzon;;;2.077905;47.215787
18279_0308_00014;14;;Place du Bas de Grange;18100;18279;Vierzon;;;2.048167;47.224925
18279_0290_00025;25;;Rue Barbès;18100;18279;Vierzon;;;2.052848;47.234599
18279_1580_00010_bis;10;bis;Rue du Grand Clement;18100;18279;Vierzon;;;2.071139;47.228121
18279_1840_00031;31;;Rue Jean-baptiste Clément;18100;18279;Vierzon;;;2.071588;47.22975
18279_1538_00052_b;52;b;Rue Georges Rousseau;18100;18279;Vierzon;;;2.057584;47.210302
18279_0817_00003_b;3;b;Chemin du Chevry;18100;18279;Vierzon;;;2.116227;47.215894
18279_1280_00016;16;;Rue de Fay;18100;18279;Vierzon;;;2.048141;47.242199
18279_2190_00035;35;;Rue Marcel Perrin;18100;18279;Vierzon;;;2.071077;47.226235
18279_1320_00001;1;;Route de Foëcy;18100;18279;Vierzon;;;2.100676;47.212093
18279_1730_00016;16;;Avenue Henri Brisson;18100;18279;Vierzon;;;2.06113;47.227576
18279_0095_00005;5;;Rue André Gide;18100;18279;Vierzon;;;2.095037;47.22316
18279_3047_00034;34;;Rue Saint Exupéry;18100;18279;Vierzon;;;2.067958;47.203934
18279_1877_00034;34;;Avenue Jean Jaurès;18100;18279;Vierzon;;;2.046428;47.230786
18279_2910_00047_b;47;b;Avenue du 14 Juillet;18100;18279;Vierzon;;;2.064043;47.213627
18279_0890_00048;48;;Rue de la Convention;18100;18279;Vierzon;;;2.104444;47.220124
18279_2920_00008;8;;Rue Rabelais;18100;18279;Vierzon;;;2.066481;47.220064
18279_2795_00051;51;;Rue des Ponts;18100;18279;Vierzon;;;2.066161;47.21849
18279_2990_00035;35;;Rue Robespierre;18100;18279;Vierzon;;;2.098341;47.221028
18279_0800_00061;61;;Quai du Cher;18100;18279;Vierzon;;;2.059478;47.217251
18279_0715_00002_a;2;a;Chemin du Champ des Renards;18100;18279;Vierzon;;;2.093738;47.227785
18279_1120_00010;10;;Rue Edouard Branly;18100;18279;Vierzon;;;2.104883;47.216928
18279_3210_00019_b;19;b;Rue Victor Hugo;18100;18279;Vierzon;;;2.066826;47.223723
18279_a070_00023;23;;Residence des Bruyeres;18100;18279;Vierzon;;;2.06529;47.205826
18279_1290_00030;30;;Rue Félix Pyat;18100;18279;Vierzon;;;2.082294;47.229055
18279_0085_00031_a;31;a;Imp Ancienne Cite de la Verrerie;18100;18279;Vierzon;;;2.10014;47.210181
18279_2100_00059;59;;Rue des Longueraies;18100;18279;Vierzon;;;2.059139;47.23478
18279_1020_00038;38;;Rue Descartes;18100;18279;Vierzon;;;2.079511;47.214564
18279_2085_00043;43;;Rue des Lilas;18100;18279;Vierzon;;;2.055565;47.233598
18279_2980_00013;13;;Rue Riparia;18100;18279;Vierzon;;;2.060278;47.213797
18279_1990_00058_bis;58;bis;Rue Jules Louis Breton;18100;18279;Vierzon;;;2.08131;47.220376
18279_3133_00015;15;;Route de Tours;18100;18279;Vierzon;;;2.039146;47.232953
18279_1980_00028_c;28;c;Rue Jules Guesde;18100;18279;Vierzon;;;2.046453;47.227797
18279_3073_00036;36;;Rue de la Société Française;18100;18279;Vierzon;;;2.055402;47.226825
18279_1230_00073_a;73;a;Rue Etienne Marcel;18100;18279;Vierzon;;;2.101563;47.217059
18279_1270_00038_a;38;a;Petite Rue de Fay;18100;18279;Vierzon;;;2.051076;47.238222
18279_3055_00026;26;;Chemin de Saint Priest;18100;18279;Vierzon;;;2.03441;47.230225
18279_1362_00007;7;;Chemin des Fougeres;18100;18279;Vierzon;;;2.030668;47.240333
18279_1155_00039;39;;Rue Emile Desforges;18100;18279;Vierzon;;;2.084445;47.228577
18279_2155_00091;91;;Avenue du 8 Mai 1945;18100;18279;Vierzon;;;2.086053;47.235426
18279_0951_00002;2;;Chemin des Grandes Crêles;18100;18279;Vierzon;;;2.070499;47.205543
18279_0290_00058_bis;58;bis;Rue Barbès;18100;18279;Vierzon;;;2.057183;47.235819
18279_0740_00012_bis;12;bis;Rue Charles Hurvoy;18100;18279;Vierzon;;;2.067511;47.227831
18279_1720_00073;73;;Rue Henri Barbusse;18100;18279;Vierzon;;;2.065682;47.237677
18279_2340_00005;5;;Rue Molière;18100;18279;Vierzon;;;2.065822;47.219653
18279_0435_00003;3;;Rue de Bitterfeld;18100;18279;Vierzon;;;2.082362;47.203838
18279_1290_00109;109;;Rue Félix Pyat;18100;18279;Vierzon;;;2.08928;47.228014
18279_1230_00064;64;;Rue Etienne Marcel;18100;18279;Vierzon;;;2.09975;47.217472
18279_2080_00077;77;;Route de la Loeuf;18100;18279;Vierzon;;;2.032009;47.215629
18279_2560_00044;44;;Rue Pasteur;18100;18279;Vierzon;;;2.088767;47.219591
18279_0890_00091;91;;Rue de la Convention;18100;18279;Vierzon;;;2.107555;47.221964
18279_2157_00014;14;;Chemin de la Maison Blanche;18100;18279;Vierzon;;;2.03853;47.224443
18279_2300_00020;20;;Rue Michelet;18100;18279;Vierzon;;;2.073286;47.217346
18279_1870_00063;63;;Rue Jean Jacques Rousseau;18100;18279;Vierzon;;;2.07437;47.218271
18279_1840_00118;118;;Rue Jean-baptiste Clément;18100;18279;Vierzon;;;2.077744;47.233744
18279_1450_00014;14;;Rue Gambon;18100;18279;Vierzon;;;2.072767;47.227098
18279_1870_00013;13;;Rue Jean Jacques Rousseau;18100;18279;Vierzon;;;2.070784;47.21876
18279_2980_00028;28;;Rue Riparia;18100;18279;Vierzon;;;2.058872;47.213542
18279_1560_00048;48;;Rue Gourdon;18100;18279;Vierzon;;;2.06312;47.224739
18279_2560_00024_b;24;b;Rue Pasteur;18100;18279;Vierzon;;;2.086986;47.220486
18279_2648_00010;10;;Chemin de la Petite Noue;18100;18279;Vierzon;;;2.06193;47.204512
18279_671bao_00015;15;;avenue maréchal philippe leclerc de hauteclocque;18100;18279;Vierzon;;;2.056884;47.209087
18279_0310_00016_x;16;x;Rue du Bas de Grange;18100;18279;Vierzon;;;2.054906;47.22451
18279_0980_00035;35;;Rue du Crot à Foulon;18100;18279;Vierzon;;;2.062292;47.231386
18279_0925_00012;12;;La Cour d’En Haut;18100;18279;Vierzon;;;2.033811;47.208282
18279_1840_00122;122;;Rue Jean-baptiste Clément;18100;18279;Vierzon;;;2.077819;47.234215
18279_0780_00008;8;;Rue du Château;18100;18279;Vierzon;;;2.071391;47.222771
18279_1060_00023_bis;23;bis;Rue du Docteur Lobligeois;18100;18279;Vierzon;;;2.056446;47.217193
18279_1190_00021_bis;21;bis;Quai de l’Etang;18100;18279;Vierzon;;;2.10425;47.21451
18279_0890_00027;27;;Rue de la Convention;18100;18279;Vierzon;;;2.10204;47.218897
18279_1857_00012;12;;Rue Jean Cocteau;18100;18279;Vierzon;;;2.084683;47.227013
18279_1770_00015;15;;Rue Honoré de Balzac;18100;18279;Vierzon;;;2.065405;47.212315
18279_0743_00002;2;;Rue Charlotte Delbo;18100;18279;Vierzon;;;2.086884;47.223069
18279_p07zqe_00025;25;;Chemin du Pre d’Anet;18100;18279;Vierzon;;;2.076315;47.219489
18279_0380_00008;8;;Chemin de la Bercetterie;18100;18279;Vierzon;;;2.031122;47.239277
18279_0630_00007;7;;Impasse Casimir Lecomte;18100;18279;Vierzon;;;2.062998;47.225525
18279_0110_00044;44;;Rue André Hènault;18100;18279;Vierzon;;;2.059539;47.215322
18279_0962_00008;8;;Chemin de la Croix;18100;18279;Vierzon;;;2.10879;47.230663
18279_hv0stn_00001;1;;Impasse de Bel Air;18100;18279;Vierzon;;;2.07624;47.213098
18279_2795_00066;66;;Rue des Ponts;18100;18279;Vierzon;;;2.0664;47.218729
18279_2260_00059;59;;Route de Méreau;18100;18279;Vierzon;;;2.060675;47.204984
18279_2190_00026;26;;Rue Marcel Perrin;18100;18279;Vierzon;;;2.070955;47.225136
18279_0866_00016;16;;Avenue du Colonel Manhes;18100;18279;Vierzon;;;2.078918;47.223435
18279_1210_00045;45;;Rue Etienne Desroches;18100;18279;Vierzon;;;2.103334;47.220448
18279_1170_00020;20;;Rue des Epinettes;18100;18279;Vierzon;;;2.069129;47.225515
18279_1770_00006;6;;Rue Honoré de Balzac;18100;18279;Vierzon;;;2.065433;47.212908
18279_2125_00026;26;;Rue Louise Michel;18100;18279;Vierzon;;;2.071055;47.23649
18279_1270_00019;19;;Petite Rue de Fay;18100;18279;Vierzon;;;2.050294;47.238403
18279_3280_00063;63;;Rue de Villeneuve;18100;18279;Vierzon;;;2.070786;47.209862
18279_2560_00031;31;;Rue Pasteur;18100;18279;Vierzon;;;2.087413;47.219692
18279_0280_00011;11;;Impasse Barbes;18100;18279;Vierzon;;;2.05383;47.234052
18279_0550_00014;14;;Rue du Bourgneuf;18100;18279;Vierzon;;;2.064299;47.215147
18279_1877_00028;28;;Avenue Jean Jaurès;18100;18279;Vierzon;;;2.047093;47.230635
18279_3052_00007_c;7;c;Route de Saint Lazare;18100;18279;Vierzon;;;2.09772;47.20829
18279_0370_00062;62;;Route de Bellon;18100;18279;Vierzon;;;2.077228;47.212213
18279_0110_00031;31;;Rue André Hènault;18100;18279;Vierzon;;;2.061972;47.215546
18279_3087_00020;20;;Rue de Stalingrad;18100;18279;Vierzon;;;2.081641;47.232298
18279_1128_00080_a;80;a;Avenue Edouard Vaillant;18100;18279;Vierzon;;;2.060896;47.235408
18279_2335_00027;27;;Rue Miranda de Ebro;18100;18279;Vierzon;;;2.064013;47.218915
18279_0370_00065;65;;Route de Bellon;18100;18279;Vierzon;;;2.076356;47.212746
18279_3079_01565;1565;;Rue du Souvenir Français;18100;18279;Vierzon;;;2.073344;47.223603
18279_0290_00010;10;;Rue Barbès;18100;18279;Vierzon;;;2.051861;47.233424
18279_0644_00005;5;;Imp des Castors de la Jonchere;18100;18279;Vierzon;;;2.041833;47.230108
18279_0710_00011_a;11;a;Rue du Champanet;18100;18279;Vierzon;;;2.062587;47.220251
18279_1280_00023;23;;Rue de Fay;18100;18279;Vierzon;;;2.050799;47.235215
18279_2608_00019;19;;Chemin des Peages;18100;18279;Vierzon;;;2.029771;47.225511
18279_1536_00058;58;;Rue Georges Politzer;18100;18279;Vierzon;;;2.08062;47.203298
18279_2390_00074;74;;Rue du Mouton;18100;18279;Vierzon;;;2.089874;47.229928
18279_1905_00034;34;;Rue Jean Picot;18100;18279;Vierzon;;;2.075489;47.211487
18279_2080_00070;70;;Route de la Loeuf;18100;18279;Vierzon;;;2.032395;47.215845
18279_2100_00072;72;;Rue des Longueraies;18100;18279;Vierzon;;;2.058388;47.23549
18279_1128_00001_bis;1;bis;Avenue Edouard Vaillant;18100;18279;Vierzon;;;2.061395;47.229605
18279_a150_00012;12;;Residence les Dumaines;18100;18279;Vierzon;;;2.093571;47.219303
18279_2816_00063;63;;Passage du Pré d'Anet;18100;18279;Vierzon;;;2.080938;47.218584
18279_0074_00051;51;;Place Ambroise Croizat;18100;18279;Vierzon;;;2.069403;47.236941
18279_1170_00033;33;;Rue des Epinettes;18100;18279;Vierzon;;;2.069963;47.227217
18279_0140_00029;29;;Rue Antonin Lerault;18100;18279;Vierzon;;;2.068761;47.214639
18279_0600_00042;42;;Petite Rue du Camp;18100;18279;Vierzon;;;2.064026;47.207604
18279_2370_00003_b;3;b;Rue de la Montagne;18100;18279;Vierzon;;;2.073115;47.221907
18279_1289_00131;131;;Impasse Felix Pyat;18100;18279;Vierzon;;;2.090077;47.228923
18279_3060_00023_c;23;c;Rue du Sergent Bobillot;18100;18279;Vierzon;;;2.04699;47.2282
18279_2800_00062;62;;Rue Porte aux Boeufs;18100;18279;Vierzon;;;2.070469;47.223067
18279_2260_00006_a;6;a;Route de Méreau;18100;18279;Vierzon;;;2.061623;47.209535
18279_3073_00037_a;37;a;Rue de la Société Française;18100;18279;Vierzon;;;2.057925;47.22614
18279_3207_00007_b;7;b;Rue du Vert Pommier;18100;18279;Vierzon;;;2.066543;47.224363
18279_1980_00033;33;;Rue Jules Guesde;18100;18279;Vierzon;;;2.046112;47.228011
18279_3160_00031;31;;Rue du Val Fleury;18100;18279;Vierzon;;;2.07015;47.210514
18279_2795_00086;86;;Rue des Ponts;18100;18279;Vierzon;;;2.066475;47.218305
18279_1450_00005;5;;Rue Gambon;18100;18279;Vierzon;;;2.072065;47.227059
18279_0160_00062;62;;Rue Armand Bazile;18100;18279;Vierzon;;;2.078346;47.215727
18279_1640_00002_a;2;a;Rue du Grelet;18100;18279;Vierzon;;;2.048824;47.230507
18279_3202_00040;40;;Avenue de Verdun;18100;18279;Vierzon;;;2.073781;47.225577
18279_0352_00016;16;;Rue Beethoven;18100;18279;Vierzon;;;2.078822;47.234533
18279_0360_00011;11;;Rue de Bellevue;18100;18279;Vierzon;;;2.071377;47.209089
18279_2560_00023;23;;Rue Pasteur;18100;18279;Vierzon;;;2.086591;47.219763
18279_1470_00075;75;;Rue Gaston Cornavin;18100;18279;Vierzon;;;2.087235;47.229366
18279_2720_00007;7;;Rue Pierre Dupont;18100;18279;Vierzon;;;2.047218;47.234981
18279_0100_00040;40;;Rue André Guillemain;18100;18279;Vierzon;;;2.080926;47.21451
18279_3226_00031_a;31;a;Route du Vieux Domaine;18100;18279;Vierzon;;;2.094174;47.211436
18279_2390_00064;64;;Rue du Mouton;18100;18279;Vierzon;;;2.08866;47.230146
18279_1990_00035;35;;Rue Jules Louis Breton;18100;18279;Vierzon;;;2.078557;47.220783
18279_1775_00011;11;;Rue des Hortensias;18100;18279;Vierzon;;;2.054212;47.233138
18279_2065_00001;1;;Passage Leveque;18100;18279;Vierzon;;;2.051992;47.228376
18279_1490_00005;5;;Chemin des Gaudrets;18100;18279;Vierzon;;;2.088525;47.220971
18279_1290_00055;55;;Rue Félix Pyat;18100;18279;Vierzon;;;2.083377;47.228312
18279_1980_00028_f;28;f;Rue Jules Guesde;18100;18279;Vierzon;;;2.046347;47.227834
18279_1440_00030;30;;Rue Gambetta;18100;18279;Vierzon;;;2.098598;47.219246
18279_0085_00009;9;;Imp Ancienne Cite de la Verrerie;18100;18279;Vierzon;;;2.10078;47.210436
18279_3226_00010;10;;Route du Vieux Domaine;18100;18279;Vierzon;;;2.082832;47.214406
18279_2688_00004;4;;Rue Pierre Brossolette;18100;18279;Vierzon;;;2.077117;47.205076
18279_3180_00023;23;;Rue Van Craeynest;18100;18279;Vierzon;;;2.064673;47.209104
18279_2155_00049;49;;Avenue du 8 Mai 1945;18100;18279;Vierzon;;;2.079133;47.229967
18279_a120_00018;18;;Résidence le Clos de la Minée;18100;18279;Vierzon;;;2.066349;47.237071
18279_3280_00048;48;;Rue de Villeneuve;18100;18279;Vierzon;;;2.070827;47.210557
18279_2155_00065;65;;Avenue du 8 Mai 1945;18100;18279;Vierzon;;;2.080446;47.231005
18279_0740_00087;87;;Rue Charles Hurvoy;18100;18279;Vierzon;;;2.061641;47.229443
18279_0415_00034;34;;Rue Bernard Dumont;18100;18279;Vierzon;;;2.070396;47.206048
18279_3210_00016;16;;Rue Victor Hugo;18100;18279;Vierzon;;;2.06659;47.22326
18279_1536_00070;70;;Rue Georges Politzer;18100;18279;Vierzon;;;2.080536;47.203158
18279_0100_00013;13;;Rue André Guillemain;18100;18279;Vierzon;;;2.081966;47.21628
18279_0120_00140;140;;Rue André Ribaud;18100;18279;Vierzon;;;2.074807;47.235811
18279_2500_00030;30;;Rue des Ormes;18100;18279;Vierzon;;;2.078226;47.232448
18279_2520_00036;36;;Rue du Panorama;18100;18279;Vierzon;;;2.069074;47.21041
18279_1158_00005;5;;Rue du Square Emile Peraudin;18100;18279;Vierzon;;;2.063699;47.223864
18279_0160_00083_ter;83;ter;Rue Armand Bazile;18100;18279;Vierzon;;;2.078065;47.215734
18279_0817_00018_c;18;c;Chemin du Chevry;18100;18279;Vierzon;;;2.119157;47.21505
18279_0095_00024;24;;Rue André Gide;18100;18279;Vierzon;;;2.095977;47.224007
18279_1385_00004;4;;Rue Frédéric Mistral;18100;18279;Vierzon;;;2.095137;47.225414
18279_2290_00001;1;;Rue des Meunières;18100;18279;Vierzon;;;2.057893;47.233966
18279_2290_00033;33;;Rue des Meunières;18100;18279;Vierzon;;;2.054508;47.234607
18279_1120_00017;17;;Rue Edouard Branly;18100;18279;Vierzon;;;2.104493;47.217727
18279_1250_00086;86;;Rue Eugène Pottier;18100;18279;Vierzon;;;2.098505;47.223116
18279_1830_00028;28;;Rue Jacques Decour;18100;18279;Vierzon;;;2.088519;47.229836
18279_2700_00004;4;;Rue Pierre Curie;18100;18279;Vierzon;;;2.056734;47.217897
18279_1841_00076_f;76;f;square jean-baptiste clément;18100;18279;Vierzon;;;2.074607;47.23224
18279_0120_00124;124;;Rue André Ribaud;18100;18279;Vierzon;;;2.073778;47.235064
18279_1470_00061;61;;Rue Gaston Cornavin;18100;18279;Vierzon;;;2.087242;47.228647
18279_3110_00008;8;;Rue des Terres Mortes;18100;18279;Vierzon;;;2.057168;47.208244
18279_p07zqe_00055;55;;Chemin du Pre d’Anet;18100;18279;Vierzon;;;2.080226;47.218665
18279_0710_00021;21;;Rue du Champanet;18100;18279;Vierzon;;;2.062037;47.220244
18279_1720_00078;78;;Rue Henri Barbusse;18100;18279;Vierzon;;;2.064978;47.236463
18279_0080_00053;53;;Rue Anatole France;18100;18279;Vierzon;;;2.056285;47.221627
18279_2040_00029;29;;Avenue Mal Philippe Leclerc de Ha;18100;18279;Vierzon;;;2.055295;47.208855
18279_0290_00017_bis;17;bis;Rue Barbès;18100;18279;Vierzon;;;2.051983;47.234435
18279_1940_00050;50;;Rue Joliot Curie;18100;18279;Vierzon;;;2.074674;47.210455
18279_2870_00067;67;;Route de Puits Berteau;18100;18279;Vierzon;;;2.074284;47.236777
18279_2950_00030;30;;Avenue de la République;18100;18279;Vierzon;;;2.06534;47.223317
18279_0600_00017_a;17;a;Petite Rue du Camp;18100;18279;Vierzon;;;2.066851;47.206782
18279_671bao_00046;46;;avenue maréchal philippe leclerc de hauteclocque;18100;18279;Vierzon;;;2.053505;47.209261
18279_2206_00004;4;;Rue Maryse Bastié;18100;18279;Vierzon;;;2.064599;47.203192
18279_1366_00011;11;;Cours de Fougery;18100;18279;Vierzon;;;2.07221;47.233949
18279_3086_00045;45;;Impasse Suzanne Masson;18100;18279;Vierzon;;;2.07853;47.205353
18279_3170_00003_bis;3;bis;Rue de Valmy;18100;18279;Vierzon;;;2.06709;47.219023
18279_2025_00017;17;;avenue maréchal jean de lattre de tassigny;18100;18279;Vierzon;;;2.065583;47.208337
18279_3091_00006;6;;Chemin des Tailles;18100;18279;Vierzon;;;2.058009;47.237869
18279_0395_00013;13;;Rue Henri Bergson;18100;18279;Vierzon;;;2.09434;47.224564
18279_1990_00044;44;;Rue Jules Louis Breton;18100;18279;Vierzon;;;2.078391;47.22096
18279_2040_01420;1420;;Avenue Mal Philippe Leclerc de Ha;18100;18279;Vierzon;;;2.055799;47.209559
18279_0568_00048;48;;Chemin du Briou;18100;18279;Vierzon;;;2.086756;47.226166
18279_2740_00007_c;7;c;Avenue Pierre Sémard;18100;18279;Vierzon;;;2.059747;47.226381
18279_1055_00023;23;;Avenue du 19 Mars 1962;18100;18279;Vierzon;;;2.091349;47.239572
18279_0370_00066;66;;Route de Bellon;18100;18279;Vierzon;;;2.077472;47.211974
18279_671bao_00041;41;;avenue maréchal philippe leclerc de hauteclocque;18100;18279;Vierzon;;;2.053544;47.208581
18279_671bao_01420;1420;;avenue maréchal philippe leclerc de hauteclocque;18100;18279;Vierzon;;;2.055881;47.209163
18279_0030_00037;37;;Rue de l'Abricot;18100;18279;Vierzon;;;2.054752;47.220642
18279_1290_00141;141;;Rue Félix Pyat;18100;18279;Vierzon;;;2.09132;47.228906
18279_1552_00006;6;;Rue Gisèle Halimi;18100;18279;Vierzon;;;2.072828;47.2069
18279_1670_00003_bis;3;bis;Rue du Gros Caillou;18100;18279;Vierzon;;;2.069337;47.2222
18279_0290_00024;24;;Rue Barbès;18100;18279;Vierzon;;;2.05255;47.234261
18279_2180_00015;15;;Rue Marcel Cachin;18100;18279;Vierzon;;;2.089067;47.228896
18279_1055_00018_b;18;b;Avenue du 19 Mars 1962;18100;18279;Vierzon;;;2.091247;47.239328
18279_2100_00034;34;;Rue des Longueraies;18100;18279;Vierzon;;;2.058224;47.232854
18279_0417_00044;44;;Rue Berty Albrecht;18100;18279;Vierzon;;;2.05429;47.21048
18279_1290_01125;1125;;Rue Félix Pyat;18100;18279;Vierzon;;;2.0892;47.227746
18279_0370_00008;8;;Route de Bellon;18100;18279;Vierzon;;;2.070216;47.214216
18279_2720_00041;41;;Rue Pierre Dupont;18100;18279;Vierzon;;;2.0441;47.236501
18279_66j5mf_00032;32;;Chemin des Noues;18100;18279;Vierzon;;;2.04751;47.210224
18279_0045_00043;43;;Route d'Ainset;18100;18279;Vierzon;;;2.085031;47.246346
18279_2430_00010;10;;Rue Urbain Nègre;18100;18279;Vierzon;;;2.08065;47.227199
18279_1128_00085;85;;Avenue Edouard Vaillant;18100;18279;Vierzon;;;2.061065;47.236244
18279_2870_00006;6;;Route de Puits Berteau;18100;18279;Vierzon;;;2.080394;47.231747
18279_1575_00007;7;;Cheminement de Grand Champs;18100;18279;Vierzon;;;2.086342;47.248314
18279_0720_00016;16;;Rue des Changes;18100;18279;Vierzon;;;2.069104;47.22388
18279_le1ny7_00037;37;;Rue Jeanne Labourbe;18100;18279;Vierzon;;;2.06232;47.232614
18279_1060_00013;13;;Rue du Docteur Lobligeois;18100;18279;Vierzon;;;2.057823;47.217055
18279_0310_00095;95;;Rue du Bas de Grange;18100;18279;Vierzon;;;2.047165;47.22536
18279_0085_00019_a;19;a;Imp Ancienne Cite de la Verrerie;18100;18279;Vierzon;;;2.10045;47.21037
18279_1200_00020;20;;Rue de l'Etape;18100;18279;Vierzon;;;2.069799;47.222592
18279_0395_00012;12;;Rue Henri Bergson;18100;18279;Vierzon;;;2.095164;47.224722
18279_0870_00011;11;;Rue Condorcet;18100;18279;Vierzon;;;2.072292;47.217779
18279_0715_00008;8;;Chemin du Champ des Renards;18100;18279;Vierzon;;;2.093581;47.227464
18279_0080_00021;21;;Rue Anatole France;18100;18279;Vierzon;;;2.059435;47.220941
18279_2910_00074;74;;Avenue du 14 Juillet;18100;18279;Vierzon;;;2.063237;47.211184
18279_3280_00058;58;;Rue de Villeneuve;18100;18279;Vierzon;;;2.070503;47.21
18279_2200_00021;21;;Rue Marcel Sembat;18100;18279;Vierzon;;;2.051954;47.228788
18279_2719_00014;14;;Chemin Pierre Dupont;18100;18279;Vierzon;;;2.043959;47.235823
18279_1877_00032_c;32;c;Avenue Jean Jaurès;18100;18279;Vierzon;;;2.046725;47.230719
18279_2330_00024;24;;Rue Mirabeau;18100;18279;Vierzon;;;2.05602;47.212919
18279_1940_00022;22;;Rue Joliot Curie;18100;18279;Vierzon;;;2.074043;47.209468
18279_0360_00005;5;;Rue de Bellevue;18100;18279;Vierzon;;;2.06991;47.20944
18279_1549_00002;2;;Chemin de la Giraudiere;18100;18279;Vierzon;;;2.031733;47.233914
18279_2688_00060;60;;Rue Pierre Brossolette;18100;18279;Vierzon;;;2.074496;47.204514
18279_0497_00024;24;;Chemin de Bois Marteau;18100;18279;Vierzon;;;2.055325;47.239914
18279_0500_00007;7;;Rue Boitard;18100;18279;Vierzon;;;2.069465;47.214999
18279_2605_00025_bis;25;bis;Ruelle du Pavillon;18100;18279;Vierzon;;;2.07032;47.225209
18279_0140_00019;19;;Rue Antonin Lerault;18100;18279;Vierzon;;;2.068175;47.214748
18279_2800_00001;1;;Rue Porte aux Boeufs;18100;18279;Vierzon;;;2.070774;47.223023
18279_0550_00008;8;;Rue du Bourgneuf;18100;18279;Vierzon;;;2.064275;47.215782
18279_2945_00010;10;;Rue de Rendsburg;18100;18279;Vierzon;;;2.085199;47.200303
18279_0290_00045;45;;Rue Barbès;18100;18279;Vierzon;;;2.053754;47.235812
18279_2795_00039;39;;Rue des Ponts;18100;18279;Vierzon;;;2.066343;47.2188
18279_0963_00066;66;;Route de la Croix;18100;18279;Vierzon;;;2.108569;47.22847
18279_0030_00008;8;;Rue de l'Abricot;18100;18279;Vierzon;;;2.05768;47.220517
18279_0420_00019;19;;Rue de la Bidauderie;18100;18279;Vierzon;;;2.079765;47.234945
18279_2260_00035_bis;35;bis;Route de Méreau;18100;18279;Vierzon;;;2.061452;47.206871
18279_1150_00026;26;;Rue Emile Bouleau;18100;18279;Vierzon;;;2.068336;47.218789
18279_2993_00018;18;;Rue Roger Faletto;18100;18279;Vierzon;;;2.086213;47.200008
18279_0170_00042;42;;Rue Armand Brunet;18100;18279;Vierzon;;;2.070705;47.221627
18279_2270_00026;26;;Rue Meunier;18100;18279;Vierzon;;;2.044818;47.228739
18279_0080_00020;20;;Rue Anatole France;18100;18279;Vierzon;;;2.058825;47.221174
18279_2750_00048;48;;Rue des Pillots;18100;18279;Vierzon;;;2.050976;47.214005
18279_1230_00127_bis;127;bis;Rue Etienne Marcel;18100;18279;Vierzon;;;2.107167;47.215686
18279_3141_00011_b;11;b;Chemin de la Trietterie;18100;18279;Vierzon;;;2.099615;47.242846
18279_0260_00024;24;;Petite Rue Babeuf;18100;18279;Vierzon;;;2.0452;47.235545
18279_0890_00010;10;;Rue de la Convention;18100;18279;Vierzon;;;2.10122;47.21826
18279_2270_00023;23;;Rue Meunier;18100;18279;Vierzon;;;2.044706;47.22875
18279_0uduo0_00002;2;;Chemin du Jouffroy;18100;18279;Vierzon;;;2.105973;47.220864
18279_0042_00012;12;;Chemin des Ajoncs;18100;18279;Vierzon;;;2.080654;47.238211
18279_1938_00003;3;;Chemin des Joffrois;18100;18279;Vierzon;;;2.105284;47.221547
18279_2340_00010;10;;Rue Molière;18100;18279;Vierzon;;;2.06585;47.21957
18279_0110_00024_a;24;a;Rue André Hènault;18100;18279;Vierzon;;;2.06193;47.215442
18279_0082_00005_a;5;a;Petite Rue Anatole France;18100;18279;Vierzon;;;2.050868;47.21974
18279_0660_00022;22;;Rue Célestin Gérard;18100;18279;Vierzon;;;2.053817;47.225112
18279_0817_00032;32;;Chemin du Chevry;18100;18279;Vierzon;;;2.121012;47.215005
18279_2157_00006;6;;Chemin de la Maison Blanche;18100;18279;Vierzon;;;2.040689;47.224284
18279_2928_00011;11;;Impasse Raspail;18100;18279;Vierzon;;;2.075758;47.224251
18279_2025_00056;56;;avenue maréchal jean de lattre de tassigny;18100;18279;Vierzon;;;2.068352;47.206769
18279_2485_00009;9;;Rue du 11 Novembre 1918;18100;18279;Vierzon;;;2.066132;47.221372
18279_1320_00026;26;;Route de Foëcy;18100;18279;Vierzon;;;2.102778;47.209236
18279_1840_00092_b;92;b;Rue Jean-baptiste Clément;18100;18279;Vierzon;;;2.075936;47.232923
18279_2850_00046_a;46;a;Rue Proudhon;18100;18279;Vierzon;;;2.048111;47.233085
18279_1375_00033;33;;Rue France Bloch-sérazin;18100;18279;Vierzon;;;2.078061;47.206504
18279_0568_00010;10;;Chemin du Briou;18100;18279;Vierzon;;;2.085532;47.22458
18279_0030_00015;15;;Rue de l'Abricot;18100;18279;Vierzon;;;2.057332;47.220446
18279_2800_00005;5;;Rue Porte aux Boeufs;18100;18279;Vierzon;;;2.070821;47.223256
18279_0160_01055;1055;;Rue Armand Bazile;18100;18279;Vierzon;;;2.081265;47.214812
18279_3079_00003;3;;Rue du Souvenir Français;18100;18279;Vierzon;;;2.073344;47.223603
18279_1735_00013;13;;Rue Henri Martin;18100;18279;Vierzon;;;2.080079;47.216632
18279_0972_00036_bis;36;bis;Rue de la Croix Moreau;18100;18279;Vierzon;;;2.041089;47.225987
18279_0740_00020_bis;20;bis;Rue Charles Hurvoy;18100;18279;Vierzon;;;2.065916;47.228338
18279_0600_00045;45;;Petite Rue du Camp;18100;18279;Vierzon;;;2.063834;47.20712
18279_2995_00006;6;;Rue Roland Champenier;18100;18279;Vierzon;;;2.068469;47.238763
18279_1110_00017;17;;Rue Edgar Quinet;18100;18279;Vierzon;;;2.066344;47.224124
18279_3202_00059;59;;Avenue de Verdun;18100;18279;Vierzon;;;2.074441;47.226282
18279_0150_00002;2;;Place Aristide Briand;18100;18279;Vierzon;;;2.067077;47.221698
18279_2740_00026;26;;Avenue Pierre Sémard;18100;18279;Vierzon;;;2.0597;47.22581
18279_2125_00032;32;;Rue Louise Michel;18100;18279;Vierzon;;;2.07122;47.236881
18279_0870_00002;2;;Rue Condorcet;18100;18279;Vierzon;;;2.072473;47.218206
18279_0951_00014;14;;Chemin des Grandes Crêles;18100;18279;Vierzon;;;2.070344;47.204644
18279_2188_00020;20;;Rue Marcel Pagnol;18100;18279;Vierzon;;;2.07609;47.210171
18279_0968_00014_e;14;e;Impasse de la Croix Moreau;18100;18279;Vierzon;;;2.031386;47.226545
18279_1877_00011;11;;Avenue Jean Jaurès;18100;18279;Vierzon;;;2.048172;47.230271
18279_3130_00009;9;;Rue Théodore Roosevelt;18100;18279;Vierzon;;;2.0688;47.223997
18279_2430_00012;12;;Rue Urbain Nègre;18100;18279;Vierzon;;;2.080839;47.227482
18279_2988_00013;13;;Rue Robert Barran;18100;18279;Vierzon;;;2.060696;47.240618
18279_a015_00004;4;;Résidence Anatole France;18100;18279;Vierzon;;;2.056343;47.222171
18279_1210_00008;8;;Rue Etienne Desroches;18100;18279;Vierzon;;;2.100005;47.221444
18279_2390_00088;88;;Rue du Mouton;18100;18279;Vierzon;;;2.090933;47.228875
18279_0890_00022;22;;Rue de la Convention;18100;18279;Vierzon;;;2.10186;47.218671
18279_1980_00055_c;55;c;Rue Jules Guesde;18100;18279;Vierzon;;;2.044165;47.230298
18279_1940_00024;24;;Rue Joliot Curie;18100;18279;Vierzon;;;2.074225;47.209443
18279_2058_00051;51;;Rue Léo Mérigot;18100;18279;Vierzon;;;2.054654;47.226905
18279_0350_00058;58;;Rue Beau Site;18100;18279;Vierzon;;;2.0712;47.209322
18279_0120_00060;60;;Rue André Ribaud;18100;18279;Vierzon;;;2.068869;47.232453
18279_2190_00060;60;;Rue Marcel Perrin;18100;18279;Vierzon;;;2.070779;47.226676
18279_1980_00034;34;;Rue Jules Guesde;18100;18279;Vierzon;;;2.044803;47.228282
18279_2610_00033;33;;Chemin des Pelles;18100;18279;Vierzon;;;2.041929;47.223532
18279_3226_00029_a;29;a;Route du Vieux Domaine;18100;18279;Vierzon;;;2.094131;47.211473
18279_3285_00027;27;;Rue Vincent Auriol;18100;18279;Vierzon;;;2.087794;47.200074
18279_1250_00071;71;;Rue Eugène Pottier;18100;18279;Vierzon;;;2.098315;47.224371
18279_le1ny7_00011;11;;Rue Jeanne Labourbe;18100;18279;Vierzon;;;2.059575;47.231424
18279_1180_00016;16;;Rue Ernest Renan;18100;18279;Vierzon;;;2.074462;47.217112
18279_1160_00048;48;;Rue Emile Zola;18100;18279;Vierzon;;;2.041105;47.225445
18279_2816_00075;75;;Passage du Pré d'Anet;18100;18279;Vierzon;;;2.081999;47.218238
18279_2930_00011;11;;Rue Raspail;18100;18279;Vierzon;;;2.072773;47.224168
18279_0370_00090;90;;Route de Bellon;18100;18279;Vierzon;;;2.078766;47.2098
18279_2240_00005;5;;Rue Mattéoti;18100;18279;Vierzon;;;2.061896;47.21482
18279_1210_00010;10;;Rue Etienne Desroches;18100;18279;Vierzon;;;2.100436;47.221465
18279_0660_00006;6;;Rue Célestin Gérard;18100;18279;Vierzon;;;2.054578;47.226031
18279_0545_00001;1;;Route de Bourges;18100;18279;Vierzon;;;2.108048;47.21557
18279_2795_00035_a;35;a;Rue des Ponts;18100;18279;Vierzon;;;2.066409;47.218908
18279_vf0i5v_00021;21;;Chemin rural Dit des Ajoncs;18100;18279;Vierzon;;;2.082467;47.238466
18279_3047_00024_a;24;a;Rue Saint Exupéry;18100;18279;Vierzon;;;2.066637;47.204915
18279_0380_00003_a;3;a;Chemin de la Bercetterie;18100;18279;Vierzon;;;2.030153;47.239322
18279_1825_00002;2;;Rue Jacques Brel;18100;18279;Vierzon;;;2.078287;47.201265
18279_2210_00009;9;;Place du Maréchal Foch;18100;18279;Vierzon;;;2.067798;47.222878
18279_0080_00062;62;;Rue Anatole France;18100;18279;Vierzon;;;2.054941;47.222008
18279_2080_00048_c;48;c;Route de la Loeuf;18100;18279;Vierzon;;;2.036486;47.217003
18279_1220_00004_a;4;a;Rue Etienne Dolet;18100;18279;Vierzon;;;2.102181;47.215009
18279_2501_00001;1;;Rue Pablo Casals;18100;18279;Vierzon;;;2.081975;47.200888
18279_3160_00059;59;;Rue du Val Fleury;18100;18279;Vierzon;;;2.068989;47.208401
18279_1750_00010;10;;Rue Henri Sellier;18100;18279;Vierzon;;;2.055006;47.217934
18279_2309_00020;20;;Chemin des Millards;18100;18279;Vierzon;;;2.10243;47.232961
18279_1877_00086;86;;Avenue Jean Jaurès;18100;18279;Vierzon;;;2.041947;47.231813
18279_0170_00014;14;;Rue Armand Brunet;18100;18279;Vierzon;;;2.068519;47.222146
18279_3087_00018;18;;Rue de Stalingrad;18100;18279;Vierzon;;;2.081586;47.232253
18279_2560_00011;11;;Rue Pasteur;18100;18279;Vierzon;;;2.083928;47.219976
18279_1720_00032;32;;Rue Henri Barbusse;18100;18279;Vierzon;;;2.064471;47.231112
18279_2605_00013;13;;Ruelle du Pavillon;18100;18279;Vierzon;;;2.070372;47.224649
18279_1821_00006;6;;Rue Jacqueline Auriol;18100;18279;Vierzon;;;2.065631;47.203245
18279_1128_00015_g;15;g;Avenue Edouard Vaillant;18100;18279;Vierzon;;;2.06187;47.230077
18279_1210_00042;42;;Rue Etienne Desroches;18100;18279;Vierzon;;;2.103526;47.22017
18279_1790_00011;11;;Rue de l'Hospice;18100;18279;Vierzon;;;2.051802;47.226443
18279_1700_01280;1280;;Rue Gustave Flourens;18100;18279;Vierzon;;;2.051997;47.231122
18279_2157_00020;20;;Chemin de la Maison Blanche;18100;18279;Vierzon;;;2.037512;47.22458
18279_3110_00009;9;;Rue des Terres Mortes;18100;18279;Vierzon;;;2.056951;47.20776
18279_0568_00058;58;;Chemin du Briou;18100;18279;Vierzon;;;2.088019;47.227114
18279_1128_00145;145;;Avenue Edouard Vaillant;18100;18279;Vierzon;;;2.06085;47.241793
18279_p07zqe_00029;29;;Chemin du Pre d’Anet;18100;18279;Vierzon;;;2.076937;47.219376
18279_1290_00066;66;;Rue Félix Pyat;18100;18279;Vierzon;;;2.08484;47.227581
18279_1060_00009;9;;Rue du Docteur Lobligeois;18100;18279;Vierzon;;;2.058663;47.216892
18279_0963_00046;46;;Route de la Croix;18100;18279;Vierzon;;;2.107119;47.229442
18279_0512_00013;13;;Route de Bonègue;18100;18279;Vierzon;;;2.071665;47.238099
18279_2080_00009;9;;Route de la Loeuf;18100;18279;Vierzon;;;2.044623;47.214614
18279_1150_00048_bis;48;bis;Rue Emile Bouleau;18100;18279;Vierzon;;;2.067776;47.217428
18279_0420_00058_b;58;b;Rue de la Bidauderie;18100;18279;Vierzon;;;2.084155;47.237241
18279_66j5mf_00038;38;;Chemin des Noues;18100;18279;Vierzon;;;2.046414;47.210435
18279_671bao_00030;30;;avenue maréchal philippe leclerc de hauteclocque;18100;18279;Vierzon;;;2.055378;47.209069
18279_2720_00018;18;;Rue Pierre Dupont;18100;18279;Vierzon;;;2.046169;47.235401
18279_0389_00008;8;;Passage des Bergeries Est;18100;18279;Vierzon;;;2.051035;47.22445
18279_0600_00052;52;;Petite Rue du Camp;18100;18279;Vierzon;;;2.062692;47.20734
18279_0160_00081_b;81;b;Rue Armand Bazile;18100;18279;Vierzon;;;2.077602;47.21586
18279_1730_00030_t;30;t;Avenue Henri Brisson;18100;18279;Vierzon;;;2.061056;47.229251
18279_1500_00026;26;;Rue Gay Lussac;18100;18279;Vierzon;;;2.078746;47.225009
18279_0160_00067;67;;Rue Armand Bazile;18100;18279;Vierzon;;;2.076199;47.216267
18279_1710_00100;100;;Rue Guy Môquet;18100;18279;Vierzon;;;2.073327;47.211977
18279_0052_00031_bis;31;bis;Rue Albert et Paul Thouvenin;18100;18279;Vierzon;;;2.111717;47.206997
18279_0866_00018;18;;Avenue du Colonel Manhes;18100;18279;Vierzon;;;2.079022;47.223416
18279_1290_00009;9;;Rue Félix Pyat;18100;18279;Vierzon;;;2.080853;47.230318
18279_0122_00003;3;;Impasse Andre Ribaud;18100;18279;Vierzon;;;2.069292;47.231261
18279_3184_00003;3;;Chemin des Varennes;18100;18279;Vierzon;;;2.09865;47.213681
18279_1170_00022;22;;Rue des Epinettes;18100;18279;Vierzon;;;2.069195;47.225591
18279_1290_00114;114;;Rue Félix Pyat;18100;18279;Vierzon;;;2.089901;47.228087
18279_0743_00028;28;;Rue Charlotte Delbo;18100;18279;Vierzon;;;2.086857;47.222522
18279_66j5mf_00004;4;;Chemin des Noues;18100;18279;Vierzon;;;2.050438;47.208829
18279_0170_00050;50;;Rue Armand Brunet;18100;18279;Vierzon;;;2.072045;47.22142
18279_2390_00056;56;;Rue du Mouton;18100;18279;Vierzon;;;2.086242;47.230407
18279_0495_00008;8;;Chemin des Grands Bois;18100;18279;Vierzon;;;2.051847;47.2365
18279_0890_00005;5;;Rue de la Convention;18100;18279;Vierzon;;;2.100949;47.218192
18279_2750_00020;20;;Rue des Pillots;18100;18279;Vierzon;;;2.054755;47.213848
18279_1510_00009;9;;Grande Rue de la Genette;18100;18279;Vierzon;;;2.058439;47.216241
18279_1210_00040;40;;Rue Etienne Desroches;18100;18279;Vierzon;;;2.103213;47.220169
18279_0497_00002;2;;Chemin de Bois Marteau;18100;18279;Vierzon;;;2.057462;47.238218
18279_1120_00042;42;;Rue Edouard Branly;18100;18279;Vierzon;;;2.103838;47.219557
18279_0053_00012;12;;Rue Alfred Nobel;18100;18279;Vierzon;;;2.076667;47.201155
18279_1210_00030;30;;Rue Etienne Desroches;18100;18279;Vierzon;;;2.102405;47.220424
18279_2720_00016;16;;Rue Pierre Dupont;18100;18279;Vierzon;;;2.04637;47.235304
18279_2410_00008;8;;Boulevard de la Nation;18100;18279;Vierzon;;;2.06056;47.216304
18279_3300_00016;16;;Rue Voltaire;18100;18279;Vierzon;;;2.067741;47.221961
18279_1128_00048;48;;Avenue Edouard Vaillant;18100;18279;Vierzon;;;2.060914;47.232894
18279_2340_00020_b;20;b;Rue Molière;18100;18279;Vierzon;;;2.065651;47.219032
18279_1950_00043;43;;Avenue du Jonc;18100;18279;Vierzon;;;2.067851;47.2099
18279_0543_00012;12;;Petite Rue du Bourdoiseau;18100;18279;Vierzon;;;2.063595;47.232318
18279_1290_00073;73;;Rue Félix Pyat;18100;18279;Vierzon;;;2.085235;47.227551
18279_1128_00055;55;;Avenue Edouard Vaillant;18100;18279;Vierzon;;;2.061181;47.233433
18279_2850_00041;41;;Rue Proudhon;18100;18279;Vierzon;;;2.048015;47.234313
18279_1250_00035;35;;Rue Eugène Pottier;18100;18279;Vierzon;;;2.098519;47.221988
18279_671bao_00043;43;;avenue maréchal philippe leclerc de hauteclocque;18100;18279;Vierzon;;;2.053065;47.208506
18279_1580_00008;8;;Rue du Grand Clement;18100;18279;Vierzon;;;2.071637;47.22762
18279_2950_00008_bis;8;bis;Avenue de la République;18100;18279;Vierzon;;;2.066644;47.222733
18279_3160_00017;17;;Rue du Val Fleury;18100;18279;Vierzon;;;2.070695;47.211537
18279_2950_00027;27;;Avenue de la République;18100;18279;Vierzon;;;2.06515;47.222737
18279_2255_00011;11;;Place de la Mémoire;18100;18279;Vierzon;;;2.080146;47.199709
18279_3047_00024_b;24;b;Rue Saint Exupéry;18100;18279;Vierzon;;;2.06815;47.204585
18279_b209_00006;6;;le Petit Râteau;18100;18279;Vierzon;;;2.097482;47.228496
18279_0890_00116;116;;Rue de la Convention;18100;18279;Vierzon;;;2.109703;47.224629
18279_0415_00026;26;;Rue Bernard Dumont;18100;18279;Vierzon;;;2.070925;47.20664
18279_0710_00007;7;;Rue du Champanet;18100;18279;Vierzon;;;2.06421;47.220253
18279_1535_00021;21;;Rue Georges Fauconnier;18100;18279;Vierzon;;;2.069072;47.239341
18279_2155_00012;12;;Avenue du 8 Mai 1945;18100;18279;Vierzon;;;2.076257;47.227555
18279_1790_00001;1;;Rue de l'Hospice;18100;18279;Vierzon;;;2.052556;47.226855
18279_0329_00009;9;;Impasse Baudin;18100;18279;Vierzon;;;2.060683;47.220548
18279_1065_00009;9;;Cour des Donneaux;18100;18279;Vierzon;;;2.044393;47.227367
18279_3133_00071;71;;Route de Tours;18100;18279;Vierzon;;;2.033943;47.236059
18279_0260_00014;14;;Petite Rue Babeuf;18100;18279;Vierzon;;;2.045391;47.234949
18279_1560_00038;38;;Rue Gourdon;18100;18279;Vierzon;;;2.06379;47.224669
18279_2620_00027;27;;Rue des Pentecotes;18100;18279;Vierzon;;;2.059336;47.227924
18279_1230_00001_ter;1;ter;Rue Etienne Marcel;18100;18279;Vierzon;;;2.092374;47.21891
18279_0951_00008;8;;Chemin des Grandes Crêles;18100;18279;Vierzon;;;2.070521;47.205098
18279_1250_00128;128;;Rue Eugène Pottier;18100;18279;Vierzon;;;2.097883;47.226574
18279_2560_00040;40;;Rue Pasteur;18100;18279;Vierzon;;;2.088322;47.219754
18279_3079_00001;1;;Rue du Souvenir Français;18100;18279;Vierzon;;;2.073271;47.22315
18279_1549_00005;5;;Chemin de la Giraudiere;18100;18279;Vierzon;;;2.029981;47.233612
18279_1290_00118_bis;118;bis;Rue Félix Pyat;18100;18279;Vierzon;;;2.090328;47.228327
18279_2985_00011;11;;Impasse Riparia;18100;18279;Vierzon;;;2.061278;47.214736
18279_0310_00016_w;16;w;Rue du Bas de Grange;18100;18279;Vierzon;;;2.054923;47.224503
18279_2870_00104;104;;Route de Puits Berteau;18100;18279;Vierzon;;;2.072651;47.237158
18279_671bao_00001_bis;1;bis;avenue maréchal philippe leclerc de hauteclocque;18100;18279;Vierzon;;;2.061764;47.209873
18279_2950_00025_bis;25;bis;Avenue de la République;18100;18279;Vierzon;;;2.065698;47.223057
18279_1810_00018;18;;Rue de l'Ile du Cher;18100;18279;Vierzon;;;2.064691;47.2172
18279_2330_00069;69;;Rue Mirabeau;18100;18279;Vierzon;;;2.051103;47.209441
18279_1320_00070;70;;Route de Foëcy;18100;18279;Vierzon;;;2.112517;47.204934
18279_2070_00021_bis;21;bis;Boulevard de la Liberté;18100;18279;Vierzon;;;2.067136;47.22673
18279_1165_00002;2;;Rue de l'Epargne;18100;18279;Vierzon;;;2.057169;47.236173
18279_0160_00003;3;;Rue Armand Bazile;18100;18279;Vierzon;;;2.070214;47.217923
18279_0545_00050;50;;Route de Bourges;18100;18279;Vierzon;;;2.121607;47.214099
18279_2410_00038_a;38;a;Boulevard de la Nation;18100;18279;Vierzon;;;2.058243;47.214098
18279_0845_00012;12;;Impasse du Clos du Roy;18100;18279;Vierzon;;;2.073254;47.222836
18279_0360_00007;7;;Rue de Bellevue;18100;18279;Vierzon;;;2.070669;47.209256
18279_3048_00051;51;;Route de Saint Laurent;18100;18279;Vierzon;;;2.122005;47.220946
18279_1990_00052;52;;Rue Jules Louis Breton;18100;18279;Vierzon;;;2.079895;47.220568
18279_1760_00011;11;;Rue d'Héry;18100;18279;Vierzon;;;2.07021;47.213351
18279_2155_00019;19;;Avenue du 8 Mai 1945;18100;18279;Vierzon;;;2.07676;47.22811
18279_2973_00010;10;;Chemin des Riaux;18100;18279;Vierzon;;;2.111981;47.228094
18279_2714_00009;9;;Allée Pierre de Coubertin;18100;18279;Vierzon;;;2.077175;47.209715
18279_0170_00040;40;;Rue Armand Brunet;18100;18279;Vierzon;;;2.070573;47.22166
18279_0146_00001;1;;Chemin de l’Ardillat;18100;18279;Vierzon;;;2.09385;47.236115
18279_3160_00073;73;;Rue du Val Fleury;18100;18279;Vierzon;;;2.068565;47.207742
18279_2302_00002;2;;Rue Michel Lucas;18100;18279;Vierzon;;;2.084698;47.230963
18279_1250_00130;130;;Rue Eugène Pottier;18100;18279;Vierzon;;;2.097826;47.226744
18279_3210_00030;30;;Rue Victor Hugo;18100;18279;Vierzon;;;2.065688;47.223371
18279_1535_00038;38;;Rue Georges Fauconnier;18100;18279;Vierzon;;;2.070809;47.23911
18279_1630_00004_b;4;b;Impasse du Grelet;18100;18279;Vierzon;;;2.050489;47.231524
18279_0740_00037;37;;Rue Charles Hurvoy;18100;18279;Vierzon;;;2.067739;47.227845
18279_0415_00014;14;;Rue Bernard Dumont;18100;18279;Vierzon;;;2.071625;47.208181
18279_1128_00107;107;;Avenue Edouard Vaillant;18100;18279;Vierzon;;;2.060913;47.238051
18279_0370_00117;117;;Route de Bellon;18100;18279;Vierzon;;;2.080197;47.208934
18279_1391_00011;11;;Rue de la Fringale;18100;18279;Vierzon;;;2.040222;47.233224
18279_0120_00092;92;;Rue André Ribaud;18100;18279;Vierzon;;;2.070592;47.233872
18279_3110_00018;18;;Rue des Terres Mortes;18100;18279;Vierzon;;;2.055839;47.207454
18279_1270_00032;32;;Petite Rue de Fay;18100;18279;Vierzon;;;2.050606;47.237624
18279_0085_00041;41;;Imp Ancienne Cite de la Verrerie;18100;18279;Vierzon;;;2.099787;47.210039
18279_0980_00028;28;;Rue du Crot à Foulon;18100;18279;Vierzon;;;2.062852;47.231001
18279_0495_00028;28;;Chemin des Grands Bois;18100;18279;Vierzon;;;2.052516;47.237955
18279_0160_00054;54;;Rue Armand Bazile;18100;18279;Vierzon;;;2.077209;47.216048
18279_2850_00016;16;;Rue Proudhon;18100;18279;Vierzon;;;2.048355;47.231877
18279_2560_00004;4;;Rue Pasteur;18100;18279;Vierzon;;;2.083629;47.220226
18279_0110_00025;25;;Rue André Hènault;18100;18279;Vierzon;;;2.062468;47.215569
18279_3055_00019;19;;Chemin de Saint Priest;18100;18279;Vierzon;;;2.03291;47.231834
18279_2485_00019;19;;Rue du 11 Novembre 1918;18100;18279;Vierzon;;;2.06536;47.22152
18279_3280_00079;79;;Rue de Villeneuve;18100;18279;Vierzon;;;2.070289;47.208703
18279_a015_00005;5;;Résidence Anatole France;18100;18279;Vierzon;;;2.056612;47.222122
18279_0482_00020;20;;Rue du Bois d'Yèvre;18100;18279;Vierzon;;;2.069611;47.217806
18279_2590_00022;22;;Rue Paul Lafargue;18100;18279;Vierzon;;;2.070935;47.222533
18279_3020_00009;9;;Rue de Ronvaux;18100;18279;Vierzon;;;2.053602;47.225821
18279_3135_00003;3;;Rue des Tramways de l'Indre;18100;18279;Vierzon;;;2.063188;47.214511
18279_2080_00048_b;48;b;Route de la Loeuf;18100;18279;Vierzon;;;2.036486;47.217003
18279_0745_00019;19;;Chemin de Charnay;18100;18279;Vierzon;;;2.027233;47.241466
18279_0800_00025;25;;Quai du Cher;18100;18279;Vierzon;;;2.062998;47.216395
18279_2608_00007;7;;Chemin des Peages;18100;18279;Vierzon;;;2.033016;47.225749
18279_0980_00038;38;;Rue du Crot à Foulon;18100;18279;Vierzon;;;2.062366;47.231441
18279_1265_00013;13;;Impasse de Fay;18100;18279;Vierzon;;;2.052325;47.235765
18279_3130_00005;5;;Rue Théodore Roosevelt;18100;18279;Vierzon;;;2.068357;47.223556
18279_1720_00028;28;;Rue Henri Barbusse;18100;18279;Vierzon;;;2.064441;47.230991
18279_1290_00080;80;;Rue Félix Pyat;18100;18279;Vierzon;;;2.086321;47.227379
18279_3052_00007;7;;Route de Saint Lazare;18100;18279;Vierzon;;;2.097342;47.208419
18279_3160_00062;62;;Rue du Val Fleury;18100;18279;Vierzon;;;2.068324;47.207989
18279_2590_00012;12;;Rue Paul Lafargue;18100;18279;Vierzon;;;2.071039;47.222203
18279_3160_00050;50;;Rue du Val Fleury;18100;18279;Vierzon;;;2.068791;47.208796
18279_2264_00021;21;;Res Mermoz Nord;18100;18279;Vierzon;;;2.063751;47.204591
18279_0370_00056;56;;Route de Bellon;18100;18279;Vierzon;;;2.07627;47.212666
18279_671bao_00048;48;;avenue maréchal philippe leclerc de hauteclocque;18100;18279;Vierzon;;;2.053295;47.208752
18279_0358_00006;6;;Impasse de Bellevue;18100;18279;Vierzon;;;2.073997;47.224565
18279_2030_00013;13;;Rue Lavoisier;18100;18279;Vierzon;;;2.067749;47.227443
18279_2095_00005;5;;Allee des Longueraies;18100;18279;Vierzon;;;2.059333;47.233097
18279_1290_00193;193;;Rue Félix Pyat;18100;18279;Vierzon;;;2.09643;47.228556
18279_0650_00030;30;;Rue du Cavalier;18100;18279;Vierzon;;;2.065126;47.226113
18279_1591_00010;10;;Chemin du Grand Orme;18100;18279;Vierzon;;;2.103039;47.231181
18279_0482_00021;21;;Rue du Bois d'Yèvre;18100;18279;Vierzon;;;2.069599;47.217998
18279_0942_00033;33;;Impasse de la Craillo;18100;18279;Vierzon;;;2.067113;47.236698
18279_0545_00083;83;;Route de Bourges;18100;18279;Vierzon;;;2.124781;47.214116
18279_1840_00006;6;;Rue Jean-baptiste Clément;18100;18279;Vierzon;;;2.070556;47.227476
18279_1990_00015;15;;Rue Jules Louis Breton;18100;18279;Vierzon;;;2.075713;47.221079
18279_0095_00014;14;;Rue André Gide;18100;18279;Vierzon;;;2.096348;47.222499
18279_3048_00060;60;;Route de Saint Laurent;18100;18279;Vierzon;;;2.123306;47.220037
18279_3202_00080;80;;Avenue de Verdun;18100;18279;Vierzon;;;2.075367;47.226842
18279_3020_00007;7;;Rue de Ronvaux;18100;18279;Vierzon;;;2.053688;47.225977
18279_3180_00003;3;;Rue Van Craeynest;18100;18279;Vierzon;;;2.064951;47.209922
18279_1980_00069;69;;Rue Jules Guesde;18100;18279;Vierzon;;;2.04197;47.2295
18279_2594_00007;7;;Rue Paul Valery;18100;18279;Vierzon;;;2.068469;47.209133
18279_2910_00011;11;;Avenue du 14 Juillet;18100;18279;Vierzon;;;2.064884;47.215712
18279_2155_00101;101;;Avenue du 8 Mai 1945;18100;18279;Vierzon;;;2.087227;47.236343
18279_2750_00029;29;;Rue des Pillots;18100;18279;Vierzon;;;2.052644;47.213675
18279_0160_00027;27;;Rue Armand Bazile;18100;18279;Vierzon;;;2.072494;47.217292
18279_2590_00011;11;;Rue Paul Lafargue;18100;18279;Vierzon;;;2.070958;47.222458
18279_2125_00011_a;11;a;Rue Louise Michel;18100;18279;Vierzon;;;2.070748;47.235553
18279_2750_00019_bis;19;bis;Rue des Pillots;18100;18279;Vierzon;;;2.053322;47.213033
18279_2220_00009;9;;Rue du Maréchal Joffre;18100;18279;Vierzon;;;2.068819;47.223169
18279_1650_00018;18;;Rue Grelon;18100;18279;Vierzon;;;2.061609;47.216143
18279_0359_00008;8;;Parc de Bellevue;18100;18279;Vierzon;;;2.076868;47.226304
18279_0435_00012;12;;Rue de Bitterfeld;18100;18279;Vierzon;;;2.08365;47.203131
18279_0542_00028;28;;Rue du Bourdoiseau;18100;18279;Vierzon;;;2.063049;47.232245
18279_3073_00023_d;23;d;Rue de la Société Française;18100;18279;Vierzon;;;2.058602;47.22592
18279_3047_00056;56;;Rue Saint Exupéry;18100;18279;Vierzon;;;2.067497;47.202278
18279_1405_00006;6;;Rue Gagarine;18100;18279;Vierzon;;;2.080371;47.223677
18279_0140_00021;21;;Rue Antonin Lerault;18100;18279;Vierzon;;;2.068431;47.215159
18279_2260_00004;4;;Route de Méreau;18100;18279;Vierzon;;;2.062422;47.209578
18279_1480_01317;1317;;Rue de la Gaucherie;18100;18279;Vierzon;;;2.064226;47.223521
18279_0890_00132;132;;Rue de la Convention;18100;18279;Vierzon;;;2.110083;47.225867
18279_1120_00021;21;;Rue Edouard Branly;18100;18279;Vierzon;;;2.104392;47.217998
18279_2200_00020;20;;Rue Marcel Sembat;18100;18279;Vierzon;;;2.052278;47.229104
18279_0080_00015;15;;Rue Anatole France;18100;18279;Vierzon;;;2.059955;47.220909
18279_3135_00013;13;;Rue des Tramways de l'Indre;18100;18279;Vierzon;;;2.060815;47.21437
18279_2260_00046_bis;46;bis;Route de Méreau;18100;18279;Vierzon;;;2.061123;47.206401
18279_2260_00025;25;;Route de Méreau;18100;18279;Vierzon;;;2.061943;47.208073
18279_1591_00010_a;10;a;Chemin du Grand Orme;18100;18279;Vierzon;;;2.102641;47.231092
18279_0310_00071_a;71;a;Rue du Bas de Grange;18100;18279;Vierzon;;;2.051453;47.224942
18279_2795_00005;5;;Rue des Ponts;18100;18279;Vierzon;;;2.066919;47.219832
18279_3137_00018;18;;Rue du Travail;18100;18279;Vierzon;;;2.043567;47.232251
18279_2688_00020;20;;Rue Pierre Brossolette;18100;18279;Vierzon;;;2.076597;47.205528
18279_0691_00013;13;;Passage du Chambon;18100;18279;Vierzon;;;2.054565;47.222428
18279_671bao_00019;19;;avenue maréchal philippe leclerc de hauteclocque;18100;18279;Vierzon;;;2.055854;47.208024
18279_0120_00116;116;;Rue André Ribaud;18100;18279;Vierzon;;;2.073109;47.234845
18279_1750_00016;16;;Rue Henri Sellier;18100;18279;Vierzon;;;2.055441;47.218002
18279_0080_00038;38;;Rue Anatole France;18100;18279;Vierzon;;;2.057274;47.221507
18279_1170_00007;7;;Rue des Epinettes;18100;18279;Vierzon;;;2.067928;47.224119
18279_2335_00031;31;;Rue Miranda de Ebro;18100;18279;Vierzon;;;2.063821;47.218989
18279_2830_00060;60;;Rue du President Wilson;18100;18279;Vierzon;;;2.053386;47.216487
18279_0590_00018;18;;Rue Camille Desmoulins;18100;18279;Vierzon;;;2.062122;47.220927
18279_1720_00067;67;;Rue Henri Barbusse;18100;18279;Vierzon;;;2.065025;47.236711
18279_1128_00090;90;;Avenue Edouard Vaillant;18100;18279;Vierzon;;;2.060805;47.236334
18279_3048_00051_e;51;e;Route de Saint Laurent;18100;18279;Vierzon;;;2.122089;47.22092
18279_0352_00004;4;;Rue Beethoven;18100;18279;Vierzon;;;2.078261;47.234966
18279_0942_00008;8;;Impasse de la Craillo;18100;18279;Vierzon;;;2.068373;47.236367
18279_1210_00038;38;;Rue Etienne Desroches;18100;18279;Vierzon;;;2.10296;47.220209
18279_1155_00059;59;;Rue Emile Desforges;18100;18279;Vierzon;;;2.085935;47.229527
18279_0215_00003;3;;Passage de l’Aubepine;18100;18279;Vierzon;;;2.04663;47.230978
18279_2594_01490;1490;;Rue Paul Valery;18100;18279;Vierzon;;;2.068006;47.209631
18279_2309_00003;3;;Chemin des Millards;18100;18279;Vierzon;;;2.099415;47.232077
18279_1230_00136_a;136;a;Rue Etienne Marcel;18100;18279;Vierzon;;;2.105599;47.215419
18279_1980_00054;54;;Rue Jules Guesde;18100;18279;Vierzon;;;2.039346;47.22953
18279_2816_00067;67;;Passage du Pré d'Anet;18100;18279;Vierzon;;;2.081285;47.218407
18279_2472_00033;33;;Route des Noues;18100;18279;Vierzon;;;2.043549;47.21133
18279_1240_00088;88;;Rue Etienne Nivet;18100;18279;Vierzon;;;2.088943;47.220225
18279_a140_00007;7;;Résidence des Coumelins;18100;18279;Vierzon;;;2.099638;47.222012
18279_2155_00059_o;59;o;Avenue du 8 Mai 1945;18100;18279;Vierzon;;;2.079292;47.230938
18279_1591_00006_b;6;b;Chemin du Grand Orme;18100;18279;Vierzon;;;2.103153;47.230118
18279_2510_00081;81;;Rue de la Paix;18100;18279;Vierzon;;;2.054498;47.216511
18279_0415_00013;13;;Rue Bernard Dumont;18100;18279;Vierzon;;;2.071012;47.206144
18279_0370_00016;16;;Route de Bellon;18100;18279;Vierzon;;;2.071192;47.214108
18279_3160_00015;15;;Rue du Val Fleury;18100;18279;Vierzon;;;2.070803;47.211698
18279_3210_00063_c;63;c;Rue Victor Hugo;18100;18279;Vierzon;;;2.064672;47.224061
18279_2630_00022;22;;Rue du Péry;18100;18279;Vierzon;;;2.083967;47.225203
18279_0350_00042_bis;42;bis;Rue Beau Site;18100;18279;Vierzon;;;2.071801;47.210448
18279_0075_00023;23;;Rue Ambroise Croizat;18100;18279;Vierzon;;;2.068718;47.23597
18279_2058_00033_b;33;b;Rue Léo Mérigot;18100;18279;Vierzon;;;2.052598;47.227145
18279_0542_00003;3;;Rue du Bourdoiseau;18100;18279;Vierzon;;;2.063841;47.230917
18279_3060_00002;2;;Rue du Sergent Bobillot;18100;18279;Vierzon;;;2.048687;47.229738
18279_1470_00004;4;;Rue Gaston Cornavin;18100;18279;Vierzon;;;2.087581;47.227555
18279_1870_00003;3;;Rue Jean Jacques Rousseau;18100;18279;Vierzon;;;2.070079;47.21879
18279_1385_00009;9;;Rue Frédéric Mistral;18100;18279;Vierzon;;;2.094515;47.225339
18279_2688_00049;49;;Rue Pierre Brossolette;18100;18279;Vierzon;;;2.076167;47.204501
18279_2910_00036;36;;Avenue du 14 Juillet;18100;18279;Vierzon;;;2.064428;47.214103
18279_0310_00050;50;;Rue du Bas de Grange;18100;18279;Vierzon;;;2.050312;47.225766
18279_2560_00036;36;;Rue Pasteur;18100;18279;Vierzon;;;2.087925;47.219855
18279_2155_00059_n;59;n;Avenue du 8 Mai 1945;18100;18279;Vierzon;;;2.079311;47.230916
18279_1230_00078;78;;Rue Etienne Marcel;18100;18279;Vierzon;;;2.100487;47.217252
18279_1160_00078_bis;78;bis;Rue Emile Zola;18100;18279;Vierzon;;;2.035557;47.225889
18279_3087_00030;30;;Rue de Stalingrad;18100;18279;Vierzon;;;2.082038;47.232584
18279_2070_00023;23;;Boulevard de la Liberté;18100;18279;Vierzon;;;2.066262;47.226925
18279_0545_00013;13;;Route de Bourges;18100;18279;Vierzon;;;2.109839;47.21542
18279_1520_00021;21;;Rue George Sand;18100;18279;Vierzon;;;2.06685;47.227115
18279_0160_00005;5;;Rue Armand Bazile;18100;18279;Vierzon;;;2.070448;47.217857
18279_le1ny7_00016;16;;Rue Jeanne Labourbe;18100;18279;Vierzon;;;2.06181;47.232295
18279_1605_00020;20;;Chemin des Gdes Noues Fontaines;18100;18279;Vierzon;;;2.045001;47.208232
18279_2080_00005;5;;Route de la Loeuf;18100;18279;Vierzon;;;2.048641;47.214289
18279_2870_00192;192;;Route de Puits Berteau;18100;18279;Vierzon;;;2.062304;47.239904
18279_2040_00027;27;;Avenue Mal Philippe Leclerc de Ha;18100;18279;Vierzon;;;2.055575;47.208893
18279_2960_00006_bis;6;bis;Place de la Résistance;18100;18279;Vierzon;;;2.073317;47.223008
18279_1877_00039_c;39;c;Avenue Jean Jaurès;18100;18279;Vierzon;;;2.045286;47.230962
18279_0160_00087_ter;87;ter;Rue Armand Bazile;18100;18279;Vierzon;;;2.079298;47.215402
18279_2335_00017;17;;Rue Miranda de Ebro;18100;18279;Vierzon;;;2.064497;47.219032
18279_1700_00039_a;39;a;Rue Gustave Flourens;18100;18279;Vierzon;;;2.054034;47.231205
18279_0290_00028;28;;Rue Barbès;18100;18279;Vierzon;;;2.053181;47.234669
18279_2500_00010;10;;Rue des Ormes;18100;18279;Vierzon;;;2.076387;47.232225
18279_0120_00095;95;;Rue André Ribaud;18100;18279;Vierzon;;;2.071436;47.234436
18279_2993_00016;16;;Rue Roger Faletto;18100;18279;Vierzon;;;2.086323;47.200094
18279_1538_00028;28;;Rue Georges Rousseau;18100;18279;Vierzon;;;2.058052;47.211793
18279_1385_00007;7;;Rue Frédéric Mistral;18100;18279;Vierzon;;;2.094729;47.225325
18279_3091_00002;2;;Chemin des Tailles;18100;18279;Vierzon;;;2.058383;47.237633
18279_2335_00029;29;;Rue Miranda de Ebro;18100;18279;Vierzon;;;2.063899;47.218986
18279_1160_00017;17;;Rue Emile Zola;18100;18279;Vierzon;;;2.035513;47.225942
18279_2180_00006;6;;Rue Marcel Cachin;18100;18279;Vierzon;;;2.089694;47.229334
18279_2510_00087;87;;Rue de la Paix;18100;18279;Vierzon;;;2.054584;47.217098
18279_671bao_00044;44;;avenue maréchal philippe leclerc de hauteclocque;18100;18279;Vierzon;;;2.053782;47.208826
18279_1905_00070;70;;Rue Jean Picot;18100;18279;Vierzon;;;2.074457;47.210911
18279_2155_00020;20;;Avenue du 8 Mai 1945;18100;18279;Vierzon;;;2.076468;47.227725
18279_1250_00046;46;;Rue Eugène Pottier;18100;18279;Vierzon;;;2.0998;47.220295
18279_0352_00021;21;;Rue Beethoven;18100;18279;Vierzon;;;2.079035;47.234858
18279_0395_00014;14;;Rue Henri Bergson;18100;18279;Vierzon;;;2.095217;47.224873
18279_0730_00009;9;;Rue Charles Gibault;18100;18279;Vierzon;;;2.081831;47.217381
18279_1715_00002;2;;Allee Hoche;18100;18279;Vierzon;;;2.045958;47.227571
18279_2190_00054;54;;Rue Marcel Perrin;18100;18279;Vierzon;;;2.070847;47.226544
18279_2430_00014;14;;Rue Urbain Nègre;18100;18279;Vierzon;;;2.08044;47.227519
18279_3310_00001;1;;Quai d'Yèvre;18100;18279;Vierzon;;;2.066008;47.219982
18279_2220_00008;8;;Rue du Maréchal Joffre;18100;18279;Vierzon;;;2.068472;47.223256
18279_3125_00009;9;;Rue Theodore Monod;18100;18279;Vierzon;;;2.081131;47.233567
18279_1520_00022;22;;Rue George Sand;18100;18279;Vierzon;;;2.066777;47.225802
18279_2491_00007;7;;Chemin de l’Orme a Lieue;18100;18279;Vierzon;;;2.12564;47.214816
18279_1115_00001;1;;Rue Edmond Rostand;18100;18279;Vierzon;;;2.076805;47.200805
18279_1877_00023;23;;Avenue Jean Jaurès;18100;18279;Vierzon;;;2.046909;47.230558
18279_3vyj15_00002;2;;Clos de la Minee;18100;18279;Vierzon;;;2.065876;47.236692
18279_0550_00007;7;;Rue du Bourgneuf;18100;18279;Vierzon;;;2.064365;47.215764
18279_3091_00011;11;;Chemin des Tailles;18100;18279;Vierzon;;;2.057943;47.238767
18279_0020_00044;44;;Chemin de l’Abricot;18100;18279;Vierzon;;;2.048475;47.218596
18279_2714_00008;8;;Allée Pierre de Coubertin;18100;18279;Vierzon;;;2.07716;47.210126
18279_2330_00050;50;;Rue Mirabeau;18100;18279;Vierzon;;;2.054837;47.211724
18279_0310_00016_t;16;t;Rue du Bas de Grange;18100;18279;Vierzon;;;2.05499;47.224487
18279_2472_00043;43;;Route des Noues;18100;18279;Vierzon;;;2.042375;47.211344
18279_0013_00005;5;;Rue Abbé Pierre;18100;18279;Vierzon;;;2.080494;47.23414
18279_2340_00004;4;;Rue Molière;18100;18279;Vierzon;;;2.066253;47.219957
18279_0160_00045;45;;Rue Armand Bazile;18100;18279;Vierzon;;;2.074418;47.216747
18279_0320_00003;3;;Quai du Bassin;18100;18279;Vierzon;;;2.069186;47.220106
18279_lukrq1_00002_bis;2;bis;Rue Rouget de Lisle;18100;18279;Vierzon;;;2.047536;47.233194
18279_3087_00028;28;;Rue de Stalingrad;18100;18279;Vierzon;;;2.081939;47.232514
18279_2510_00088;88;;Rue de la Paix;18100;18279;Vierzon;;;2.054592;47.217191
18279_0890_00169;169;;Rue de la Convention;18100;18279;Vierzon;;;2.110041;47.22695
18279_0040_00003;3;;Rue Adolphe Hache;18100;18279;Vierzon;;;2.058601;47.224297
18279_3280_00087;87;;Rue de Villeneuve;18100;18279;Vierzon;;;2.069979;47.208308
18279_1128_00052;52;;Avenue Edouard Vaillant;18100;18279;Vierzon;;;2.06089;47.233637
18279_1870_00067_bis;67;bis;Rue Jean Jacques Rousseau;18100;18279;Vierzon;;;2.074582;47.218234
18279_2260_00017_a;17;a;Route de Méreau;18100;18279;Vierzon;;;2.062086;47.208474
18279_2100_00001;1;;Rue des Longueraies;18100;18279;Vierzon;;;2.057318;47.231016
18279_0100_00012;12;;Rue André Guillemain;18100;18279;Vierzon;;;2.081982;47.216547
18279_2870_00083;83;;Route de Puits Berteau;18100;18279;Vierzon;;;2.072954;47.237022
18279_2795_00052;52;;Rue des Ponts;18100;18279;Vierzon;;;2.066596;47.219073
18279_0980_00016;16;;Rue du Crot à Foulon;18100;18279;Vierzon;;;2.063823;47.230195
18279_3088_00001;1;;Place du Tacot;18100;18279;Vierzon;;;2.043974;47.230193
18279_0545_00037;37;;Route de Bourges;18100;18279;Vierzon;;;2.116428;47.214832
18279_2688_00045;45;;Rue Pierre Brossolette;18100;18279;Vierzon;;;2.076314;47.2043
18279_2472_00018;18;;Route des Noues;18100;18279;Vierzon;;;2.048672;47.210008
18279_0600_00018;18;;Petite Rue du Camp;18100;18279;Vierzon;;;2.066725;47.206795
18279_2870_00132;132;;Route de Puits Berteau;18100;18279;Vierzon;;;2.069423;47.237798
18279_2200_00009;9;;Rue Marcel Sembat;18100;18279;Vierzon;;;2.05324;47.22852
18279_1128_00060;60;;Avenue Edouard Vaillant;18100;18279;Vierzon;;;2.060861;47.234352
18279_3226_00044;44;;Route du Vieux Domaine;18100;18279;Vierzon;;;2.096638;47.210152
18279_2080_00125;125;;Route de la Loeuf;18100;18279;Vierzon;;;2.030755;47.209544
18279_2390_00001;1;;Rue du Mouton;18100;18279;Vierzon;;;2.081397;47.231045
18279_3280_00094;94;;Rue de Villeneuve;18100;18279;Vierzon;;;2.069237;47.207648
18279_0030_00056;56;;Rue de l'Abricot;18100;18279;Vierzon;;;2.053631;47.221244
18279_1250_00031;31;;Rue Eugène Pottier;18100;18279;Vierzon;;;2.099045;47.221208
18279_1250_00100;100;;Rue Eugène Pottier;18100;18279;Vierzon;;;2.098422;47.224314
18279_1720_00069;69;;Rue Henri Barbusse;18100;18279;Vierzon;;;2.065396;47.237191
18279_1470_00012;12;;Rue Gaston Cornavin;18100;18279;Vierzon;;;2.08746;47.227984
18279_1128_00137;137;;Avenue Edouard Vaillant;18100;18279;Vierzon;;;2.060899;47.240686
18279_2220_00045;45;;Rue du Maréchal Joffre;18100;18279;Vierzon;;;2.070069;47.222977
18279_2330_00035;35;;Rue Mirabeau;18100;18279;Vierzon;;;2.05407;47.210931
18279_1520_00042;42;;Rue George Sand;18100;18279;Vierzon;;;2.066529;47.228099
18279_2190_00031;31;;Rue Marcel Perrin;18100;18279;Vierzon;;;2.071122;47.225971
18279_3202_00044;44;;Avenue de Verdun;18100;18279;Vierzon;;;2.073858;47.225638
18279_1240_00040;40;;Rue Etienne Nivet;18100;18279;Vierzon;;;2.082202;47.221505
18279_2000_00010;10;;Rue Jules Vallès;18100;18279;Vierzon;;;2.065416;47.219361
18279_1700_00035;35;;Rue Gustave Flourens;18100;18279;Vierzon;;;2.054427;47.231385
18279_1930_00006;6;;Rue de Jérusalem;18100;18279;Vierzon;;;2.067467;47.217571
18279_3170_00001_bis;1;bis;Rue de Valmy;18100;18279;Vierzon;;;2.066816;47.219055
18279_0360_00002_a;2;a;Rue de Bellevue;18100;18279;Vierzon;;;2.068951;47.209584
18279_1840_00076_c;76;c;Rue Jean-baptiste Clément;18100;18279;Vierzon;;;2.073925;47.232429
18279_2816_00045;45;;Passage du Pré d'Anet;18100;18279;Vierzon;;;2.079041;47.2191
18279_1980_00059;59;;Rue Jules Guesde;18100;18279;Vierzon;;;2.043316;47.228931
18279_2210_00008;8;;Place du Maréchal Foch;18100;18279;Vierzon;;;2.067454;47.222777
18279_0260_00007;7;;Petite Rue Babeuf;18100;18279;Vierzon;;;2.045603;47.23487
18279_1351_00001;1;;Chemin de la Fosse au Gue;18100;18279;Vierzon;;;2.033234;47.217602
18279_0360_00017;17;;Rue de Bellevue;18100;18279;Vierzon;;;2.072498;47.208808
18279_0020_00066;66;;Chemin de l’Abricot;18100;18279;Vierzon;;;2.046068;47.21933
18279_0866_00044_t;44;t;Avenue du Colonel Manhes;18100;18279;Vierzon;;;2.082045;47.223215
18279_a070_00019;19;;Residence des Bruyeres;18100;18279;Vierzon;;;2.065278;47.205561
18279_0760_00003;3;;Passage du Chateau;18100;18279;Vierzon;;;2.071159;47.223051
18279_2260_00023;23;;Route de Méreau;18100;18279;Vierzon;;;2.061989;47.208185
18279_0110_00038;38;;Rue André Hènault;18100;18279;Vierzon;;;2.060191;47.215356
18279_1560_00016_bis;16;bis;Rue Gourdon;18100;18279;Vierzon;;;2.06623;47.22441
18279_0370_00071;71;;Route de Bellon;18100;18279;Vierzon;;;2.077166;47.212395
18279_0275_00004;4;;Rue Bara;18100;18279;Vierzon;;;2.045481;47.231338
18279_1240_00072_b;72;b;Rue Etienne Nivet;18100;18279;Vierzon;;;2.085818;47.221188
18279_2330_00049;49;;Rue Mirabeau;18100;18279;Vierzon;;;2.053001;47.210233
18279_1128_00096;96;;Avenue Edouard Vaillant;18100;18279;Vierzon;;;2.060762;47.236679
18279_a140_00001;1;;Résidence des Coumelins;18100;18279;Vierzon;;;2.098875;47.221934
18279_b170_00048_a;48;a;Ile de Labras;18100;18279;Vierzon;;;2.057717;47.210689
18279_0730_00019;19;;Rue Charles Gibault;18100;18279;Vierzon;;;2.082983;47.217101
18279_1128_00153;153;;Avenue Edouard Vaillant;18100;18279;Vierzon;;;2.060804;47.242675
18279_1155_00065;65;;Rue Emile Desforges;18100;18279;Vierzon;;;2.086525;47.229907
18279_0150_00003;3;;Place Aristide Briand;18100;18279;Vierzon;;;2.067442;47.222113
18279_1877_00048;48;;Avenue Jean Jaurès;18100;18279;Vierzon;;;2.04515;47.231077
18279_0370_00133;133;;Route de Bellon;18100;18279;Vierzon;;;2.081699;47.203611
18279_0599_00009;9;;Chemin du Camp;18100;18279;Vierzon;;;2.063344;47.206039
18279_2155_00074_bis;74;bis;Avenue du 8 Mai 1945;18100;18279;Vierzon;;;2.079588;47.230174
18279_1070_00013;13;;Rue des Donneaux;18100;18279;Vierzon;;;2.045072;47.227111
18279_2188_00046;46;;Rue Marcel Pagnol;18100;18279;Vierzon;;;2.075909;47.208976
18279_0082_01305;1305;;Petite Rue Anatole France;18100;18279;Vierzon;;;2.051377;47.220032
18279_2390_00002;2;;Rue du Mouton;18100;18279;Vierzon;;;2.081132;47.231028
18279_0497_00042_bis;42;bis;Chemin de Bois Marteau;18100;18279;Vierzon;;;2.052871;47.242759
18279_0352_00002;2;;Rue Beethoven;18100;18279;Vierzon;;;2.078059;47.234884
18279_0980_00007_c;7;c;Rue du Crot à Foulon;18100;18279;Vierzon;;;2.064913;47.229908
18279_3300_00003_bis;3;bis;Rue Voltaire;18100;18279;Vierzon;;;2.067733;47.221413
18279_1065_00016;16;;Cour des Donneaux;18100;18279;Vierzon;;;2.043722;47.227664
18279_2302_00009;9;;Rue Michel Lucas;18100;18279;Vierzon;;;2.084644;47.231062
18279_0310_00064;64;;Rue du Bas de Grange;18100;18279;Vierzon;;;2.048104;47.225482
18279_1370_00009;9;;Rue Fourier;18100;18279;Vierzon;;;2.060168;47.230007
18279_1990_00040_a;40;a;Rue Jules Louis Breton;18100;18279;Vierzon;;;2.078005;47.221054
18279_0844_00013;13;;Impasse du Clos Chabot;18100;18279;Vierzon;;;2.080627;47.229552
18279_3202_00019;19;;Avenue de Verdun;18100;18279;Vierzon;;;2.072777;47.224977
18279_2816_00025;25;;Passage du Pré d'Anet;18100;18279;Vierzon;;;2.076315;47.219489
18279_1290_00103;103;;Rue Félix Pyat;18100;18279;Vierzon;;;2.088863;47.227799
18279_2560_00034;34;;Rue Pasteur;18100;18279;Vierzon;;;2.087737;47.219863
18279_1700_00050;50;;Rue Gustave Flourens;18100;18279;Vierzon;;;2.054016;47.231607
18279_2583_00013;13;;Rue Paul Eluard;18100;18279;Vierzon;;;2.083529;47.201535
18279_0740_00083;83;;Rue Charles Hurvoy;18100;18279;Vierzon;;;2.061536;47.229476
18279_1840_00008;8;;Rue Jean-baptiste Clément;18100;18279;Vierzon;;;2.070539;47.227566
18279_2930_00041;41;;Rue Raspail;18100;18279;Vierzon;;;2.075592;47.223319
18279_0350_00004;4;;Rue Beau Site;18100;18279;Vierzon;;;2.073443;47.213158
18279_3133_00014;14;;Route de Tours;18100;18279;Vierzon;;;2.039415;47.232962
18279_3073_00039;39;;Rue de la Société Française;18100;18279;Vierzon;;;2.057609;47.226161
18279_3226_00050;50;;Route du Vieux Domaine;18100;18279;Vierzon;;;2.097107;47.20998
18279_1456_00013;13;;Chemin du Gardois;18100;18279;Vierzon;;;2.03529;47.209373
18279_1000_00012;12;;Rue Danton;18100;18279;Vierzon;;;2.048054;47.226971
18279_3147_00032;32;;Rue de l'Unité;18100;18279;Vierzon;;;2.072614;47.236657
18279_3133_00068;68;;Route de Tours;18100;18279;Vierzon;;;2.032382;47.237141
18279_2688_00043;43;;Rue Pierre Brossolette;18100;18279;Vierzon;;;2.076383;47.204199
18279_1560_00012;12;;Rue Gourdon;18100;18279;Vierzon;;;2.067174;47.224316
18279_0170_00062;62;;Rue Armand Brunet;18100;18279;Vierzon;;;2.073062;47.221313
18279_0720_00014;14;;Rue des Changes;18100;18279;Vierzon;;;2.069008;47.223883
18279_1720_00020_b;20;b;Rue Henri Barbusse;18100;18279;Vierzon;;;2.064209;47.230423
18279_2080_00081;81;;Route de la Loeuf;18100;18279;Vierzon;;;2.032447;47.215386
18279_1840_00074;74;;Rue Jean-baptiste Clément;18100;18279;Vierzon;;;2.074214;47.231989
18279_2950_00012;12;;Avenue de la République;18100;18279;Vierzon;;;2.06642;47.222836
18279_2005_00018;18;;Rue Julian Grimau;18100;18279;Vierzon;;;2.085318;47.201203
18279_a400_00016;16;;Residence les Pommiers;18100;18279;Vierzon;;;2.092494;47.227792
18279_0120_00060_bis;60;bis;Rue André Ribaud;18100;18279;Vierzon;;;2.06862;47.232553
18279_1065_00008;8;;Cour des Donneaux;18100;18279;Vierzon;;;2.044454;47.227503
18279_0650_00054;54;;Rue du Cavalier;18100;18279;Vierzon;;;2.067586;47.225333
18279_2985_00004;4;;Impasse Riparia;18100;18279;Vierzon;;;2.060918;47.214611
18279_2200_00011;11;;Rue Marcel Sembat;18100;18279;Vierzon;;;2.054019;47.228066
18279_1510_00038;38;;Grande Rue de la Genette;18100;18279;Vierzon;;;2.055777;47.216388
18279_1536_00039;39;;Rue Georges Politzer;18100;18279;Vierzon;;;2.079147;47.204245
18279_1470_00034;34;;Rue Gaston Cornavin;18100;18279;Vierzon;;;2.087347;47.229229
18279_1250_00052;52;;Rue Eugène Pottier;18100;18279;Vierzon;;;2.099677;47.220716
18279_1255_00003;3;;Rue Evariste Galois;18100;18279;Vierzon;;;2.084345;47.201358
18279_0942_00021;21;;Impasse de la Craillo;18100;18279;Vierzon;;;2.066957;47.236329
18279_2330_00117;117;;Rue Mirabeau;18100;18279;Vierzon;;;2.050499;47.208921
18279_2850_00010_q;10;q;Rue Proudhon;18100;18279;Vierzon;;;2.048388;47.231473
18279_3020_00011;11;;Rue de Ronvaux;18100;18279;Vierzon;;;2.053522;47.225672
18279_1062_00005;5;;Rue du Docteur Pierre Roux;18100;18279;Vierzon;;;2.069121;47.2242
18279_1840_00050_b;50;b;Rue Jean-baptiste Clément;18100;18279;Vierzon;;;2.071636;47.230507
18279_2583_00011;11;;Rue Paul Eluard;18100;18279;Vierzon;;;2.083391;47.201644
18279_1712_00010;10;;Hameau de la Dumonerie;18100;18279;Vierzon;;;2.095763;47.220246
18279_0542_00011_bis;11;bis;Rue du Bourdoiseau;18100;18279;Vierzon;;;2.063397;47.231403
18279_2795_00038;38;;Rue des Ponts;18100;18279;Vierzon;;;2.066848;47.219491
18279_3280_00050;50;;Rue de Villeneuve;18100;18279;Vierzon;;;2.070765;47.210419
18279_0370_00019;19;;Route de Bellon;18100;18279;Vierzon;;;2.072264;47.21376
18279_1128_00056;56;;Avenue Edouard Vaillant;18100;18279;Vierzon;;;2.060875;47.234024
18279_1536_00057;57;;Rue Georges Politzer;18100;18279;Vierzon;;;2.080923;47.204058
18279_a600_00008;8;;Residence Val d’Yevre;18100;18279;Vierzon;;;2.094023;47.218741
18279_1950_00029;29;;Avenue du Jonc;18100;18279;Vierzon;;;2.066579;47.210106
18279_0542_00021;21;;Rue du Bourdoiseau;18100;18279;Vierzon;;;2.062884;47.232432
18279_0290_00036;36;;Rue Barbès;18100;18279;Vierzon;;;2.054407;47.23513
18279_1480_00040;40;;Rue de la Gaucherie;18100;18279;Vierzon;;;2.063721;47.223149
18279_2155_00099;99;;Avenue du 8 Mai 1945;18100;18279;Vierzon;;;2.0871;47.236242
18279_1230_01405;1405;;Rue Etienne Marcel;18100;18279;Vierzon;;;2.097567;47.217849
18279_1810_00017;17;;Rue de l'Ile du Cher;18100;18279;Vierzon;;;2.064879;47.216997
18279_2309_00054;54;;Chemin des Millards;18100;18279;Vierzon;;;2.110807;47.234516
18279_1220_00007;7;;Rue Etienne Dolet;18100;18279;Vierzon;;;2.102412;47.214966
18279_2594_00029;29;;Rue Paul Valery;18100;18279;Vierzon;;;2.067321;47.208313
18279_0120_00005;5;;Rue André Ribaud;18100;18279;Vierzon;;;2.065358;47.229285
18279_1375_00007;7;;Rue France Bloch-sérazin;18100;18279;Vierzon;;;2.077948;47.207019
18279_1428_00007;7;;Place Gallerand;18100;18279;Vierzon;;;2.068387;47.223115
18279_p07zqe_00023;23;;Chemin du Pre d’Anet;18100;18279;Vierzon;;;2.075983;47.219594
18279_0866_00002_ter;2;ter;Avenue du Colonel Manhes;18100;18279;Vierzon;;;2.077715;47.223645
18279_1128_00064_bis;64;bis;Avenue Edouard Vaillant;18100;18279;Vierzon;;;2.060851;47.234612
18279_0054_00004;4;;Rue Albert Schweitzer;18100;18279;Vierzon;;;2.096488;47.224775
18279_0599_00007;7;;Chemin du Camp;18100;18279;Vierzon;;;2.063356;47.206119
18279_1538_00019;19;;Rue Georges Rousseau;18100;18279;Vierzon;;;2.058288;47.212494
18279_1285_00025;25;;Rue Federico Garcia Lorca;18100;18279;Vierzon;;;2.08513;47.199468
18279_3055_00002;2;;Chemin de Saint Priest;18100;18279;Vierzon;;;2.034728;47.226331
18279_0070_00015;15;;Rue Alphonse Pradat;18100;18279;Vierzon;;;2.045495;47.220861
18279_1055_00001_bis;1;bis;Avenue du 19 Mars 1962;18100;18279;Vierzon;;;2.087922;47.236889
18279_0980_00024;24;;Rue du Crot à Foulon;18100;18279;Vierzon;;;2.063075;47.230813
18279_0568_00020;20;;Chemin du Briou;18100;18279;Vierzon;;;2.085477;47.224954
18279_0052_00033;33;;Rue Albert et Paul Thouvenin;18100;18279;Vierzon;;;2.111553;47.20705
18279_1877_00062;62;;Avenue Jean Jaurès;18100;18279;Vierzon;;;2.044015;47.231333
18279_2500_00016;16;;Rue des Ormes;18100;18279;Vierzon;;;2.076732;47.231944
18279_0497_00011;11;;Chemin de Bois Marteau;18100;18279;Vierzon;;;2.055997;47.239327
18279_1000_00012_b;12;b;Rue Danton;18100;18279;Vierzon;;;2.048363;47.226984
18279_1375_00015;15;;Rue France Bloch-sérazin;18100;18279;Vierzon;;;2.078429;47.206511
18279_0195_00018;18;;Rue Arthur Rimbaud;18100;18279;Vierzon;;;2.083113;47.202272
18279_0440_00004;4;;Rue Blaise Pascal;18100;18279;Vierzon;;;2.075865;47.217547
18279_2947_00027;27;;Route René Dumont;18100;18279;Vierzon;;;2.094089;47.206207
18279_2025_00002;2;;avenue maréchal jean de lattre de tassigny;18100;18279;Vierzon;;;2.063051;47.209637
18279_2870_00101_a;101;a;Route de Puits Berteau;18100;18279;Vierzon;;;2.071052;47.237371
18279_0550_00012;12;;Rue du Bourgneuf;18100;18279;Vierzon;;;2.064215;47.215518
18279_2472_00005;5;;Route des Noues;18100;18279;Vierzon;;;2.048141;47.210017
18279_0890_00053;53;;Rue de la Convention;18100;18279;Vierzon;;;2.104883;47.22027
18279_0310_00038;38;;Rue du Bas de Grange;18100;18279;Vierzon;;;2.05242;47.224987
18279_2070_00006;6;;Boulevard de la Liberté;18100;18279;Vierzon;;;2.067833;47.226388
18279_2870_00016_bis;16;bis;Route de Puits Berteau;18100;18279;Vierzon;;;2.07982;47.233467
18279_0710_00037;37;;Rue du Champanet;18100;18279;Vierzon;;;2.060235;47.220236
18279_1375_00027;27;;Rue France Bloch-sérazin;18100;18279;Vierzon;;;2.07843;47.206201
18279_0445_00041;41;;Chemin Blanc;18100;18279;Vierzon;;;2.058308;47.205558
18279_a130_00003;3;;Lotissement de la Colline;18100;18279;Vierzon;;;2.072112;47.23226
18279_1375_00029;29;;Rue France Bloch-sérazin;18100;18279;Vierzon;;;2.078392;47.206387
18279_671bao_00036;36;;avenue maréchal philippe leclerc de hauteclocque;18100;18279;Vierzon;;;2.054464;47.209761
18279_2100_00033;33;;Rue des Longueraies;18100;18279;Vierzon;;;2.058364;47.232902
18279_1555_00007;7;;Impasse de la Glaciere;18100;18279;Vierzon;;;2.042549;47.230808
18279_0080_00059;59;;Rue Anatole France;18100;18279;Vierzon;;;2.055391;47.221821
18279_0350_00071;71;;Rue Beau Site;18100;18279;Vierzon;;;2.070984;47.208318
18279_3133_00090_bis;90;bis;Route de Tours;18100;18279;Vierzon;;;2.028071;47.239464
18279_1250_00001;1;;Rue Eugène Pottier;18100;18279;Vierzon;;;2.098619;47.218309
18279_1230_00140_a;140;a;Rue Etienne Marcel;18100;18279;Vierzon;;;2.10616;47.215479
18279_3047_00074;74;;Rue Saint Exupéry;18100;18279;Vierzon;;;2.067048;47.200767
18279_3048_00067;67;;Route de Saint Laurent;18100;18279;Vierzon;;;2.125123;47.220426
18279_1770_00014;14;;Rue Honoré de Balzac;18100;18279;Vierzon;;;2.065345;47.212539
18279_2935_00008;8;;Chemin des Rechignardes;18100;18279;Vierzon;;;2.07039;47.2303
18279_1128_00044;44;;Avenue Edouard Vaillant;18100;18279;Vierzon;;;2.061011;47.232444
18279_1128_00118_c;118;c;Avenue Edouard Vaillant;18100;18279;Vierzon;;;2.060678;47.2388
18279_1190_00016_a;16;a;Quai de l’Etang;18100;18279;Vierzon;;;2.103418;47.214126
18279_0140_00023;23;;Rue Antonin Lerault;18100;18279;Vierzon;;;2.0686;47.215019
18279_2640_00007;7;;Route du Petit Râteau;18100;18279;Vierzon;;;2.096993;47.229309
18279_2070_00035;35;;Boulevard de la Liberté;18100;18279;Vierzon;;;2.064573;47.227306
18279_0445_00039;39;;Chemin Blanc;18100;18279;Vierzon;;;2.058126;47.205627
18279_0310_00044;44;;Rue du Bas de Grange;18100;18279;Vierzon;;;2.051992;47.224962
18279_1870_00055;55;;Rue Jean Jacques Rousseau;18100;18279;Vierzon;;;2.073943;47.218349
18279_3073_00015_a;15;a;Rue de la Société Française;18100;18279;Vierzon;;;2.058973;47.225142
18279_2679_00030;30;;Chemin de la Picardière;18100;18279;Vierzon;;;2.135516;47.238172
18279_2625_00009_bis;9;bis;Chemin du Perdrier;18100;18279;Vierzon;;;2.098216;47.223721
18279_2180_00027;27;;Rue Marcel Cachin;18100;18279;Vierzon;;;2.088117;47.228883
18279_2980_00034;34;;Rue Riparia;18100;18279;Vierzon;;;2.05815;47.213747
18279_3073_00031;31;;Rue de la Société Française;18100;18279;Vierzon;;;2.057797;47.225802
18279_a130_00006;6;;Lotissement de la Colline;18100;18279;Vierzon;;;2.072605;47.232417
18279_0329_00010;10;;Impasse Baudin;18100;18279;Vierzon;;;2.060107;47.220644
18279_2608_00026;26;;Chemin des Peages;18100;18279;Vierzon;;;2.029144;47.226013
18279_2610_00014;14;;Chemin des Pelles;18100;18279;Vierzon;;;2.044266;47.223741
18279_1308_00007;7;;Impasse des Feuillures;18100;18279;Vierzon;;;2.067306;47.212442
18279_0075_00017;17;;Rue Ambroise Croizat;18100;18279;Vierzon;;;2.069046;47.235744
18279_1480_00058;58;;Rue de la Gaucherie;18100;18279;Vierzon;;;2.063991;47.22359
18279_0800_00047;47;;Quai du Cher;18100;18279;Vierzon;;;2.06155;47.216693
18279_2648_00025;25;;Chemin de la Petite Noue;18100;18279;Vierzon;;;2.064601;47.204007
18279_1391_00002;2;;Rue de la Fringale;18100;18279;Vierzon;;;2.041047;47.232181
18279_2105_00003;3;;Petite Rue des Longueraies;18100;18279;Vierzon;;;2.058667;47.236683
18279_0080_00094;94;;Rue Anatole France;18100;18279;Vierzon;;;2.051857;47.222332
18279_1128_00159;159;;Avenue Edouard Vaillant;18100;18279;Vierzon;;;2.060701;47.243123
18279_1940_00044;44;;Rue Joliot Curie;18100;18279;Vierzon;;;2.074562;47.210293
18279_1405_00001_f;1;f;Rue Gagarine;18100;18279;Vierzon;;;2.080355;47.224796
18279_0890_00032;32;;Rue de la Convention;18100;18279;Vierzon;;;2.102544;47.219082
18279_1110_00010;10;;Rue Edgar Quinet;18100;18279;Vierzon;;;2.066398;47.223671
18279_2685_00012;12;;Avenue Pierre Billes;18100;18279;Vierzon;;;2.112204;47.202209
18279_0445_00019;19;;Chemin Blanc;18100;18279;Vierzon;;;2.054577;47.206899
18279_2720_00057;57;;Rue Pierre Dupont;18100;18279;Vierzon;;;2.041169;47.237925
18279_3047_00088;88;;Rue Saint Exupéry;18100;18279;Vierzon;;;2.066786;47.199855
18279_0910_00001;1;;Ruelle du Corneau;18100;18279;Vierzon;;;2.070424;47.223722
18279_le1ny7_00009_ter;9;ter;Rue Jeanne Labourbe;18100;18279;Vierzon;;;2.059407;47.231331
18279_1720_00048;48;;Rue Henri Barbusse;18100;18279;Vierzon;;;2.064857;47.2321
18279_0420_00005;5;;Rue de la Bidauderie;18100;18279;Vierzon;;;2.078724;47.234383
18279_1265_00010;10;;Impasse de Fay;18100;18279;Vierzon;;;2.052761;47.235541
18279_1569_00016;16;;Chemin de Grands Champs;18100;18279;Vierzon;;;2.087197;47.250532
18279_0370_00023;23;;Route de Bellon;18100;18279;Vierzon;;;2.072692;47.213659
18279_2025_00078;78;;avenue maréchal jean de lattre de tassigny;18100;18279;Vierzon;;;2.07225;47.204796
18279_0020_00023;23;;Chemin de l’Abricot;18100;18279;Vierzon;;;2.050139;47.218848
18279_0160_00093;93;;Rue Armand Bazile;18100;18279;Vierzon;;;2.080587;47.215037
18279_2710_00024;24;;Rue Pierre Debournou;18100;18279;Vierzon;;;2.062383;47.223572
18279_le1ny7_00017;17;;Rue Jeanne Labourbe;18100;18279;Vierzon;;;2.060081;47.231664
18279_2025_00075;75;;avenue maréchal jean de lattre de tassigny;18100;18279;Vierzon;;;2.076749;47.20286
18279_0160_00002_bis;2;bis;Rue Armand Bazile;18100;18279;Vierzon;;;2.069953;47.218149
18279_2990_00018;18;;Rue Robespierre;18100;18279;Vierzon;;;2.096679;47.219433
18279_le1ny7_00002;2;;Rue Jeanne Labourbe;18100;18279;Vierzon;;;2.059142;47.230928
18279_2390_00068;68;;Rue du Mouton;18100;18279;Vierzon;;;2.089089;47.230104
18279_1536_00059;59;;Rue Georges Politzer;18100;18279;Vierzon;;;2.081158;47.203901
18279_1712_00001;1;;Hameau de la Dumonerie;18100;18279;Vierzon;;;2.096036;47.219776
18279_1720_00034;34;;Rue Henri Barbusse;18100;18279;Vierzon;;;2.064498;47.231232
18279_0743_00022;22;;Rue Charlotte Delbo;18100;18279;Vierzon;;;2.087493;47.222304
18279_0650_00016;16;;Rue du Cavalier;18100;18279;Vierzon;;;2.063781;47.226414
18279_2058_00003;3;;Rue Léo Mérigot;18100;18279;Vierzon;;;2.04912;47.230032
18279_2845_00010;10;;Passage Proudhon;18100;18279;Vierzon;;;2.049597;47.23258
18279_2560_00036_bis;36;bis;Rue Pasteur;18100;18279;Vierzon;;;2.088025;47.219868
18279_0100_00019;19;;Rue André Guillemain;18100;18279;Vierzon;;;2.081691;47.215745
18279_lukrq1_00010;10;;Rue Rouget de Lisle;18100;18279;Vierzon;;;2.046426;47.232798
18279_2710_00015;15;;Rue Pierre Debournou;18100;18279;Vierzon;;;2.062613;47.223851
18279_2472_00064;64;;Route des Noues;18100;18279;Vierzon;;;2.042808;47.21152
18279_1290_00093;93;;Rue Félix Pyat;18100;18279;Vierzon;;;2.086957;47.227424
18279_3133_00023;23;;Route de Tours;18100;18279;Vierzon;;;2.038511;47.233343
18279_1180_00010;10;;Rue Ernest Renan;18100;18279;Vierzon;;;2.074618;47.217534
18279_2058_00054_a;54;a;Rue Léo Mérigot;18100;18279;Vierzon;;;2.052217;47.228104
18279_3055_00012;12;;Chemin de Saint Priest;18100;18279;Vierzon;;;2.034259;47.228881
18279_0497_00029;29;;Chemin de Bois Marteau;18100;18279;Vierzon;;;2.054101;47.242631
18279_2255_00010;10;;Place de la Mémoire;18100;18279;Vierzon;;;2.079586;47.200066
18279_2750_00018;18;;Rue des Pillots;18100;18279;Vierzon;;;2.0554;47.213899
18279_2155_00080_bis;80;bis;Avenue du 8 Mai 1945;18100;18279;Vierzon;;;2.080707;47.230908
18279_2610_00015;15;;Chemin des Pelles;18100;18279;Vierzon;;;2.044124;47.223647
18279_0712_00008;8;;Rue du Champ Commun;18100;18279;Vierzon;;;2.068259;47.219802
18279_0714_00022;22;;Rue du Champ du Four;18100;18279;Vierzon;;;2.081084;47.23436
18279_0310_00076;76;;Rue du Bas de Grange;18100;18279;Vierzon;;;2.047133;47.22553
18279_1536_00064;64;;Rue Georges Politzer;18100;18279;Vierzon;;;2.080082;47.203401
18279_1825_00009_a;9;a;Rue Jacques Brel;18100;18279;Vierzon;;;2.078926;47.2006
18279_3271_00009;9;;Route du Village d’En Haut;18100;18279;Vierzon;;;2.111139;47.231236
18279_3045_00008;8;;Chemin Ruisseau des Rechignardes;18100;18279;Vierzon;;;2.077985;47.231759
18279_0120_00002;2;;Rue André Ribaud;18100;18279;Vierzon;;;2.065268;47.228791
18279_2430_00015_bis;15;bis;Rue Urbain Nègre;18100;18279;Vierzon;;;2.079962;47.227647
18279_3310_00004_a;4;a;Quai d'Yèvre;18100;18279;Vierzon;;;2.065541;47.219811
18279_0370_00041;41;;Route de Bellon;18100;18279;Vierzon;;;2.07378;47.213446
18279_0310_00065;65;;Rue du Bas de Grange;18100;18279;Vierzon;;;2.053044;47.22494
18279_2688_00039;39;;Rue Pierre Brossolette;18100;18279;Vierzon;;;2.076439;47.203948
18279_2709_00018;18;;Impasse Pierre Debournou;18100;18279;Vierzon;;;2.062224;47.223325
18279_2770_00015;15;;Rue de la Plaisance;18100;18279;Vierzon;;;2.091684;47.219966
18279_0052_00015;15;;Rue Albert et Paul Thouvenin;18100;18279;Vierzon;;;2.107389;47.20856
18279_0290_00085_a;85;a;Rue Barbès;18100;18279;Vierzon;;;2.057277;47.236598
18279_2735_00031;31;;Rue Pierre Ferdonnet;18100;18279;Vierzon;;;2.090716;47.226009
18279_0150_00016;16;;Place Aristide Briand;18100;18279;Vierzon;;;2.067224;47.222196
18279_0745_00006;6;;Chemin de Charnay;18100;18279;Vierzon;;;2.029246;47.239653
18279_0170_00053;53;;Rue Armand Brunet;18100;18279;Vierzon;;;2.071893;47.221351
18279_1700_00033;33;;Rue Gustave Flourens;18100;18279;Vierzon;;;2.054644;47.231313
18279_2190_00041;41;;Rue Marcel Perrin;18100;18279;Vierzon;;;2.070916;47.226593
18279_1877_00076;76;;Avenue Jean Jaurès;18100;18279;Vierzon;;;2.042893;47.231594
18279_0090_00004;4;;Rue Andre de Chenier;18100;18279;Vierzon;;;2.074011;47.218835
18279_1825_00051;51;;Rue Jacques Brel;18100;18279;Vierzon;;;2.083723;47.199174
18279_1000_00002_bis;2;bis;Rue Danton;18100;18279;Vierzon;;;2.048667;47.226571
18279_0440_00004_a;4;a;Rue Blaise Pascal;18100;18279;Vierzon;;;2.075873;47.217601
18279_2330_00030;30;;Rue Mirabeau;18100;18279;Vierzon;;;2.055849;47.212724
18279_1950_00031;31;;Avenue du Jonc;18100;18279;Vierzon;;;2.066793;47.210072
18279_1980_00054_bis;54;bis;Rue Jules Guesde;18100;18279;Vierzon;;;2.039539;47.229548
18279_2125_00031;31;;Rue Louise Michel;18100;18279;Vierzon;;;2.071036;47.236783
18279_1730_00007_bis;7;bis;Avenue Henri Brisson;18100;18279;Vierzon;;;2.062088;47.225615
18279_3210_00008;8;;Rue Victor Hugo;18100;18279;Vierzon;;;2.067251;47.223395
18279_0160_00087_bis;87;bis;Rue Armand Bazile;18100;18279;Vierzon;;;2.079527;47.215334
18279_1910_00002;2;;Rue Jean Racine;18100;18279;Vierzon;;;2.046654;47.233003
18279_0495_00023;23;;Chemin des Grands Bois;18100;18279;Vierzon;;;2.05174;47.237832
18279_1580_00018;18;;Rue du Grand Clement;18100;18279;Vierzon;;;2.072026;47.228051
18279_1536_00035;35;;Rue Georges Politzer;18100;18279;Vierzon;;;2.07947;47.204158
18279_0380_00002;2;;Chemin de la Bercetterie;18100;18279;Vierzon;;;2.030273;47.239233
18279_3047_00028_bis;28;bis;Rue Saint Exupéry;18100;18279;Vierzon;;;2.068065;47.204304
18279_0080_00118;118;;Rue Anatole France;18100;18279;Vierzon;;;2.049763;47.222693
18279_2870_00089;89;;Route de Puits Berteau;18100;18279;Vierzon;;;2.072451;47.237114
18279_3170_00004;4;;Rue de Valmy;18100;18279;Vierzon;;;2.06764;47.219093
18279_1020_00028;28;;Rue Descartes;18100;18279;Vierzon;;;2.079995;47.215507
18279_2370_00003;3;;Rue de la Montagne;18100;18279;Vierzon;;;2.073126;47.221864
18279_1240_00016;16;;Rue Etienne Nivet;18100;18279;Vierzon;;;2.078647;47.221622
18279_2155_00105;105;;Avenue du 8 Mai 1945;18100;18279;Vierzon;;;2.087132;47.23653
18279_1696_00006;6;;Rue Gustave Flaubert;18100;18279;Vierzon;;;2.077498;47.200192
18279_2405_00015;15;;Rue Mozart;18100;18279;Vierzon;;;2.078897;47.232
18279_2155_01480;1480;;Avenue du 8 Mai 1945;18100;18279;Vierzon;;;2.077369;47.228409
18279_3047_00053;53;;Rue Saint Exupéry;18100;18279;Vierzon;;;2.067864;47.203081
18279_2870_00155;155;;Route de Puits Berteau;18100;18279;Vierzon;;;2.065047;47.238904
18279_2560_00010;10;;Rue Pasteur;18100;18279;Vierzon;;;2.084374;47.220377
18279_1905_00036;36;;Rue Jean Picot;18100;18279;Vierzon;;;2.075252;47.211417
18279_0512_00018;18;;Route de Bonègue;18100;18279;Vierzon;;;2.072647;47.239539
18279_1832_00029;29;;Square Jacques Duclos;18100;18279;Vierzon;;;2.08772;47.201335
18279_1732_00022;22;;Square Henriette Dumuin;18100;18279;Vierzon;;;2.07814;47.202727
18279_2330_00067;67;;Rue Mirabeau;18100;18279;Vierzon;;;2.051291;47.209497
18279_0080_00042;42;;Rue Anatole France;18100;18279;Vierzon;;;2.056927;47.221583
18279_2430_00008;8;;Rue Urbain Nègre;18100;18279;Vierzon;;;2.08076;47.22703
18279_2630_00019;19;;Rue du Péry;18100;18279;Vierzon;;;2.084228;47.22523
18279_1640_00005_bis;5;bis;Rue du Grelet;18100;18279;Vierzon;;;2.050105;47.231477
18279_1128_00065;65;;Avenue Edouard Vaillant;18100;18279;Vierzon;;;2.061068;47.233924
18279_2688_00063;63;;Rue Pierre Brossolette;18100;18279;Vierzon;;;2.075525;47.203835
18279_1375_00040;40;;Rue France Bloch-sérazin;18100;18279;Vierzon;;;2.077088;47.205981
18279_2058_00042;42;;Rue Léo Mérigot;18100;18279;Vierzon;;;2.051552;47.228459
18279_0395_00002;2;;Rue Henri Bergson;18100;18279;Vierzon;;;2.095071;47.223874
18279_3130_00002_a;2;a;Rue Théodore Roosevelt;18100;18279;Vierzon;;;2.068112;47.223437
18279_3147_00011;11;;Rue de l'Unité;18100;18279;Vierzon;;;2.072544;47.235574
18279_0866_00046;46;;Avenue du Colonel Manhes;18100;18279;Vierzon;;;2.082701;47.223423
18279_0740_00013_bis;13;bis;Rue Charles Hurvoy;18100;18279;Vierzon;;;2.069606;47.227501
18279_3110_00014;14;;Rue des Terres Mortes;18100;18279;Vierzon;;;2.056991;47.207957
18279_1160_00026;26;;Rue Emile Zola;18100;18279;Vierzon;;;2.044397;47.224877
18279_1250_00076;76;;Rue Eugène Pottier;18100;18279;Vierzon;;;2.098593;47.222403
18279_0310_00070;70;;Rue du Bas de Grange;18100;18279;Vierzon;;;2.047735;47.225549
18279_3226_00014;14;;Route du Vieux Domaine;18100;18279;Vierzon;;;2.08331;47.214274
18279_0890_00045;45;;Rue de la Convention;18100;18279;Vierzon;;;2.104065;47.22049
18279_2583_00007;7;;Rue Paul Eluard;18100;18279;Vierzon;;;2.083124;47.201884
18279_vf0i5v_00013;13;;Chemin rural Dit des Ajoncs;18100;18279;Vierzon;;;2.081348;47.237737
18279_0951_00034;34;;Chemin des Grandes Crêles;18100;18279;Vierzon;;;2.070014;47.20231
18279_1560_00002;2;;Rue Gourdon;18100;18279;Vierzon;;;2.068542;47.224173
18279_3133_00069;69;;Route de Tours;18100;18279;Vierzon;;;2.034087;47.235973
18279_2830_00054;54;;Rue du President Wilson;18100;18279;Vierzon;;;2.053411;47.217058
18279_1230_00015;15;;Rue Etienne Marcel;18100;18279;Vierzon;;;2.095971;47.218162
18279_3091_00014;14;;Chemin des Tailles;18100;18279;Vierzon;;;2.058038;47.238766
18279_0220_00045;45;;Rue Auber;18100;18279;Vierzon;;;2.082995;47.216591
18279_0080_00108;108;;Rue Anatole France;18100;18279;Vierzon;;;2.050721;47.222542
18279_0100_00011;11;;Rue André Guillemain;18100;18279;Vierzon;;;2.082052;47.216443
18279_2688_00054;54;;Rue Pierre Brossolette;18100;18279;Vierzon;;;2.074881;47.204839
18279_2503_00020;20;;Rue Pablo Picasso;18100;18279;Vierzon;;;2.083749;47.200462
18279_1750_00014;14;;Rue Henri Sellier;18100;18279;Vierzon;;;2.055451;47.218082
18279_1536_00051;51;;Rue Georges Politzer;18100;18279;Vierzon;;;2.08045;47.204191
18279_1500_00006_bis;6;bis;Rue Gay Lussac;18100;18279;Vierzon;;;2.076805;47.223878
18279_2990_00031;31;;Rue Robespierre;18100;18279;Vierzon;;;2.097892;47.220692
18279_1825_00045;45;;Rue Jacques Brel;18100;18279;Vierzon;;;2.082915;47.199059
18279_2620_00021;21;;Rue des Pentecotes;18100;18279;Vierzon;;;2.05969;47.227838
18279_2100_00060_bis;60;bis;Rue des Longueraies;18100;18279;Vierzon;;;2.058355;47.234587
18279_2930_00006;6;;Rue Raspail;18100;18279;Vierzon;;;2.073302;47.22387
18279_2700_00011;11;;Rue Pierre Curie;18100;18279;Vierzon;;;2.056783;47.216874
18279_2688_00058;58;;Rue Pierre Brossolette;18100;18279;Vierzon;;;2.074618;47.204564
18279_1870_00081_ter;81;ter;Rue Jean Jacques Rousseau;18100;18279;Vierzon;;;2.078386;47.217533
18279_2260_00038;38;;Route de Méreau;18100;18279;Vierzon;;;2.061441;47.207204
18279_2080_00046;46;;Route de la Loeuf;18100;18279;Vierzon;;;2.036589;47.217416
18279_0435_00001;1;;Rue de Bitterfeld;18100;18279;Vierzon;;;2.082162;47.203864
18279_2265_00024;24;;Residence Mermoz Sud;18100;18279;Vierzon;;;2.063521;47.202813
18279_0715_00014;14;;Chemin du Champ des Renards;18100;18279;Vierzon;;;2.093611;47.22689
18279_0460_00021;21;;Rue Blanqui;18100;18279;Vierzon;;;2.048844;47.225596
18279_66j5mf_00062;62;;Chemin des Noues;18100;18279;Vierzon;;;2.043388;47.211566
18279_0710_00006;6;;Rue du Champanet;18100;18279;Vierzon;;;2.064923;47.220362
18279_2300_00001;1;;Rue Michelet;18100;18279;Vierzon;;;2.073447;47.218049
18279_2060_00003;3;;Rue Léon Bourgeois;18100;18279;Vierzon;;;2.058859;47.213253
18279_1378_00001_a;1;a;Rue François Mitterrand;18100;18279;Vierzon;;;2.060976;47.221608
18279_2980_00036;36;;Rue Riparia;18100;18279;Vierzon;;;2.057992;47.213778
18279_a120_00012;12;;Résidence le Clos de la Minée;18100;18279;Vierzon;;;2.06645;47.236934
18279_0042_00013;13;;Chemin des Ajoncs;18100;18279;Vierzon;;;2.081245;47.237815
18279_1150_00031;31;;Rue Emile Bouleau;18100;18279;Vierzon;;;2.06805;47.218235
18279_1128_00108_k;108;k;Avenue Edouard Vaillant;18100;18279;Vierzon;;;2.060286;47.237996
18279_1150_00029;29;;Rue Emile Bouleau;18100;18279;Vierzon;;;2.068102;47.218354
18279_1535_00078;78;;Rue Georges Fauconnier;18100;18279;Vierzon;;;2.067578;47.239231
18279_2630_00009;9;;Rue du Péry;18100;18279;Vierzon;;;2.082888;47.225562
18279_0817_00017;17;;Chemin du Chevry;18100;18279;Vierzon;;;2.118231;47.215444
18279_2472_00007;7;;Route des Noues;18100;18279;Vierzon;;;2.047873;47.210078
18279_2845_00026;26;;Passage Proudhon;18100;18279;Vierzon;;;2.04866;47.233276
18279_2795_00079;79;;Rue des Ponts;18100;18279;Vierzon;;;2.06537;47.216933
18279_1450_00013;13;;Rue Gambon;18100;18279;Vierzon;;;2.072928;47.227012
18279_0160_00076;76;;Rue Armand Bazile;18100;18279;Vierzon;;;2.08034;47.215183
18279_3087_00008;8;;Rue de Stalingrad;18100;18279;Vierzon;;;2.081299;47.232017
18279_0070_00013;13;;Rue Alphonse Pradat;18100;18279;Vierzon;;;2.046135;47.221522
18279_0460_00002_bis;2;bis;Rue Blanqui;18100;18279;Vierzon;;;2.049465;47.226472
18279_3170_00022_b;22;b;Rue de Valmy;18100;18279;Vierzon;;;2.069728;47.218934
18279_2080_00029;29;;Route de la Loeuf;18100;18279;Vierzon;;;2.039648;47.215336
18279_2080_00036;36;;Route de la Loeuf;18100;18279;Vierzon;;;2.038301;47.216627
18279_2123_00021;21;;Square Louis Braille;18100;18279;Vierzon;;;2.08865;47.200594
18279_2650_00020;20;;Rue de la Petite Noue;18100;18279;Vierzon;;;2.059608;47.205204
18279_3048_00059;59;;Route de Saint Laurent;18100;18279;Vierzon;;;2.123168;47.220972
18279_66j5mf_00037;37;;Chemin des Noues;18100;18279;Vierzon;;;2.042942;47.21142
18279_0260_00002_bis;2;bis;Petite Rue Babeuf;18100;18279;Vierzon;;;2.045598;47.234156
18279_0110_00018;18;;Rue André Hènault;18100;18279;Vierzon;;;2.06284;47.215483
18279_0160_00073;73;;Rue Armand Bazile;18100;18279;Vierzon;;;2.076833;47.216092
18279_0052_00022;22;;Rue Albert et Paul Thouvenin;18100;18279;Vierzon;;;2.110939;47.207189
18279_1128_00076_a;76;a;Avenue Edouard Vaillant;18100;18279;Vierzon;;;2.060832;47.235281
18279_0963_00033;33;;Route de la Croix;18100;18279;Vierzon;;;2.104632;47.22949
18279_1128_00027;27;;Avenue Edouard Vaillant;18100;18279;Vierzon;;;2.061323;47.231422
18279_3147_00001;1;;Rue de l'Unité;18100;18279;Vierzon;;;2.07302;47.235042
18279_0497_00010;10;;Chemin de Bois Marteau;18100;18279;Vierzon;;;2.056773;47.238787
18279_1877_00072;72;;Avenue Jean Jaurès;18100;18279;Vierzon;;;2.043312;47.231496
18279_0280_00006;6;;Impasse Barbes;18100;18279;Vierzon;;;2.053208;47.234055
18279_2085_00011;11;;Rue des Lilas;18100;18279;Vierzon;;;2.055932;47.232295
18279_2085_00023;23;;Rue des Lilas;18100;18279;Vierzon;;;2.056769;47.232839
18279_1062_00010_b;10;b;Rue du Docteur Pierre Roux;18100;18279;Vierzon;;;2.070525;47.223849
18279_1165_00003;3;;Rue de l'Epargne;18100;18279;Vierzon;;;2.057784;47.236346
18279_2220_00067;67;;Rue du Maréchal Joffre;18100;18279;Vierzon;;;2.070743;47.222879
18279_0370_00051;51;;Route de Bellon;18100;18279;Vierzon;;;2.075055;47.213096
18279_2594_00021;21;;Rue Paul Valery;18100;18279;Vierzon;;;2.068132;47.208512
18279_1895_00010;10;;Rue Jean Moulin;18100;18279;Vierzon;;;2.063528;47.234212
18279_2155_00057_m;57;m;Avenue du 8 Mai 1945;18100;18279;Vierzon;;;2.07929;47.230847
18279_0290_00018;18;;Rue Barbès;18100;18279;Vierzon;;;2.052313;47.234049
18279_1895_00014;14;;Rue Jean Moulin;18100;18279;Vierzon;;;2.063676;47.234634
18279_0497_00038;38;;Chemin de Bois Marteau;18100;18279;Vierzon;;;2.055229;47.241849
18279_2910_00082;82;;Avenue du 14 Juillet;18100;18279;Vierzon;;;2.062881;47.210327
18279_0865_00001;1;;Rue du Colonel Fabien;18100;18279;Vierzon;;;2.064561;47.234362
18279_671bao_00026_a;26;a;avenue maréchal philippe leclerc de hauteclocque;18100;18279;Vierzon;;;2.055571;47.209727
18279_1290_00100;100;;Rue Félix Pyat;18100;18279;Vierzon;;;2.088776;47.227509
18279_2620_00067_a;67;a;Rue des Pentecotes;18100;18279;Vierzon;;;2.058527;47.229968
18279_1720_00067_b;67;b;Rue Henri Barbusse;18100;18279;Vierzon;;;2.065269;47.237018
18279_0542_00052;52;;Rue du Bourdoiseau;18100;18279;Vierzon;;;2.062442;47.234353
18279_2560_00002_bis;2;bis;Rue Pasteur;18100;18279;Vierzon;;;2.083321;47.220246
18279_0308_00020;20;;Place du Bas de Grange;18100;18279;Vierzon;;;2.048007;47.224697
18279_2720_00061;61;;Rue Pierre Dupont;18100;18279;Vierzon;;;2.040413;47.238303
18279_1470_00005;5;;Rue Gaston Cornavin;18100;18279;Vierzon;;;2.087424;47.227738
18279_3047_00036;36;;Rue Saint Exupéry;18100;18279;Vierzon;;;2.067926;47.203822
18279_2845_00016;16;;Passage Proudhon;18100;18279;Vierzon;;;2.049361;47.232772
18279_2720_00022;22;;Rue Pierre Dupont;18100;18279;Vierzon;;;2.045757;47.2356
18279_2850_00046_c;46;c;Rue Proudhon;18100;18279;Vierzon;;;2.048111;47.233085
18279_1560_00018;18;;Rue Gourdon;18100;18279;Vierzon;;;2.066372;47.224401
18279_1255_00019;19;;Rue Evariste Galois;18100;18279;Vierzon;;;2.084597;47.202062
18279_0740_00047;47;;Rue Charles Hurvoy;18100;18279;Vierzon;;;2.06682;47.228136
18279_2500_00009;9;;Rue des Ormes;18100;18279;Vierzon;;;2.076714;47.232041
18279_2270_00013_c;13;c;Rue Meunier;18100;18279;Vierzon;;;2.045105;47.229663
18279_1230_00020;20;;Rue Etienne Marcel;18100;18279;Vierzon;;;2.095386;47.218088
18279_0370_00036;36;;Route de Bellon;18100;18279;Vierzon;;;2.0748;47.213072
18279_0420_00014_b;14;b;Rue de la Bidauderie;18100;18279;Vierzon;;;2.079503;47.234234
18279_0790_00001;1;;Rue du Château d'Eau;18100;18279;Vierzon;;;2.06622;47.209937
18279_0962_00010;10;;Chemin de la Croix;18100;18279;Vierzon;;;2.108804;47.230554
18279_3047_00034_a;34;a;Rue Saint Exupéry;18100;18279;Vierzon;;;2.066967;47.204102
18279_0080_00067;67;;Rue Anatole France;18100;18279;Vierzon;;;2.054367;47.221994
18279_0890_00069;69;;Rue de la Convention;18100;18279;Vierzon;;;2.106569;47.220917
18279_1250_00008;8;;Rue Eugène Pottier;18100;18279;Vierzon;;;2.099022;47.218048
18279_2850_00033;33;;Rue Proudhon;18100;18279;Vierzon;;;2.048101;47.233334
18279_1830_00057;57;;Rue Jacques Decour;18100;18279;Vierzon;;;2.088058;47.229559
18279_1128_00118_a;118;a;Avenue Edouard Vaillant;18100;18279;Vierzon;;;2.060536;47.238905
18279_a070_00041;41;;Residence des Bruyeres;18100;18279;Vierzon;;;2.066117;47.205509
18279_3086_00005;5;;Impasse Suzanne Masson;18100;18279;Vierzon;;;2.07867;47.205477
18279_2816_00031;31;;Passage du Pré d'Anet;18100;18279;Vierzon;;;2.077214;47.219326
18279_2100_00077;77;;Rue des Longueraies;18100;18279;Vierzon;;;2.059969;47.235417
18279_1490_00012;12;;Chemin des Gaudrets;18100;18279;Vierzon;;;2.088939;47.221739
18279_3202_00050;50;;Avenue de Verdun;18100;18279;Vierzon;;;2.073974;47.225731
18279_1290_00090;90;;Rue Félix Pyat;18100;18279;Vierzon;;;2.087201;47.227317
18279_2410_00041;41;;Boulevard de la Nation;18100;18279;Vierzon;;;2.057125;47.214994
18279_1142_00014;14;;Rue Elisee Reclus;18100;18279;Vierzon;;;2.081981;47.202511
18279_0726_00001;1;;Rue Baudelaire;18100;18279;Vierzon;;;2.082762;47.198496
18279_2830_00059;59;;Rue du President Wilson;18100;18279;Vierzon;;;2.053374;47.21658
18279_1770_00017;17;;Rue Honoré de Balzac;18100;18279;Vierzon;;;2.065366;47.212155
18279_1500_00023_b;23;b;Rue Gay Lussac;18100;18279;Vierzon;;;2.07766;47.224903
18279_2740_00036;36;;Avenue Pierre Sémard;18100;18279;Vierzon;;;2.058087;47.226364
18279_2679_00027;27;;Chemin de la Picardière;18100;18279;Vierzon;;;2.141652;47.238608
18279_2190_00050_b;50;b;Rue Marcel Perrin;18100;18279;Vierzon;;;2.071001;47.226235
18279_2025_00007_a;7;a;avenue maréchal jean de lattre de tassigny;18100;18279;Vierzon;;;2.063791;47.209741
18279_2816_00041;41;;Passage du Pré d'Anet;18100;18279;Vierzon;;;2.078584;47.219222
18279_2040_00028;28;;Avenue Mal Philippe Leclerc de Ha;18100;18279;Vierzon;;;2.055523;47.20909
18279_1391_00024;24;;Rue de la Fringale;18100;18279;Vierzon;;;2.039613;47.233859
18279_3079_00016;16;;Rue du Souvenir Français;18100;18279;Vierzon;;;2.073483;47.223143
18279_0195_00004;4;;Rue Arthur Rimbaud;18100;18279;Vierzon;;;2.083964;47.202859
18279_0865_00002;2;;Rue du Colonel Fabien;18100;18279;Vierzon;;;2.064597;47.234546
18279_2472_00038;38;;Route des Noues;18100;18279;Vierzon;;;2.046415;47.210436
18279_0190_00093;93;;Rue de l'Armistice;18100;18279;Vierzon;;;2.055109;47.216942
18279_0013_00011;11;;Rue Abbé Pierre;18100;18279;Vierzon;;;2.080801;47.233905
18279_2190_00006;6;;Rue Marcel Perrin;18100;18279;Vierzon;;;2.071287;47.224437
18279_1775_00010;10;;Rue des Hortensias;18100;18279;Vierzon;;;2.053992;47.232936
18279_3047_00069;69;;Rue Saint Exupéry;18100;18279;Vierzon;;;2.067634;47.202282
18279_2340_00022_bis;22;bis;Rue Molière;18100;18279;Vierzon;;;2.066356;47.220101
18279_0120_00078;78;;Rue André Ribaud;18100;18279;Vierzon;;;2.06967;47.233028
18279_1290_00084;84;;Rue Félix Pyat;18100;18279;Vierzon;;;2.08673;47.227349
18279_0290_00027;27;;Rue Barbès;18100;18279;Vierzon;;;2.052989;47.234682
18279_0020_00038;38;;Chemin de l’Abricot;18100;18279;Vierzon;;;2.049168;47.218726
18279_a210_00004;4;;Residence de la Foret;18100;18279;Vierzon;;;2.063666;47.238818
18279_2360_00006;6;;Rue de la Monnaie;18100;18279;Vierzon;;;2.070171;47.222658
18279_2795_00041;41;;Rue des Ponts;18100;18279;Vierzon;;;2.066318;47.218761
18279_1821_00013;13;;Rue Jacqueline Auriol;18100;18279;Vierzon;;;2.064226;47.202191
18279_1150_00032;32;;Rue Emile Bouleau;18100;18279;Vierzon;;;2.068275;47.21858
18279_3150_00013;13;;Place Vaillant Couturier;18100;18279;Vierzon;;;2.070333;47.223194
18279_1750_00020;20;;Rue Henri Sellier;18100;18279;Vierzon;;;2.054875;47.217768
18279_1580_00009;9;;Rue du Grand Clement;18100;18279;Vierzon;;;2.07183;47.227739
18279_0972_00020;20;;Rue de la Croix Moreau;18100;18279;Vierzon;;;2.042553;47.225701
18279_2210_00005;5;;Place du Maréchal Foch;18100;18279;Vierzon;;;2.067616;47.222657
18279_a140_00012;12;;Résidence des Coumelins;18100;18279;Vierzon;;;2.100193;47.221994
18279_1950_00017;17;;Avenue du Jonc;18100;18279;Vierzon;;;2.065116;47.210346
18279_0350_00030;30;;Rue Beau Site;18100;18279;Vierzon;;;2.07223;47.211288
18279_2190_00052_a;52;a;Rue Marcel Perrin;18100;18279;Vierzon;;;2.070609;47.226369
18279_1560_00057;57;;Rue Gourdon;18100;18279;Vierzon;;;2.062896;47.224838
18279_2260_00008;8;;Route de Méreau;18100;18279;Vierzon;;;2.062309;47.209303
18279_1128_00076;76;;Avenue Edouard Vaillant;18100;18279;Vierzon;;;2.060825;47.235215
18279_0415_00018_a;18;a;Rue Bernard Dumont;18100;18279;Vierzon;;;2.07164;47.207451
18279_b2fplh_00017;17;;Residence Mermoz;18100;18279;Vierzon;;;2.063958;47.204929
18279_2560_00020;20;;Rue Pasteur;18100;18279;Vierzon;;;2.085895;47.22002
18279_0980_00007_f;7;f;Rue du Crot à Foulon;18100;18279;Vierzon;;;2.064819;47.229924
18279_0140_00015;15;;Rue Antonin Lerault;18100;18279;Vierzon;;;2.067826;47.215352
18279_1320_00007;7;;Route de Foëcy;18100;18279;Vierzon;;;2.100813;47.211709
18279_0482_00015;15;;Rue du Bois d'Yèvre;18100;18279;Vierzon;;;2.069705;47.218273
18279_0310_00005;5;;Rue du Bas de Grange;18100;18279;Vierzon;;;2.060999;47.222751
18279_3150_00024;24;;Place Vaillant Couturier;18100;18279;Vierzon;;;2.070326;47.223458
18279_1128_00092;92;;Avenue Edouard Vaillant;18100;18279;Vierzon;;;2.060799;47.236425
18279_0130_00008;8;;Rue Antoine Parmentier;18100;18279;Vierzon;;;2.047174;47.229104
18279_0550_00011;11;;Rue du Bourgneuf;18100;18279;Vierzon;;;2.064331;47.215511
18279_1405_00014;14;;Rue Gagarine;18100;18279;Vierzon;;;2.080458;47.224201
18279_1385_00003;3;;Rue Frédéric Mistral;18100;18279;Vierzon;;;2.09516;47.225313
18279_2795_00043;43;;Rue des Ponts;18100;18279;Vierzon;;;2.066293;47.218699
18279_1255_00015;15;;Rue Evariste Galois;18100;18279;Vierzon;;;2.084289;47.202178
18279_1720_00046;46;;Rue Henri Barbusse;18100;18279;Vierzon;;;2.064801;47.231977
18279_2795_00067;67;;Rue des Ponts;18100;18279;Vierzon;;;2.06594;47.218119
18279_1775_00006;6;;Rue des Hortensias;18100;18279;Vierzon;;;2.054499;47.232479
18279_0140_00016_c;16;c;Rue Antonin Lerault;18100;18279;Vierzon;;;2.068479;47.215193
18279_1950_00014;14;;Avenue du Jonc;18100;18279;Vierzon;;;2.064797;47.210318
18279_0370_00159;159;;Route de Bellon;18100;18279;Vierzon;;;2.081441;47.201085
18279_2920_01550;1550;;Rue Rabelais;18100;18279;Vierzon;;;2.066502;47.220182
18279_1538_00011;11;;Rue Georges Rousseau;18100;18279;Vierzon;;;2.057571;47.213148
18279_3170_00017;17;;Rue de Valmy;18100;18279;Vierzon;;;2.069066;47.218947
18279_1190_00006;6;;Quai de l’Etang;18100;18279;Vierzon;;;2.103242;47.215045
18279_2430_00007;7;;Rue Urbain Nègre;18100;18279;Vierzon;;;2.080616;47.227096
18279_3300_00012;12;;Rue Voltaire;18100;18279;Vierzon;;;2.067724;47.221852
18279_1142_00010;10;;Rue Elisee Reclus;18100;18279;Vierzon;;;2.082298;47.202883
18279_3087_00022;22;;Rue de Stalingrad;18100;18279;Vierzon;;;2.081699;47.232339
18279_0740_00069;69;;Rue Charles Hurvoy;18100;18279;Vierzon;;;2.064452;47.228835
18279_0794_00016;16;;Chemin des Chavannes;18100;18279;Vierzon;;;2.049826;47.213777
18279_a600_00007;7;;Residence Val d’Yevre;18100;18279;Vierzon;;;2.093466;47.218724
18279_2583_00008;8;;Rue Paul Eluard;18100;18279;Vierzon;;;2.083245;47.201454
18279_1320_00032;32;;Route de Foëcy;18100;18279;Vierzon;;;2.103293;47.208929
18279_1857_00014;14;;Rue Jean Cocteau;18100;18279;Vierzon;;;2.084683;47.227013
18279_2005_00010;10;;Rue Julian Grimau;18100;18279;Vierzon;;;2.085801;47.201411
18279_2190_00023;23;;Rue Marcel Perrin;18100;18279;Vierzon;;;2.071066;47.225299
18279_0942_00010;10;;Impasse de la Craillo;18100;18279;Vierzon;;;2.068316;47.236212
18279_1605_00038;38;;Chemin des Gdes Noues Fontaines;18100;18279;Vierzon;;;2.042706;47.208466
18279_0715_00009_bis;9;bis;Chemin du Champ des Renards;18100;18279;Vierzon;;;2.094539;47.227718
18279_a210_00019;19;;Residence de la Foret;18100;18279;Vierzon;;;2.064349;47.238179
18279_3202_00049;49;;Avenue de Verdun;18100;18279;Vierzon;;;2.073889;47.225839
18279_2950_00024;24;;Avenue de la République;18100;18279;Vierzon;;;2.065723;47.223163
18279_1604_00003;3;;Impasse des Grands Moulins;18100;18279;Vierzon;;;2.082345;47.220443
18279_0800_00049;49;;Quai du Cher;18100;18279;Vierzon;;;2.061415;47.21672
18279_1480_01315;1315;;Rue de la Gaucherie;18100;18279;Vierzon;;;2.064135;47.222972
18279_1980_00046;46;;Rue Jules Guesde;18100;18279;Vierzon;;;2.043497;47.228782
18279_1980_00030_bis;30;bis;Rue Jules Guesde;18100;18279;Vierzon;;;2.045982;47.227779
18279_2190_00050;50;;Rue Marcel Perrin;18100;18279;Vierzon;;;2.071024;47.22607
18279_0395_00003;3;;Rue Henri Bergson;18100;18279;Vierzon;;;2.09477;47.224023
18279_0080_00076;76;;Rue Anatole France;18100;18279;Vierzon;;;2.053408;47.222059
18279_2688_00027;27;;Rue Pierre Brossolette;18100;18279;Vierzon;;;2.077245;47.204213
18279_1700_00048;48;;Rue Gustave Flourens;18100;18279;Vierzon;;;2.054142;47.231556
18279_1535_00002;2;;Rue Georges Fauconnier;18100;18279;Vierzon;;;2.070314;47.238033
18279_2330_00037;37;;Rue Mirabeau;18100;18279;Vierzon;;;2.053889;47.210806
18279_0760_00003_a;3;a;Passage du Chateau;18100;18279;Vierzon;;;2.071114;47.223098
18279_2188_00015;15;;Rue Marcel Pagnol;18100;18279;Vierzon;;;2.076264;47.209975
18279_0280_00001;1;;Impasse Barbes;18100;18279;Vierzon;;;2.052913;47.234432
18279_2594_00016;16;;Rue Paul Valery;18100;18279;Vierzon;;;2.066754;47.208426
18279_1530_00006;6;;Rue Georges Clémenceau;18100;18279;Vierzon;;;2.058318;47.21556
18279_1072_00006;6;;Petite Rue des Donneaux;18100;18279;Vierzon;;;2.046131;47.22693
18279_0042_00011;11;;Chemin des Ajoncs;18100;18279;Vierzon;;;2.080916;47.23789
18279_3110_00001;1;;Rue des Terres Mortes;18100;18279;Vierzon;;;2.057883;47.208978
18279_0740_00024;24;;Rue Charles Hurvoy;18100;18279;Vierzon;;;2.065695;47.228407
18279_2100_00080;80;;Rue des Longueraies;18100;18279;Vierzon;;;2.059544;47.235513
18279_1840_00110;110;;Rue Jean-baptiste Clément;18100;18279;Vierzon;;;2.076798;47.233798
18279_2870_00188;188;;Route de Puits Berteau;18100;18279;Vierzon;;;2.062804;47.239775
18279_0740_00005;5;;Rue Charles Hurvoy;18100;18279;Vierzon;;;2.070318;47.227367
18279_2220_00047;47;;Rue du Maréchal Joffre;18100;18279;Vierzon;;;2.070148;47.222964
18279_1720_00060;60;;Rue Henri Barbusse;18100;18279;Vierzon;;;2.065172;47.233662
18279_2648_00023;23;;Chemin de la Petite Noue;18100;18279;Vierzon;;;2.064373;47.204047
18279_2700_00002;2;;Rue Pierre Curie;18100;18279;Vierzon;;;2.056964;47.217937
18279_2620_00043;43;;Rue des Pentecotes;18100;18279;Vierzon;;;2.05874;47.228427
18279_1720_00016;16;;Rue Henri Barbusse;18100;18279;Vierzon;;;2.064051;47.230167
18279_0052_00020;20;;Rue Albert et Paul Thouvenin;18100;18279;Vierzon;;;2.110779;47.207238
18279_1391_00014;14;;Rue de la Fringale;18100;18279;Vierzon;;;2.040199;47.23335
18279_0080_00071;71;;Rue Anatole France;18100;18279;Vierzon;;;2.053753;47.22194
18279_3047_00001_bis;1;bis;Rue Saint Exupéry;18100;18279;Vierzon;;;2.068747;47.206185
18279_a120_00020;20;;Résidence le Clos de la Minée;18100;18279;Vierzon;;;2.066244;47.237061
18279_1520_00017;17;;Rue George Sand;18100;18279;Vierzon;;;2.06691;47.226286
18279_0075_00055;55;;Rue Ambroise Croizat;18100;18279;Vierzon;;;2.069784;47.237026
18279_0030_00059;59;;Rue de l'Abricot;18100;18279;Vierzon;;;2.053537;47.22135
18279_3130_00007_bis;7;bis;Rue Théodore Roosevelt;18100;18279;Vierzon;;;2.068692;47.224055
18279_1500_00034;34;;Rue Gay Lussac;18100;18279;Vierzon;;;2.07942;47.225334
18279_0710_00006_d;6;d;Rue du Champanet;18100;18279;Vierzon;;;2.064856;47.2206
18279_0710_00066;66;;Rue du Champanet;18100;18279;Vierzon;;;2.059006;47.220344
18279_b2fplh_00014;14;;Residence Mermoz;18100;18279;Vierzon;;;2.062964;47.203006
18279_2123_00013;13;;Square Louis Braille;18100;18279;Vierzon;;;2.088904;47.201049
18279_1320_00025;25;;Route de Foëcy;18100;18279;Vierzon;;;2.103595;47.209626
18279_2590_00005;5;;Rue Paul Lafargue;18100;18279;Vierzon;;;2.07115;47.22221
18279_1308_00022;22;;Impasse des Feuillures;18100;18279;Vierzon;;;2.065897;47.210992
18279_2070_00002;2;;Boulevard de la Liberté;18100;18279;Vierzon;;;2.068833;47.226145
18279_0600_00035;35;;Petite Rue du Camp;18100;18279;Vierzon;;;2.064801;47.206988
18279_0800_00051;51;;Quai du Cher;18100;18279;Vierzon;;;2.061344;47.216734
18279_3280_00015;15;;Rue de Villeneuve;18100;18279;Vierzon;;;2.072407;47.212733
18279_0435_00009;9;;Rue de Bitterfeld;18100;18279;Vierzon;;;2.082948;47.203664
18279_1308_00004;4;;Impasse des Feuillures;18100;18279;Vierzon;;;2.063808;47.210659
18279_0890_00173;173;;Rue de la Convention;18100;18279;Vierzon;;;2.11006;47.227239
18279_2770_00073;73;;Rue de la Plaisance;18100;18279;Vierzon;;;2.096727;47.221493
18279_0740_00059;59;;Rue Charles Hurvoy;18100;18279;Vierzon;;;2.065776;47.228463
18279_1050_00015_c;15;c;Impasse Diderot;18100;18279;Vierzon;;;2.070578;47.217484
18279_1870_00030;30;;Rue Jean Jacques Rousseau;18100;18279;Vierzon;;;2.07503;47.21821
18279_0730_00006;6;;Rue Charles Gibault;18100;18279;Vierzon;;;2.080602;47.217622
18279_0070_00040;40;;Rue Alphonse Pradat;18100;18279;Vierzon;;;2.045223;47.220741
18279_2155_00039;39;;Avenue du 8 Mai 1945;18100;18279;Vierzon;;;2.078565;47.229525
18279_1220_00007_b;7;b;Rue Etienne Dolet;18100;18279;Vierzon;;;2.102514;47.215379
18279_0389_00007;7;;Passage des Bergeries Est;18100;18279;Vierzon;;;2.05171;47.224215
18279_1050_00015_e;15;e;Impasse Diderot;18100;18279;Vierzon;;;2.070378;47.217518
18279_1640_00020;20;;Rue du Grelet;18100;18279;Vierzon;;;2.050149;47.231857
18279_0840_00010;10;;Rue Claude Michaud;18100;18279;Vierzon;;;2.065892;47.213558
18279_1060_00034;34;;Rue du Docteur Lobligeois;18100;18279;Vierzon;;;2.056449;47.217265
18279_0740_00041_b;41;b;Rue Charles Hurvoy;18100;18279;Vierzon;;;2.067311;47.228617
18279_1530_00003;3;;Rue Georges Clémenceau;18100;18279;Vierzon;;;2.058192;47.2155
18279_1230_00101_t;101;t;Rue Etienne Marcel;18100;18279;Vierzon;;;2.104111;47.216425
18279_1870_00012;12;;Rue Jean Jacques Rousseau;18100;18279;Vierzon;;;2.073031;47.218576
18279_1732_00102;102;;Square Henriette Dumuin;18100;18279;Vierzon;;;2.079209;47.202909
18279_0095_00001;1;;Rue André Gide;18100;18279;Vierzon;;;2.095094;47.223588
18279_1480_00054;54;;Rue de la Gaucherie;18100;18279;Vierzon;;;2.063918;47.223466
18279_0350_00088_bis;88;bis;Rue Beau Site;18100;18279;Vierzon;;;2.069824;47.206822
18279_1510_00016;16;;Grande Rue de la Genette;18100;18279;Vierzon;;;2.058155;47.216325
18279_1450_00029;29;;Rue Gambon;18100;18279;Vierzon;;;2.074731;47.226911
18279_2583_00010;10;;Rue Paul Eluard;18100;18279;Vierzon;;;2.083395;47.201366
18279_0350_00021;21;;Rue Beau Site;18100;18279;Vierzon;;;2.073026;47.21204
18279_0310_00097;97;;Rue du Bas de Grange;18100;18279;Vierzon;;;2.046879;47.225379
18279_1895_00018;18;;Rue Jean Moulin;18100;18279;Vierzon;;;2.063753;47.234856
18279_3047_00056_s;56;s;Rue Saint Exupéry;18100;18279;Vierzon;;;2.066767;47.202152
18279_le1ny7_00009;9;;Rue Jeanne Labourbe;18100;18279;Vierzon;;;2.059263;47.231262
18279_2605_00011;11;;Ruelle du Pavillon;18100;18279;Vierzon;;;2.070573;47.224622
18279_2795_00013_a;13;a;Rue des Ponts;18100;18279;Vierzon;;;2.066451;47.21975
18279_2870_00139_c;139;c;Route de Puits Berteau;18100;18279;Vierzon;;;2.066544;47.237517
18279_1840_01200;1200;;Rue Jean-baptiste Clément;18100;18279;Vierzon;;;2.075016;47.232386
18279_0715_00011;11;;Chemin du Champ des Renards;18100;18279;Vierzon;;;2.09463;47.227629
18279_0600_00027;27;;Petite Rue du Camp;18100;18279;Vierzon;;;2.065657;47.206874
18279_2123_00001;1;;Square Louis Braille;18100;18279;Vierzon;;;2.087967;47.200911
18279_2814_00004;4;;Chemin de la Prairie de Langlee;18100;18279;Vierzon;;;2.119384;47.214064
18279_1720_00015;15;;Rue Henri Barbusse;18100;18279;Vierzon;;;2.064063;47.230365
18279_2520_00009;9;;Rue du Panorama;18100;18279;Vierzon;;;2.07038;47.212126
18279_1490_00072;72;;Chemin des Gaudrets;18100;18279;Vierzon;;;2.084988;47.224018
18279_0445_00029;29;;Chemin Blanc;18100;18279;Vierzon;;;2.0565;47.206343
18279_1670_00003;3;;Rue du Gros Caillou;18100;18279;Vierzon;;;2.069279;47.222176
18279_1870_00048;48;;Rue Jean Jacques Rousseau;18100;18279;Vierzon;;;2.076537;47.217931
18279_0740_00018;18;;Rue Charles Hurvoy;18100;18279;Vierzon;;;2.066014;47.228074
18279_1630_00004_a;4;a;Impasse du Grelet;18100;18279;Vierzon;;;2.050487;47.231524
18279_0420_00016;16;;Rue de la Bidauderie;18100;18279;Vierzon;;;2.079525;47.234464
18279_0370_00094_t;94;t;Route de Bellon;18100;18279;Vierzon;;;2.079393;47.20935
18279_1128_00072;72;;Avenue Edouard Vaillant;18100;18279;Vierzon;;;2.060836;47.234964
18279_671bao_00008;8;;avenue maréchal philippe leclerc de hauteclocque;18100;18279;Vierzon;;;2.057452;47.209383
18279_0052_00013;13;;Rue Albert et Paul Thouvenin;18100;18279;Vierzon;;;2.106945;47.208719
18279_2155_01010;1010;;Avenue du 8 Mai 1945;18100;18279;Vierzon;;;2.086558;47.235569
18279_2870_00184;184;;Route de Puits Berteau;18100;18279;Vierzon;;;2.063603;47.240031
18279_1210_00025;25;;Rue Etienne Desroches;18100;18279;Vierzon;;;2.102018;47.220668
18279_1379_00005;5;;Place François Mitterrand;18100;18279;Vierzon;;;2.061494;47.222265
18279_1840_00029_a;29;a;Rue Jean-baptiste Clément;18100;18279;Vierzon;;;2.071682;47.229544
18279_3310_00008;8;;Quai d'Yèvre;18100;18279;Vierzon;;;2.0648;47.219566
18279_2390_00001_bis;1;bis;Rue du Mouton;18100;18279;Vierzon;;;2.082238;47.231145
18279_0712_00024;24;;Rue du Champ Commun;18100;18279;Vierzon;;;2.068469;47.21893
18279_1032_00010;10;;Rue Diderot;18100;18279;Vierzon;;;2.071215;47.218169
18279_0100_00025;25;;Rue André Guillemain;18100;18279;Vierzon;;;2.081475;47.215322
18279_3202_00039;39;;Avenue de Verdun;18100;18279;Vierzon;;;2.073609;47.225618
18279_0710_00024_b;24;b;Rue du Champanet;18100;18279;Vierzon;;;2.063463;47.220527
18279_2040_00026;26;;Avenue Mal Philippe Leclerc de Ha;18100;18279;Vierzon;;;2.055505;47.209486
18279_3135_00014;14;;Rue des Tramways de l'Indre;18100;18279;Vierzon;;;2.059767;47.214375
18279_0385_00016;16;;Chemin des Bergeries;18100;18279;Vierzon;;;2.053675;47.223632
18279_1877_00061;61;;Avenue Jean Jaurès;18100;18279;Vierzon;;;2.043546;47.231323
18279_0978_00004_h;4;h;Passage du Crot à Foulon;18100;18279;Vierzon;;;2.063211;47.229798
18279_2260_00021;21;;Route de Méreau;18100;18279;Vierzon;;;2.062042;47.208315
18279_2085_00009;9;;Rue des Lilas;18100;18279;Vierzon;;;2.055779;47.232004
18279_1290_00071;71;;Rue Félix Pyat;18100;18279;Vierzon;;;2.085057;47.227603
18279_1250_00095;95;;Rue Eugène Pottier;18100;18279;Vierzon;;;2.097973;47.225944
18279_2710_00026;26;;Rue Pierre Debournou;18100;18279;Vierzon;;;2.062432;47.223649
18279_2335_00019;19;;Rue Miranda de Ebro;18100;18279;Vierzon;;;2.064245;47.218883
18279_3048_00006;6;;Route de Saint Laurent;18100;18279;Vierzon;;;2.122465;47.220365
18279_1840_00067;67;;Rue Jean-baptiste Clément;18100;18279;Vierzon;;;2.075612;47.23273
18279_0uduo0_00004;4;;Chemin du Jouffroy;18100;18279;Vierzon;;;2.105571;47.221165
18279_2510_00089;89;;Rue de la Paix;18100;18279;Vierzon;;;2.054556;47.217286
18279_3060_00005;5;;Rue du Sergent Bobillot;18100;18279;Vierzon;;;2.048495;47.229636
18279_2690_00008;8;;Rue Pierre Calmette;18100;18279;Vierzon;;;2.062822;47.215638
18279_3137_00012;12;;Rue du Travail;18100;18279;Vierzon;;;2.042965;47.232261
18279_1575_00003;3;;Cheminement de Grand Champs;18100;18279;Vierzon;;;2.085856;47.24758
18279_0497_00027;27;;Chemin de Bois Marteau;18100;18279;Vierzon;;;2.054541;47.243145
18279_1840_00044;44;;Rue Jean-baptiste Clément;18100;18279;Vierzon;;;2.07142;47.230146
18279_2410_00032;32;;Boulevard de la Nation;18100;18279;Vierzon;;;2.058102;47.214628
18279_1250_00021;21;;Rue Eugène Pottier;18100;18279;Vierzon;;;2.099582;47.219545
18279_1070_00011;11;;Rue des Donneaux;18100;18279;Vierzon;;;2.045139;47.227243
18279_1506_00010;10;;Rue du Général de Gaulle;18100;18279;Vierzon;;;2.062304;47.22156
18279_1930_00020;20;;Rue de Jérusalem;18100;18279;Vierzon;;;2.066448;47.217793
18279_1650_00017;17;;Rue Grelon;18100;18279;Vierzon;;;2.061914;47.216038
18279_1537_00002;2;;Rue Gérard Philipe;18100;18279;Vierzon;;;2.081253;47.224855
18279_2240_00004;4;;Rue Mattéoti;18100;18279;Vierzon;;;2.06175;47.215148
18279_1032_00015_a;15;a;Rue Diderot;18100;18279;Vierzon;;;2.070832;47.217337
18279_1870_00058;58;;Rue Jean Jacques Rousseau;18100;18279;Vierzon;;;2.081157;47.217018
18279_1520_00028_b;28;b;Rue George Sand;18100;18279;Vierzon;;;2.06647;47.227179
18279_1420_00007;7;;Rue Galilée;18100;18279;Vierzon;;;2.070149;47.222026
18279_0075_00027;27;;Rue Ambroise Croizat;18100;18279;Vierzon;;;2.068802;47.236283
18279_0030_00014;14;;Rue de l'Abricot;18100;18279;Vierzon;;;2.057057;47.220523
18279_3085_00001;1;;Allee de la Source;18100;18279;Vierzon;;;2.077133;47.212561
18279_2720_00008;8;;Rue Pierre Dupont;18100;18279;Vierzon;;;2.047057;47.234953
18279_0600_00020;20;;Petite Rue du Camp;18100;18279;Vierzon;;;2.06649;47.206825
18279_2816_00043;43;;Passage du Pré d'Anet;18100;18279;Vierzon;;;2.078729;47.218985
18279_0040_00011;11;;Rue Adolphe Hache;18100;18279;Vierzon;;;2.058308;47.223851
18279_0714_00021;21;;Rue du Champ du Four;18100;18279;Vierzon;;;2.080586;47.234665
18279_0714_00024;24;;Rue du Champ du Four;18100;18279;Vierzon;;;2.080933;47.234477
18279_3055_00008;8;;Chemin de Saint Priest;18100;18279;Vierzon;;;2.034801;47.22831
18279_1825_00031;31;;Rue Jacques Brel;18100;18279;Vierzon;;;2.081659;47.199218
18279_0465_00017;17;;Route du Bois Blanc;18100;18279;Vierzon;;;2.113626;47.202482
18279_1700_00017;17;;Rue Gustave Flourens;18100;18279;Vierzon;;;2.055774;47.230937
18279_0042_00025;25;;Chemin des Ajoncs;18100;18279;Vierzon;;;2.083014;47.238368
18279_1060_00038;38;;Rue du Docteur Lobligeois;18100;18279;Vierzon;;;2.055713;47.217336
18279_2155_00036_a;36;a;Avenue du 8 Mai 1945;18100;18279;Vierzon;;;2.078155;47.228415
18279_1155_00050;50;;Rue Emile Desforges;18100;18279;Vierzon;;;2.085606;47.229221
18279_1470_00085;85;;Rue Gaston Cornavin;18100;18279;Vierzon;;;2.087209;47.229968
18279_3091_00015;15;;Chemin des Tailles;18100;18279;Vierzon;;;2.058103;47.23905
18279_2620_00019_bis;19;bis;Rue des Pentecotes;18100;18279;Vierzon;;;2.059748;47.227799
18279_1230_00124;124;;Rue Etienne Marcel;18100;18279;Vierzon;;;2.104031;47.216055
18279_1290_00053;53;;Rue Félix Pyat;18100;18279;Vierzon;;;2.083257;47.228404
18279_2309_00026;26;;Chemin des Millards;18100;18279;Vierzon;;;2.104317;47.233538
18279_2370_00008;8;;Rue de la Montagne;18100;18279;Vierzon;;;2.073061;47.222213
18279_2390_00078;78;;Rue du Mouton;18100;18279;Vierzon;;;2.090184;47.22971
18279_0195_00028;28;;Rue Arthur Rimbaud;18100;18279;Vierzon;;;2.083852;47.201811
18279_1870_00033;33;;Rue Jean Jacques Rousseau;18100;18279;Vierzon;;;2.072295;47.218587
18279_3133_00085;85;;Route de Tours;18100;18279;Vierzon;;;2.031586;47.237464
18279_1470_00018;18;;Rue Gaston Cornavin;18100;18279;Vierzon;;;2.087464;47.228374
18279_1265_00003;3;;Impasse de Fay;18100;18279;Vierzon;;;2.051615;47.235169
18279_2330_00005;5;;Rue Mirabeau;18100;18279;Vierzon;;;2.055848;47.212413
18279_2640_00026;26;;Route du Petit Râteau;18100;18279;Vierzon;;;2.097155;47.230502
18279_2080_00040;40;;Route de la Loeuf;18100;18279;Vierzon;;;2.037458;47.21693
18279_1290_00165;165;;Rue Félix Pyat;18100;18279;Vierzon;;;2.09403;47.228305
18279_1290_00137;137;;Rue Félix Pyat;18100;18279;Vierzon;;;2.090584;47.228707
18279_0420_00022;22;;Rue de la Bidauderie;18100;18279;Vierzon;;;2.080093;47.234757
18279_0080_00084;84;;Rue Anatole France;18100;18279;Vierzon;;;2.05269;47.222178
18279_1230_00057;57;;Rue Etienne Marcel;18100;18279;Vierzon;;;2.100451;47.217429
18279_0400_00012;12;;Rue des Berlurettes;18100;18279;Vierzon;;;2.063075;47.236029
18279_2795_00070_d;70;d;Rue des Ponts;18100;18279;Vierzon;;;2.067337;47.21848
18279_3290_00005;5;;Passage Voltaire;18100;18279;Vierzon;;;2.068025;47.221369
18279_0270_00060;60;;Rue Babeuf;18100;18279;Vierzon;;;2.040753;47.232822
18279_0972_00046;46;;Rue de la Croix Moreau;18100;18279;Vierzon;;;2.035857;47.226915
18279_0070_00008_a;8;a;Rue Alphonse Pradat;18100;18279;Vierzon;;;2.047887;47.22395
18279_1950_00008;8;;Avenue du Jonc;18100;18279;Vierzon;;;2.064192;47.210419
18279_0215_00019;19;;Passage de l’Aubepine;18100;18279;Vierzon;;;2.047416;47.231804
18279_1825_00054;54;;Rue Jacques Brel;18100;18279;Vierzon;;;2.082655;47.198884
18279_0400_00031;31;;Rue des Berlurettes;18100;18279;Vierzon;;;2.063993;47.237142
18279_2210_00015;15;;Place du Maréchal Foch;18100;18279;Vierzon;;;2.068069;47.223209
18279_1378_00009;9;;Rue François Mitterrand;18100;18279;Vierzon;;;2.060713;47.220668
18279_1180_00013;13;;Rue Ernest Renan;18100;18279;Vierzon;;;2.074386;47.21711
18279_1150_00048;48;;Rue Emile Bouleau;18100;18279;Vierzon;;;2.067796;47.217476
18279_2058_00074;74;;Rue Léo Mérigot;18100;18279;Vierzon;;;2.054839;47.227077
18279_0890_00063;63;;Rue de la Convention;18100;18279;Vierzon;;;2.105881;47.220557
18279_1698_00005;5;;Passage Flourens;18100;18279;Vierzon;;;2.054693;47.230981
18279_0290_00020;20;;Rue Barbès;18100;18279;Vierzon;;;2.052383;47.234118
18279_0712_00018;18;;Rue du Champ Commun;18100;18279;Vierzon;;;2.068332;47.219497
18279_2950_00004;4;;Avenue de la République;18100;18279;Vierzon;;;2.067145;47.222498
18279_0890_00065;65;;Rue de la Convention;18100;18279;Vierzon;;;2.106211;47.220672
18279_0568_00052;52;;Chemin du Briou;18100;18279;Vierzon;;;2.087431;47.226681
18279_2520_00024;24;;Rue du Panorama;18100;18279;Vierzon;;;2.069641;47.211362
18279_1875_00008;8;;Rue Jean Giono;18100;18279;Vierzon;;;2.077441;47.20913
18279_1895_00008;8;;Rue Jean Moulin;18100;18279;Vierzon;;;2.063483;47.234083
18279_1300_00017;17;;Rue Fernand Léger;18100;18279;Vierzon;;;2.086774;47.228298
18279_0890_00075;75;;Rue de la Convention;18100;18279;Vierzon;;;2.106824;47.221144
18279_0978_00004_j;4;j;Passage du Crot à Foulon;18100;18279;Vierzon;;;2.063274;47.229774
18279_1915_00012;12;;Rue Jean Vilar;18100;18279;Vierzon;;;2.084114;47.20032
18279_1950_00007;7;;Avenue du Jonc;18100;18279;Vierzon;;;2.06424;47.21049
18279_1980_00032_ter;32;ter;Rue Jules Guesde;18100;18279;Vierzon;;;2.045936;47.227948
18279_0085_00003_a;3;a;Imp Ancienne Cite de la Verrerie;18100;18279;Vierzon;;;2.100904;47.210557
18279_0545_00067;67;;Route de Bourges;18100;18279;Vierzon;;;2.121355;47.214467
18279_0435_00025;25;;Rue de Bitterfeld;18100;18279;Vierzon;;;2.084645;47.202886
18279_2950_00035;35;;Avenue de la République;18100;18279;Vierzon;;;2.06493;47.223402
18279_3046_00006;6;;Chemin des Sables de Saint Prié;18100;18279;Vierzon;;;2.038609;47.232532
18279_0070_00006;6;;Rue Alphonse Pradat;18100;18279;Vierzon;;;2.04792;47.223976
18279_2795_00045;45;;Rue des Ponts;18100;18279;Vierzon;;;2.066259;47.218649
18279_0385_00010;10;;Chemin des Bergeries;18100;18279;Vierzon;;;2.054;47.223571
18279_1591_00019;19;;Chemin du Grand Orme;18100;18279;Vierzon;;;2.100381;47.231762
18279_671bao_00028;28;;avenue maréchal philippe leclerc de hauteclocque;18100;18279;Vierzon;;;2.05553;47.209093
18279_0350_00038;38;;Rue Beau Site;18100;18279;Vierzon;;;2.071936;47.210767
18279_1391_00023;23;;Rue de la Fringale;18100;18279;Vierzon;;;2.039477;47.233878
18279_0270_00032;32;;Rue Babeuf;18100;18279;Vierzon;;;2.044246;47.23348
18279_1732_00058;58;;Square Henriette Dumuin;18100;18279;Vierzon;;;2.080057;47.201806
18279_2714_00028;28;;Allée Pierre de Coubertin;18100;18279;Vierzon;;;2.077448;47.208533
18279_1810_00001_a;1;a;Rue de l'Ile du Cher;18100;18279;Vierzon;;;2.065153;47.216787
18279_2795_00070_a;70;a;Rue des Ponts;18100;18279;Vierzon;;;2.067249;47.218541
18279_1990_00055;55;;Rue Jules Louis Breton;18100;18279;Vierzon;;;2.081845;47.220194
18279_0942_00020;20;;Impasse de la Craillo;18100;18279;Vierzon;;;2.067438;47.236708
18279_1980_00029;29;;Rue Jules Guesde;18100;18279;Vierzon;;;2.046383;47.227926
18279_1980_00001;1;;Rue Jules Guesde;18100;18279;Vierzon;;;2.050177;47.227507
18279_0310_00058;58;;Rue du Bas de Grange;18100;18279;Vierzon;;;2.049218;47.22533
18279_2650_00023;23;;Rue de la Petite Noue;18100;18279;Vierzon;;;2.058745;47.207323
18279_0080_00066;66;;Rue Anatole France;18100;18279;Vierzon;;;2.054629;47.22207
18279_1560_00053;53;;Rue Gourdon;18100;18279;Vierzon;;;2.063115;47.224813
18279_0110_00030;30;;Rue André Hènault;18100;18279;Vierzon;;;2.0609;47.215389
18279_1420_00009;9;;Rue Galilée;18100;18279;Vierzon;;;2.070237;47.222028
18279_0568_00038;38;;Chemin du Briou;18100;18279;Vierzon;;;2.086819;47.225233
18279_0uduo0_00014;14;;Chemin du Jouffroy;18100;18279;Vierzon;;;2.105148;47.222272
18279_2620_00053;53;;Rue des Pentecotes;18100;18279;Vierzon;;;2.058524;47.228769
18279_a400_00012;12;;Residence les Pommiers;18100;18279;Vierzon;;;2.092065;47.227929
18279_1290_00171;171;;Rue Félix Pyat;18100;18279;Vierzon;;;2.094254;47.228673
18279_b215_00008;8;;Petit Chemin de Bois Marteau;18100;18279;Vierzon;;;2.056933;47.238649
18279_1230_00006;6;;Rue Etienne Marcel;18100;18279;Vierzon;;;2.093306;47.218421
18279_1840_00085;85;;Rue Jean-baptiste Clément;18100;18279;Vierzon;;;2.078236;47.233916
18279_1140_00005;5;;Place de l'Eglise des Forges;18100;18279;Vierzon;;;2.102732;47.213448
18279_2340_00020;20;;Rue Molière;18100;18279;Vierzon;;;2.065537;47.219032
18279_0712_00010_bis;10;bis;Rue du Champ Commun;18100;18279;Vierzon;;;2.068473;47.219664
18279_0020_00036;36;;Chemin de l’Abricot;18100;18279;Vierzon;;;2.049453;47.21878
18279_1877_00043_bis;43;bis;Avenue Jean Jaurès;18100;18279;Vierzon;;;2.044201;47.231178
18279_2390_00009;9;;Rue du Mouton;18100;18279;Vierzon;;;2.088382;47.230337
18279_0720_00020;20;;Rue des Changes;18100;18279;Vierzon;;;2.069245;47.223871
18279_0160_00001;1;;Rue Armand Bazile;18100;18279;Vierzon;;;2.069794;47.218039
18279_1230_00023_bis;23;bis;Rue Etienne Marcel;18100;18279;Vierzon;;;2.096372;47.21808
18279_0120_00072;72;;Rue André Ribaud;18100;18279;Vierzon;;;2.069388;47.233065
18279_1530_00017;17;;Rue Georges Clémenceau;18100;18279;Vierzon;;;2.056525;47.215789
18279_1560_00006;6;;Rue Gourdon;18100;18279;Vierzon;;;2.068049;47.224225
18279_2850_00004;4;;Rue Proudhon;18100;18279;Vierzon;;;2.049097;47.230798
18279_3251_00011_a;11;a;Rue du Village Aubry;18100;18279;Vierzon;;;2.099304;47.217893
18279_0270_00044;44;;Rue Babeuf;18100;18279;Vierzon;;;2.043168;47.233334
18279_3060_00021;21;;Rue du Sergent Bobillot;18100;18279;Vierzon;;;2.047399;47.228415
18279_2720_00004;4;;Rue Pierre Dupont;18100;18279;Vierzon;;;2.047301;47.234819
18279_0080_00083;83;;Rue Anatole France;18100;18279;Vierzon;;;2.051932;47.22197
18279_2100_00061;61;;Rue des Longueraies;18100;18279;Vierzon;;;2.058468;47.234977
18279_2040_00043;43;;Avenue Mal Philippe Leclerc de Ha;18100;18279;Vierzon;;;2.053066;47.208507
18279_2950_00013;13;;Avenue de la République;18100;18279;Vierzon;;;2.066535;47.222652
18279_0160_00008;8;;Rue Armand Bazile;18100;18279;Vierzon;;;2.070705;47.21785
18279_1700_00002;2;;Rue Gustave Flourens;18100;18279;Vierzon;;;2.058568;47.230477
18279_0130_00004;4;;Rue Antoine Parmentier;18100;18279;Vierzon;;;2.047317;47.229063
18279_3076_00032;32;;Route des Souchènes;18100;18279;Vierzon;;;2.027727;47.214647
18279_1128_00081;81;;Avenue Edouard Vaillant;18100;18279;Vierzon;;;2.061089;47.235566
18279_0120_00048;48;;Rue André Ribaud;18100;18279;Vierzon;;;2.068092;47.231652
18279_2650_00004;4;;Rue de la Petite Noue;18100;18279;Vierzon;;;2.058355;47.208051
18279_2990_00010;10;;Rue Robespierre;18100;18279;Vierzon;;;2.096027;47.218979
18279_0542_00024;24;;Rue du Bourdoiseau;18100;18279;Vierzon;;;2.063143;47.232057
18279_1536_00020;20;;Rue Georges Politzer;18100;18279;Vierzon;;;2.07714;47.203866
18279_1142_00012;12;;Rue Elisee Reclus;18100;18279;Vierzon;;;2.082085;47.202657
18279_671bao_00040;40;;avenue maréchal philippe leclerc de hauteclocque;18100;18279;Vierzon;;;2.054328;47.208914
18279_2870_00163;163;;Route de Puits Berteau;18100;18279;Vierzon;;;2.064319;47.239061
18279_1730_00027;27;;Avenue Henri Brisson;18100;18279;Vierzon;;;2.061304;47.227913
18279_1520_00011;11;;Rue George Sand;18100;18279;Vierzon;;;2.066902;47.22605
18279_3202_00054;54;;Avenue de Verdun;18100;18279;Vierzon;;;2.074054;47.225794
18279_0195_00012;12;;Rue Arthur Rimbaud;18100;18279;Vierzon;;;2.083562;47.202377
18279_1730_00031;31;;Avenue Henri Brisson;18100;18279;Vierzon;;;2.06114;47.229064
18279_0800_00045;45;;Quai du Cher;18100;18279;Vierzon;;;2.061667;47.216668
18279_2430_00025;25;;Rue Urbain Nègre;18100;18279;Vierzon;;;2.079717;47.228822
18279_0599_00008;8;;Chemin du Camp;18100;18279;Vierzon;;;2.06333;47.206313
18279_1720_00006_d;6;d;Rue Henri Barbusse;18100;18279;Vierzon;;;2.063827;47.229577
18279_0370_00060;60;;Route de Bellon;18100;18279;Vierzon;;;2.077047;47.212342
18279_1110_00012;12;;Rue Edgar Quinet;18100;18279;Vierzon;;;2.066466;47.223841
18279_2188_00011;11;;Rue Marcel Pagnol;18100;18279;Vierzon;;;2.076508;47.21026
18279_0080_00005;5;;Rue Anatole France;18100;18279;Vierzon;;;2.060403;47.22088
18279_0020_00046;46;;Chemin de l’Abricot;18100;18279;Vierzon;;;2.048274;47.218558
18279_2340_00006;6;;Rue Molière;18100;18279;Vierzon;;;2.066123;47.219833
18279_0794_00003;3;;Chemin des Chavannes;18100;18279;Vierzon;;;2.049831;47.213923
18279_2740_00004;4;;Avenue Pierre Sémard;18100;18279;Vierzon;;;2.061603;47.22493
18279_1290_00117;117;;Rue Félix Pyat;18100;18279;Vierzon;;;2.089972;47.228329
18279_3210_00063;63;;Rue Victor Hugo;18100;18279;Vierzon;;;2.064631;47.223981
18279_0080_00051;51;;Rue Anatole France;18100;18279;Vierzon;;;2.056456;47.221591
18279_1170_00023;23;;Rue des Epinettes;18100;18279;Vierzon;;;2.069794;47.226508
18279_2990_00003;3;;Rue Robespierre;18100;18279;Vierzon;;;2.095491;47.218585
18279_1840_00077_bis;77;bis;Rue Jean-baptiste Clément;18100;18279;Vierzon;;;2.077195;47.233094
18279_2910_00059;59;;Avenue du 14 Juillet;18100;18279;Vierzon;;;2.063771;47.212968
18279_1405_00001_b;1;b;Rue Gagarine;18100;18279;Vierzon;;;2.080342;47.224796
18279_0100_00023;23;;Rue André Guillemain;18100;18279;Vierzon;;;2.081538;47.215447
18279_lukrq1_00017;17;;Rue Rouget de Lisle;18100;18279;Vierzon;;;2.046228;47.232721
18279_2610_00027_c;27;c;Chemin des Pelles;18100;18279;Vierzon;;;2.042783;47.222259
18279_1128_00022;22;;Avenue Edouard Vaillant;18100;18279;Vierzon;;;2.060989;47.230965
18279_2390_00032;32;;Rue du Mouton;18100;18279;Vierzon;;;2.084111;47.230301
18279_1190_00004;4;;Quai de l’Etang;18100;18279;Vierzon;;;2.103114;47.215099
18279_1535_00062;62;;Rue Georges Fauconnier;18100;18279;Vierzon;;;2.068364;47.239554
18279_1630_00009;9;;Impasse du Grelet;18100;18279;Vierzon;;;2.050614;47.231234
18279_0350_00068;68;;Rue Beau Site;18100;18279;Vierzon;;;2.070559;47.208136
18279_1379_00001_bis;1;bis;Place François Mitterrand;18100;18279;Vierzon;;;2.060776;47.221764
18279_1840_00073;73;;Rue Jean-baptiste Clément;18100;18279;Vierzon;;;2.076368;47.233011
18279_1229_00004;4;;Impasse Etienne Marcel;18100;18279;Vierzon;;;2.101241;47.217433
18279_1060_00016;16;;Rue du Docteur Lobligeois;18100;18279;Vierzon;;;2.058544;47.217008
18279_0370_00145;145;;Route de Bellon;18100;18279;Vierzon;;;2.081764;47.202842
18279_0310_00007_a;7;a;Rue du Bas de Grange;18100;18279;Vierzon;;;2.06081;47.222738
18279_0844_00003;3;;Impasse du Clos Chabot;18100;18279;Vierzon;;;2.079216;47.229012
18279_2309_00022;22;;Chemin des Millards;18100;18279;Vierzon;;;2.103421;47.232804
18279_0890_00071;71;;Rue de la Convention;18100;18279;Vierzon;;;2.106598;47.22091
18279_0160_00068;68;;Rue Armand Bazile;18100;18279;Vierzon;;;2.079164;47.215502
18279_1289_00129;129;;Impasse Felix Pyat;18100;18279;Vierzon;;;2.08985;47.228976
18279_0290_00099;99;;Rue Barbès;18100;18279;Vierzon;;;2.05831;47.237169
18279_1990_00062;62;;Rue Jules Louis Breton;18100;18279;Vierzon;;;2.08205;47.220309
18279_2980_00020;20;;Rue Riparia;18100;18279;Vierzon;;;2.059924;47.213354
18279_2330_00011;11;;Rue Mirabeau;18100;18279;Vierzon;;;2.05549;47.212247
18279_3019_00004;4;;Passage de Ronvaux;18100;18279;Vierzon;;;2.054964;47.226508
18279_0740_00013;13;;Rue Charles Hurvoy;18100;18279;Vierzon;;;2.06964;47.227424
18279_2309_00034;34;;Chemin des Millards;18100;18279;Vierzon;;;2.105916;47.233937
18279_1538_00003;3;;Rue Georges Rousseau;18100;18279;Vierzon;;;2.057469;47.213637
18279_2070_00013;13;;Boulevard de la Liberté;18100;18279;Vierzon;;;2.067977;47.226531
18279_0445_00067;67;;Chemin Blanc;18100;18279;Vierzon;;;2.061358;47.203782
18279_2640_00001_bis;1;bis;Route du Petit Râteau;18100;18279;Vierzon;;;2.096996;47.228894
18279_1405_00005;5;;Rue Gagarine;18100;18279;Vierzon;;;2.079384;47.224178
18279_3073_00021_e;21;e;Rue de la Société Française;18100;18279;Vierzon;;;2.058576;47.225627
18279_0660_00008;8;;Rue Célestin Gérard;18100;18279;Vierzon;;;2.054477;47.22591
18279_2070_00036;36;;Boulevard de la Liberté;18100;18279;Vierzon;;;2.06456;47.227138
18279_2990_00008;8;;Rue Robespierre;18100;18279;Vierzon;;;2.09592;47.218833
18279_0963_00009_a;9;a;Route de la Croix;18100;18279;Vierzon;;;2.098695;47.228415
18279_2608_00044;44;;Chemin des Peages;18100;18279;Vierzon;;;2.02572;47.226407
18279_2472_00050;50;;Route des Noues;18100;18279;Vierzon;;;2.044594;47.211147
18279_1230_00059_bis;59;bis;Rue Etienne Marcel;18100;18279;Vierzon;;;2.10061;47.217373
18279_1700_00054;54;;Rue Gustave Flourens;18100;18279;Vierzon;;;2.053763;47.231689
18279_0910_00007;7;;Ruelle du Corneau;18100;18279;Vierzon;;;2.070389;47.223785
18279_1990_00039;39;;Rue Jules Louis Breton;18100;18279;Vierzon;;;2.079241;47.220629
18279_2410_00034;34;;Boulevard de la Nation;18100;18279;Vierzon;;;2.057937;47.214506
18279_2000_00004;4;;Rue Jules Vallès;18100;18279;Vierzon;;;2.066198;47.21923
18279_1980_00007;7;;Rue Jules Guesde;18100;18279;Vierzon;;;2.049538;47.227576
18279_1825_00001;1;;Rue Jacques Brel;18100;18279;Vierzon;;;2.078451;47.201367
18279_1170_00021;21;;Rue des Epinettes;18100;18279;Vierzon;;;2.06974;47.226386
18279_0270_00027;27;;Rue Babeuf;18100;18279;Vierzon;;;2.043942;47.233382
18279_1536_00050;50;;Rue Georges Politzer;18100;18279;Vierzon;;;2.07865;47.203882
18279_2590_00020;20;;Rue Paul Lafargue;18100;18279;Vierzon;;;2.070912;47.22243
18279_0740_00043;43;;Rue Charles Hurvoy;18100;18279;Vierzon;;;2.067072;47.228053
18279_1250_00093;93;;Rue Eugène Pottier;18100;18279;Vierzon;;;2.098009;47.225833
18279_1720_00008;8;;Rue Henri Barbusse;18100;18279;Vierzon;;;2.063857;47.229669
18279_2560_00013;13;;Rue Pasteur;18100;18279;Vierzon;;;2.084337;47.219945
18279_2309_00045;45;;Chemin des Millards;18100;18279;Vierzon;;;2.108054;47.234268
18279_1120_00006;6;;Rue Edouard Branly;18100;18279;Vierzon;;;2.1047;47.21668
18279_2491_00020;20;;Chemin de l’Orme a Lieue;18100;18279;Vierzon;;;2.125232;47.215713
18279_2190_00025;25;;Rue Marcel Perrin;18100;18279;Vierzon;;;2.071089;47.225438
18279_0350_00035;35;;Rue Beau Site;18100;18279;Vierzon;;;2.072547;47.210992
18279_1230_00115;115;;Rue Etienne Marcel;18100;18279;Vierzon;;;2.105857;47.215874
18279_1810_00003;3;;Rue de l'Ile du Cher;18100;18279;Vierzon;;;2.064838;47.2169
18279_1950_00005;5;;Avenue du Jonc;18100;18279;Vierzon;;;2.064036;47.210524
18279_2155_00070;70;;Avenue du 8 Mai 1945;18100;18279;Vierzon;;;2.079253;47.229909
18279_0420_00046;46;;Rue de la Bidauderie;18100;18279;Vierzon;;;2.082247;47.236408
18279_2608_00059;59;;Chemin des Peages;18100;18279;Vierzon;;;2.016951;47.228142
18279_3076_00001;1;;Route des Souchènes;18100;18279;Vierzon;;;2.038829;47.213309
18279_0497_00032;32;;Chemin de Bois Marteau;18100;18279;Vierzon;;;2.054922;47.240805
18279_0710_00050;50;;Rue du Champanet;18100;18279;Vierzon;;;2.061619;47.220301
18279_2910_00011_bis;11;bis;Avenue du 14 Juillet;18100;18279;Vierzon;;;2.064852;47.21562
18279_1710_00004;4;;Rue Guy Môquet;18100;18279;Vierzon;;;2.076587;47.212073
18279_0660_00001_bis;1;bis;Rue Célestin Gérard;18100;18279;Vierzon;;;2.054937;47.226645
18279_2850_00018;18;;Rue Proudhon;18100;18279;Vierzon;;;2.048294;47.231966
18279_0942_00025;25;;Impasse de la Craillo;18100;18279;Vierzon;;;2.066587;47.236131
18279_0370_00119;119;;Route de Bellon;18100;18279;Vierzon;;;2.080648;47.208566
18279_2070_00030;30;;Boulevard de la Liberté;18100;18279;Vierzon;;;2.064986;47.227051
18279_1230_00040_b;40;b;Rue Etienne Marcel;18100;18279;Vierzon;;;2.097567;47.217849
18279_0082_00033;33;;Petite Rue Anatole France;18100;18279;Vierzon;;;2.048938;47.222337
18279_1230_00115_b;115;b;Rue Etienne Marcel;18100;18279;Vierzon;;;2.10586;47.215637
18279_2950_00009;9;;Avenue de la République;18100;18279;Vierzon;;;2.066881;47.222487
18279_1951_00027_d;27;d;Passage du Jonc;18100;18279;Vierzon;;;2.066849;47.21099
18279_0110_00027_bis;27;bis;Rue André Hènault;18100;18279;Vierzon;;;2.062148;47.215534
18279_1580_00014;14;;Rue du Grand Clement;18100;18279;Vierzon;;;2.071841;47.22786
18279_0310_00004;4;;Rue du Bas de Grange;18100;18279;Vierzon;;;2.06118;47.22284
18279_1128_00015_c;15;c;Avenue Edouard Vaillant;18100;18279;Vierzon;;;2.061455;47.230386
18279_2410_00030;30;;Boulevard de la Nation;18100;18279;Vierzon;;;2.058317;47.214779
18279_3079_00005;5;;Rue du Souvenir Français;18100;18279;Vierzon;;;2.073385;47.223806
18279_2065_00001_bis;1;bis;Passage Leveque;18100;18279;Vierzon;;;2.052017;47.228475
18279_2080_00046_a;46;a;Route de la Loeuf;18100;18279;Vierzon;;;2.036389;47.217374
18279_3091_00009;9;;Chemin des Tailles;18100;18279;Vierzon;;;2.057535;47.240084
18279_2870_00035;35;;Route de Puits Berteau;18100;18279;Vierzon;;;2.076952;47.235532
18279_0785_00008;8;;Rue aux Chats;18100;18279;Vierzon;;;2.064198;47.226905
18279_1128_00063;63;;Avenue Edouard Vaillant;18100;18279;Vierzon;;;2.061161;47.233841
18279_2750_00032;32;;Rue des Pillots;18100;18279;Vierzon;;;2.053266;47.213752
18279_1170_00019;19;;Rue des Epinettes;18100;18279;Vierzon;;;2.069682;47.226253
18279_1250_00059;59;;Rue Eugène Pottier;18100;18279;Vierzon;;;2.098377;47.223447
18279_1375_00037;37;;Rue France Bloch-sérazin;18100;18279;Vierzon;;;2.077939;47.206005
18279_1250_00068;68;;Rue Eugène Pottier;18100;18279;Vierzon;;;2.098776;47.221701
18279_2870_00084;84;;Route de Puits Berteau;18100;18279;Vierzon;;;2.074777;47.236767
18279_2750_00012;12;;Rue des Pillots;18100;18279;Vierzon;;;2.055889;47.21393
18279_0445_00019_bis;19;bis;Chemin Blanc;18100;18279;Vierzon;;;2.054096;47.207029
18279_0482_00003;3;;Rue du Bois d'Yèvre;18100;18279;Vierzon;;;2.070044;47.219163
18279_0275_00013;13;;Rue Bara;18100;18279;Vierzon;;;2.045357;47.232867
18279_0435_00043;43;;Rue de Bitterfeld;18100;18279;Vierzon;;;2.085987;47.202078
18279_0350_00086;86;;Rue Beau Site;18100;18279;Vierzon;;;2.069987;47.207052
18279_3073_00016_a;16;a;Rue de la Société Française;18100;18279;Vierzon;;;2.059414;47.224897
18279_2501_00021;21;;Rue Pablo Casals;18100;18279;Vierzon;;;2.082373;47.200951
18279_3180_00005;5;;Rue Van Craeynest;18100;18279;Vierzon;;;2.064949;47.209823
18279_1877_00031;31;;Avenue Jean Jaurès;18100;18279;Vierzon;;;2.046138;47.230216
18279_0712_00002_a;2;a;Rue du Champ Commun;18100;18279;Vierzon;;;2.068259;47.220094
18279_0497_00003;3;;Chemin de Bois Marteau;18100;18279;Vierzon;;;2.057291;47.238267
18279_3060_00003;3;;Rue du Sergent Bobillot;18100;18279;Vierzon;;;2.048552;47.229699
18279_1870_00043;43;;Rue Jean Jacques Rousseau;18100;18279;Vierzon;;;2.072963;47.218511
18279_3210_00041;41;;Rue Victor Hugo;18100;18279;Vierzon;;;2.0657;47.223494
18279_0070_00010;10;;Rue Alphonse Pradat;18100;18279;Vierzon;;;2.047729;47.22366
18279_1860_00008;8;;Rue Jean de la Fontaine;18100;18279;Vierzon;;;2.059398;47.221807
18279_1840_00063;63;;Rue Jean-baptiste Clément;18100;18279;Vierzon;;;2.075092;47.23246
18279_2155_00085;85;;Avenue du 8 Mai 1945;18100;18279;Vierzon;;;2.085136;47.23469
18279_2210_00022;22;;Place du Maréchal Foch;18100;18279;Vierzon;;;2.067855;47.223272
18279_2155_00106;106;;Avenue du 8 Mai 1945;18100;18279;Vierzon;;;2.086271;47.235425
18279_0600_00054;54;;Petite Rue du Camp;18100;18279;Vierzon;;;2.06239;47.207374
18279_3047_00127_bis;127;bis;Rue Saint Exupéry;18100;18279;Vierzon;;;2.06714;47.198396
18279_0600_00025;25;;Petite Rue du Camp;18100;18279;Vierzon;;;2.065912;47.206841
18279_0370_00111_bis;111;bis;Route de Bellon;18100;18279;Vierzon;;;2.079837;47.209163
18279_1870_00020;20;;Rue Jean Jacques Rousseau;18100;18279;Vierzon;;;2.073657;47.218459
18279_1895_00006;6;;Rue Jean Moulin;18100;18279;Vierzon;;;2.063435;47.233951
18279_1640_00012;12;;Rue du Grelet;18100;18279;Vierzon;;;2.04991;47.231277
18279_2870_00079;79;;Route de Puits Berteau;18100;18279;Vierzon;;;2.073261;47.236967
18279_2025_00010;10;;avenue maréchal jean de lattre de tassigny;18100;18279;Vierzon;;;2.064033;47.20909
18279_2491_00013;13;;Chemin de l’Orme a Lieue;18100;18279;Vierzon;;;2.126127;47.214955
18279_3280_00046;46;;Rue de Villeneuve;18100;18279;Vierzon;;;2.070902;47.210746
18279_2060_00013;13;;Rue Léon Bourgeois;18100;18279;Vierzon;;;2.058441;47.212738
18279_1500_00008;8;;Rue Gay Lussac;18100;18279;Vierzon;;;2.076897;47.223993
18279_2776_00008_g;8;g;Rue du Plessis;18100;18279;Vierzon;;;2.092483;47.229688
18279_0310_00016_d;16;d;Rue du Bas de Grange;18100;18279;Vierzon;;;2.05536;47.224404
18279_1250_00051_bis;51;bis;Rue Eugène Pottier;18100;18279;Vierzon;;;2.098402;47.222891
18279_0626_00002;2;;Allée Camille Blanc;18100;18279;Vierzon;;;2.067873;47.238663
18279_1144_00036_b;36;b;Rue Elsa Triolet;18100;18279;Vierzon;;;2.085823;47.230176
18279_2125_00027;27;;Rue Louise Michel;18100;18279;Vierzon;;;2.070954;47.23654
18279_0840_00021;21;;Rue Claude Michaud;18100;18279;Vierzon;;;2.066862;47.213876
18279_2583_00024;24;;Rue Paul Eluard;18100;18279;Vierzon;;;2.084865;47.200583
18279_2795_00056;56;;Rue des Ponts;18100;18279;Vierzon;;;2.066558;47.219019
18279_3300_00007_bis;7;bis;Rue Voltaire;18100;18279;Vierzon;;;2.067895;47.221526
18279_1990_00012_bis;12;bis;Rue Jules Louis Breton;18100;18279;Vierzon;;;2.075194;47.221205
18279_0950_00010;10;;Chemin des Crêles;18100;18279;Vierzon;;;2.081222;47.196396
18279_2025_00065;65;;avenue maréchal jean de lattre de tassigny;18100;18279;Vierzon;;;2.073417;47.204434
18279_3280_00100;100;;Rue de Villeneuve;18100;18279;Vierzon;;;2.069;47.207221
18279_2795_00082;82;;Rue des Ponts;18100;18279;Vierzon;;;2.066321;47.218333
18279_2265_00034;34;;Residence Mermoz Sud;18100;18279;Vierzon;;;2.063598;47.203586
18279_0650_00032;32;;Rue du Cavalier;18100;18279;Vierzon;;;2.065324;47.226047
18279_0359_00003;3;;Parc de Bellevue;18100;18279;Vierzon;;;2.079552;47.226354
18279_1693_00002;2;;Allee Guillaume Apollinaire;18100;18279;Vierzon;;;2.08515;47.220333
18279_1128_00093;93;;Avenue Edouard Vaillant;18100;18279;Vierzon;;;2.06104;47.237038
18279_0968_00002;2;;Impasse de la Croix Moreau;18100;18279;Vierzon;;;2.0343;47.226479
18279_2735_00014;14;;Rue Pierre Ferdonnet;18100;18279;Vierzon;;;2.090125;47.226007
18279_0743_00008;8;;Rue Charlotte Delbo;18100;18279;Vierzon;;;2.086814;47.222819
18279_0130_00010;10;;Rue Antoine Parmentier;18100;18279;Vierzon;;;2.046799;47.229167
18279_1580_00026;26;;Rue du Grand Clement;18100;18279;Vierzon;;;2.072109;47.228611
18279_1055_00012;12;;Avenue du 19 Mars 1962;18100;18279;Vierzon;;;2.090341;47.23866
18279_0110_00045;45;;Rue André Hènault;18100;18279;Vierzon;;;2.060333;47.215467
18279_2206_00011;11;;Rue Maryse Bastié;18100;18279;Vierzon;;;2.064091;47.202921
18279_1120_00040_a;40;a;Rue Edouard Branly;18100;18279;Vierzon;;;2.104434;47.219474
18279_0800_00043;43;;Quai du Cher;18100;18279;Vierzon;;;2.061758;47.21665
18279_3091_00013;13;;Chemin des Tailles;18100;18279;Vierzon;;;2.058044;47.238921
18279_2080_00086;86;;Route de la Loeuf;18100;18279;Vierzon;;;2.030637;47.214839
18279_0120_00010;10;;Rue André Ribaud;18100;18279;Vierzon;;;2.065598;47.229384
18279_2410_00026;26;;Boulevard de la Nation;18100;18279;Vierzon;;;2.05874;47.215077
18279_3280_00045;45;;Rue de Villeneuve;18100;18279;Vierzon;;;2.071348;47.210804
18279_2070_00010_a;10;a;Boulevard de la Liberté;18100;18279;Vierzon;;;2.067403;47.226479
18279_0417_00008;8;;Rue Berty Albrecht;18100;18279;Vierzon;;;2.056661;47.212237
18279_1180_00009;9;;Rue Ernest Renan;18100;18279;Vierzon;;;2.074494;47.217407
18279_0542_00034_bis;34;bis;Rue du Bourdoiseau;18100;18279;Vierzon;;;2.063097;47.23286
18279_1062_00010_a;10;a;Rue du Docteur Pierre Roux;18100;18279;Vierzon;;;2.070677;47.223918
18279_1990_00044_ter;44;ter;Rue Jules Louis Breton;18100;18279;Vierzon;;;2.078807;47.220834
18279_le1ny7_00015;15;;Rue Jeanne Labourbe;18100;18279;Vierzon;;;2.060021;47.231653
18279_2100_00004;4;;Rue des Longueraies;18100;18279;Vierzon;;;2.057144;47.230961
18279_3060_00023_t;23;t;Rue du Sergent Bobillot;18100;18279;Vierzon;;;2.047015;47.227973
18279_1770_00024;24;;Rue Honoré de Balzac;18100;18279;Vierzon;;;2.064342;47.212247
18279_2270_00013_b;13;b;Rue Meunier;18100;18279;Vierzon;;;2.045141;47.229549
18279_2870_00145;145;;Route de Puits Berteau;18100;18279;Vierzon;;;2.066488;47.238546
18279_1240_00074;74;;Rue Etienne Nivet;18100;18279;Vierzon;;;2.086156;47.221118
18279_2330_00023;23;;Rue Mirabeau;18100;18279;Vierzon;;;2.054818;47.211597
18279_0644_00004;4;;Imp des Castors de la Jonchere;18100;18279;Vierzon;;;2.041965;47.230136
18279_0866_00034;34;;Avenue du Colonel Manhes;18100;18279;Vierzon;;;2.080048;47.223283
18279_0053_00006;6;;Rue Alfred Nobel;18100;18279;Vierzon;;;2.076637;47.201535
18279_3045_00015;15;;Chemin Ruisseau des Rechignardes;18100;18279;Vierzon;;;2.077827;47.231718
18279_2870_00186;186;;Route de Puits Berteau;18100;18279;Vierzon;;;2.062971;47.239707
18279_1720_00006_c;6;c;Rue Henri Barbusse;18100;18279;Vierzon;;;2.063811;47.229532
18279_2264_00013;13;;Res Mermoz Nord;18100;18279;Vierzon;;;2.063907;47.20504
18279_2910_00086;86;;Avenue du 14 Juillet;18100;18279;Vierzon;;;2.062765;47.210068
18279_2950_00036;36;;Avenue de la République;18100;18279;Vierzon;;;2.06508;47.22346
18279_2630_00028;28;;Rue du Péry;18100;18279;Vierzon;;;2.084694;47.225039
18279_1710_00019;19;;Rue Guy Môquet;18100;18279;Vierzon;;;2.075052;47.211817
18279_2610_00020;20;;Chemin des Pelles;18100;18279;Vierzon;;;2.043665;47.223608
18279_2720_00048;48;;Rue Pierre Dupont;18100;18279;Vierzon;;;2.041258;47.23779
18279_2910_00066;66;;Avenue du 14 Juillet;18100;18279;Vierzon;;;2.063562;47.211994
18279_2735_00016;16;;Rue Pierre Ferdonnet;18100;18279;Vierzon;;;2.090147;47.225821
18279_0190_00092;92;;Rue de l'Armistice;18100;18279;Vierzon;;;2.055104;47.217033
18279_1380_00002;2;;Rue des Francs Tireurs;18100;18279;Vierzon;;;2.105094;47.217189
18279_2560_01500;1500;;Rue Pasteur;18100;18279;Vierzon;;;2.086865;47.219852
18279_2743_00008;8;;Rue Pierre et Jean Serpaud;18100;18279;Vierzon;;;2.088054;47.240944
18279_1990_00016_bis;16;bis;Rue Jules Louis Breton;18100;18279;Vierzon;;;2.075562;47.22119
18279_0543_00008;8;;Petite Rue du Bourdoiseau;18100;18279;Vierzon;;;2.063876;47.232301
18279_2928_00005;5;;Impasse Raspail;18100;18279;Vierzon;;;2.075464;47.224003
18279_2350_00002;2;;Rue Monge;18100;18279;Vierzon;;;2.071638;47.223011
18279_2720_00015;15;;Rue Pierre Dupont;18100;18279;Vierzon;;;2.046867;47.235158
18279_1821_00012;12;;Rue Jacqueline Auriol;18100;18279;Vierzon;;;2.065477;47.202743
18279_1870_00075;75;;Rue Jean Jacques Rousseau;18100;18279;Vierzon;;;2.075755;47.218018
18279_0745_00013;13;;Chemin de Charnay;18100;18279;Vierzon;;;2.027894;47.241014
18279_2750_00014;14;;Rue des Pillots;18100;18279;Vierzon;;;2.05574;47.213918
18279_0100_00001_a;1;a;Rue André Guillemain;18100;18279;Vierzon;;;2.082659;47.217646
18279_2405_00012;12;;Rue Mozart;18100;18279;Vierzon;;;2.078431;47.231893
18279_2870_00139_a;139;a;Route de Puits Berteau;18100;18279;Vierzon;;;2.066616;47.237948
18279_1440_00006;6;;Rue Gambetta;18100;18279;Vierzon;;;2.096663;47.220857
18279_1240_00072_t;72;t;Rue Etienne Nivet;18100;18279;Vierzon;;;2.086512;47.221479
18279_1450_00006;6;;Rue Gambon;18100;18279;Vierzon;;;2.071699;47.227159
18279_2085_00033;33;;Rue des Lilas;18100;18279;Vierzon;;;2.056514;47.233779
18279_0075_00043;43;;Rue Ambroise Croizat;18100;18279;Vierzon;;;2.069292;47.236512
18279_2501_00047;47;;Rue Pablo Casals;18100;18279;Vierzon;;;2.081366;47.200883
18279_1877_00003;3;;Avenue Jean Jaurès;18100;18279;Vierzon;;;2.048677;47.230156
18279_2850_00044_bis;44;bis;Rue Proudhon;18100;18279;Vierzon;;;2.04793;47.234019
18279_a400_00020;20;;Residence les Pommiers;18100;18279;Vierzon;;;2.092727;47.227316
18279_0720_00013;13;;Rue des Changes;18100;18279;Vierzon;;;2.068941;47.223689
18279_3310_00005;5;;Quai d'Yèvre;18100;18279;Vierzon;;;2.065287;47.219741
18279_0417_00002;2;;Rue Berty Albrecht;18100;18279;Vierzon;;;2.05746;47.211652
18279_1720_00067_a;67;a;Rue Henri Barbusse;18100;18279;Vierzon;;;2.065041;47.236749
18279_2594_00001;1;;Rue Paul Valery;18100;18279;Vierzon;;;2.067921;47.209489
18279_1971_00003;3;;Chemin de la Jouannetterie;18100;18279;Vierzon;;;2.096078;47.237898
18279_0815_00002;2;;Ruelle du Chevrier;18100;18279;Vierzon;;;2.069617;47.222804
18279_2155_00051;51;;Avenue du 8 Mai 1945;18100;18279;Vierzon;;;2.079243;47.230045
18279_1250_00013;13;;Rue Eugène Pottier;18100;18279;Vierzon;;;2.099325;47.218984
18279_1536_00066;66;;Rue Georges Politzer;18100;18279;Vierzon;;;2.080175;47.203293
18279_3310_00011;11;;Quai d'Yèvre;18100;18279;Vierzon;;;2.064377;47.219403
18279_1710_00001;1;;Rue Guy Môquet;18100;18279;Vierzon;;;2.076143;47.212136
18279_2594_00008;8;;Rue Paul Valery;18100;18279;Vierzon;;;2.06734;47.209136
18279_2302_00013;13;;Rue Michel Lucas;18100;18279;Vierzon;;;2.084945;47.231012
18279_1200_00022;22;;Rue de l'Etape;18100;18279;Vierzon;;;2.06989;47.222566
18279_1536_00011;11;;Rue Georges Politzer;18100;18279;Vierzon;;;2.078707;47.204428
18279_2795_00008;8;;Rue des Ponts;18100;18279;Vierzon;;;2.067226;47.220117
18279_2560_00002;2;;Rue Pasteur;18100;18279;Vierzon;;;2.082742;47.220318
18279_1142_00002;2;;Rue Elisee Reclus;18100;18279;Vierzon;;;2.08234;47.203465
18279_1915_00010;10;;Rue Jean Vilar;18100;18279;Vierzon;;;2.084233;47.200505
18279_1128_00082_a;82;a;Avenue Edouard Vaillant;18100;18279;Vierzon;;;2.060694;47.235613
18279_0020_00042;42;;Chemin de l’Abricot;18100;18279;Vierzon;;;2.047066;47.21836
18279_2590_00009;9;;Rue Paul Lafargue;18100;18279;Vierzon;;;2.071028;47.22233
18279_2330_00005_a;5;a;Rue Mirabeau;18100;18279;Vierzon;;;2.055848;47.212413
18279_a070_00047;47;;Residence des Bruyeres;18100;18279;Vierzon;;;2.0656;47.205193
18279_1580_00007;7;;Rue du Grand Clement;18100;18279;Vierzon;;;2.071751;47.227643
18279_2260_00062;62;;Route de Méreau;18100;18279;Vierzon;;;2.060563;47.205064
18279_2795_00090;90;;Rue des Ponts;18100;18279;Vierzon;;;2.066179;47.218353
18279_1950_00047;47;;Avenue du Jonc;18100;18279;Vierzon;;;2.068206;47.209835
18279_0370_00137;137;;Route de Bellon;18100;18279;Vierzon;;;2.081717;47.203355
18279_1450_00003;3;;Rue Gambon;18100;18279;Vierzon;;;2.071883;47.22707
18279_0710_00019_b;19;b;Rue du Champanet;18100;18279;Vierzon;;;2.06226;47.220077
18279_0290_00031;31;;Rue Barbès;18100;18279;Vierzon;;;2.053304;47.234813
18279_2930_00018;18;;Rue Raspail;18100;18279;Vierzon;;;2.079167;47.222617
18279_1870_00074;74;;Rue Jean Jacques Rousseau;18100;18279;Vierzon;;;2.083386;47.216497
18279_0972_00038_bis;38;bis;Rue de la Croix Moreau;18100;18279;Vierzon;;;2.040781;47.226497
18279_1310_00006;6;;Rue des Feuillures;18100;18279;Vierzon;;;2.06676;47.213103
18279_0512_00001;1;;Route de Bonègue;18100;18279;Vierzon;;;2.071361;47.237539
18279_3300_00018;18;;Rue Voltaire;18100;18279;Vierzon;;;2.067739;47.222056
18279_3087_00010;10;;Rue de Stalingrad;18100;18279;Vierzon;;;2.081361;47.232067
18279_3202_00025_b;25;b;Avenue de Verdun;18100;18279;Vierzon;;;2.07307;47.225206
18279_1720_00051;51;;Rue Henri Barbusse;18100;18279;Vierzon;;;2.065015;47.233425
18279_1290_00125;125;;Rue Félix Pyat;18100;18279;Vierzon;;;2.089856;47.228771
18279_0712_00009;9;;Rue du Champ Commun;18100;18279;Vierzon;;;2.068018;47.22
18279_1128_00047;47;;Avenue Edouard Vaillant;18100;18279;Vierzon;;;2.061213;47.232743
18279_0387_00018;18;;Passage des Bergeries;18100;18279;Vierzon;;;2.050546;47.224201
18279_0358_00004_bis;4;bis;Impasse de Bellevue;18100;18279;Vierzon;;;2.073898;47.224426
18279_1877_00052_a;52;a;Avenue Jean Jaurès;18100;18279;Vierzon;;;2.044998;47.231284
18279_2200_00016_a;16;a;Rue Marcel Sembat;18100;18279;Vierzon;;;2.052939;47.229054
18279_0290_00085;85;;Rue Barbès;18100;18279;Vierzon;;;2.057277;47.236598
18279_2080_00076;76;;Route de la Loeuf;18100;18279;Vierzon;;;2.031839;47.215599
18279_0080_00031;31;;Rue Anatole France;18100;18279;Vierzon;;;2.058753;47.2211
18279_2309_00027;27;;Chemin des Millards;18100;18279;Vierzon;;;2.103873;47.233467
18279_0120_00146;146;;Rue André Ribaud;18100;18279;Vierzon;;;2.07523;47.236163
18279_0054_00005;5;;Rue Albert Schweitzer;18100;18279;Vierzon;;;2.096153;47.224692
18279_1990_00022;22;;Rue Jules Louis Breton;18100;18279;Vierzon;;;2.076044;47.221175
18279_1730_00005_ter;5;ter;Avenue Henri Brisson;18100;18279;Vierzon;;;2.062302;47.225536
18279_0445_00071;71;;Chemin Blanc;18100;18279;Vierzon;;;2.061579;47.203583
18279_0290_00014;14;;Rue Barbès;18100;18279;Vierzon;;;2.052083;47.233738
18279_1366_00014;14;;Cours de Fougery;18100;18279;Vierzon;;;2.072403;47.234063
18279_0085_00005;5;;Imp Ancienne Cite de la Verrerie;18100;18279;Vierzon;;;2.100898;47.210484
18279_1144_01220;1220;;Rue Elsa Triolet;18100;18279;Vierzon;;;2.084353;47.229762
18279_1250_00060;60;;Rue Eugène Pottier;18100;18279;Vierzon;;;2.099283;47.221177
18279_0726_00002;2;;Rue Baudelaire;18100;18279;Vierzon;;;2.082527;47.198361
18279_2180_00003;3;;Rue Marcel Cachin;18100;18279;Vierzon;;;2.089939;47.22934
18279_0013_00009;9;;Rue Abbé Pierre;18100;18279;Vierzon;;;2.080675;47.234002
18279_0140_00006;6;;Rue Antonin Lerault;18100;18279;Vierzon;;;2.067539;47.215493
18279_1230_00084;84;;Rue Etienne Marcel;18100;18279;Vierzon;;;2.10075;47.217167
18279_2085_00017;17;;Rue des Lilas;18100;18279;Vierzon;;;2.056032;47.232489
18279_1380_00016;16;;Rue des Francs Tireurs;18100;18279;Vierzon;;;2.105351;47.217964
18279_0745_00011;11;;Chemin de Charnay;18100;18279;Vierzon;;;2.028843;47.240568
18279_2485_00044;44;;Rue du 11 Novembre 1918;18100;18279;Vierzon;;;2.06187;47.222227
18279_2015_00009;9;;Impasse Kléber;18100;18279;Vierzon;;;2.057153;47.215163
18279_0160_00018;18;;Rue Armand Bazile;18100;18279;Vierzon;;;2.071983;47.217495
18279_0350_00063;63;;Rue Beau Site;18100;18279;Vierzon;;;2.071289;47.208789
18279_0380_00009;9;;Chemin de la Bercetterie;18100;18279;Vierzon;;;2.031654;47.239342
18279_1605_00004_bis;4;bis;Chemin des Gdes Noues Fontaines;18100;18279;Vierzon;;;2.0488;47.208994
18279_0160_00072;72;;Rue Armand Bazile;18100;18279;Vierzon;;;2.080048;47.215265
18279_1700_00018;18;;Rue Gustave Flourens;18100;18279;Vierzon;;;2.057159;47.230635
18279_2260_00016;16;;Route de Méreau;18100;18279;Vierzon;;;2.062089;47.20877
18279_2501_00037;37;;Rue Pablo Casals;18100;18279;Vierzon;;;2.082189;47.200485
18279_1060_00022;22;;Rue du Docteur Lobligeois;18100;18279;Vierzon;;;2.05785;47.217129
18279_0962_00016;16;;Chemin de la Croix;18100;18279;Vierzon;;;2.109487;47.230436
18279_0942_00029;29;;Impasse de la Craillo;18100;18279;Vierzon;;;2.066865;47.236387
18279_1055_00018_n;18;n;Avenue du 19 Mars 1962;18100;18279;Vierzon;;;2.092548;47.240344
18279_1385_00005;5;;Rue Frédéric Mistral;18100;18279;Vierzon;;;2.09494;47.225313
18279_1950_00027_a;27;a;Avenue du Jonc;18100;18279;Vierzon;;;2.066305;47.210506
18279_0273_00014;14;;Rue Baptiste Marcet;18100;18279;Vierzon;;;2.058871;47.238992
18279_1290_00020;20;;Rue Félix Pyat;18100;18279;Vierzon;;;2.081709;47.229521
18279_1857_00004;4;;Rue Jean Cocteau;18100;18279;Vierzon;;;2.084575;47.226996
18279_0160_00043;43;;Rue Armand Bazile;18100;18279;Vierzon;;;2.074119;47.216842
18279_1160_00046;46;;Rue Emile Zola;18100;18279;Vierzon;;;2.041584;47.225365
18279_0160_00043_bis;43;bis;Rue Armand Bazile;18100;18279;Vierzon;;;2.074207;47.216822
18279_1155_00005;5;;Rue Emile Desforges;18100;18279;Vierzon;;;2.082069;47.226932
18279_3047_00026;26;;Rue Saint Exupéry;18100;18279;Vierzon;;;2.068114;47.204471
18279_0359_00004;4;;Parc de Bellevue;18100;18279;Vierzon;;;2.076907;47.226644
18279_0650_00034;34;;Rue du Cavalier;18100;18279;Vierzon;;;2.065493;47.226002
18279_0120_00039;39;;Rue André Ribaud;18100;18279;Vierzon;;;2.067631;47.231176
18279_0160_00019;19;;Rue Armand Bazile;18100;18279;Vierzon;;;2.071711;47.21751
18279_3170_00004_a;4;a;Rue de Valmy;18100;18279;Vierzon;;;2.067763;47.2191
18279_0660_00009;9;;Rue Célestin Gérard;18100;18279;Vierzon;;;2.054462;47.226011
18279_0963_00044_a;44;a;Route de la Croix;18100;18279;Vierzon;;;2.106905;47.229476
18279_1428_00004;4;;Place Gallerand;18100;18279;Vierzon;;;2.068424;47.222786
18279_2594_00009;9;;Rue Paul Valery;18100;18279;Vierzon;;;2.06836;47.208926
18279_0128_00006;6;;Passage Parmentier;18100;18279;Vierzon;;;2.045868;47.228821
18279_0890_00076_a;76;a;Rue de la Convention;18100;18279;Vierzon;;;2.107305;47.221505
18279_3271_00006;6;;Route du Village d’En Haut;18100;18279;Vierzon;;;2.110505;47.230351
18279_2993_00002;2;;Rue Roger Faletto;18100;18279;Vierzon;;;2.087642;47.20057
18279_0623_00019;19;;Rue Camelinat;18100;18279;Vierzon;;;2.07179;47.235881
18279_1240_00106;106;;Rue Etienne Nivet;18100;18279;Vierzon;;;2.09101;47.219262
18279_3184_00009;9;;Chemin des Varennes;18100;18279;Vierzon;;;2.098259;47.21475
18279_1160_00032;32;;Rue Emile Zola;18100;18279;Vierzon;;;2.04352;47.225039
18279_0870_00002_a;2;a;Rue Condorcet;18100;18279;Vierzon;;;2.072684;47.218176
18279_1950_00001;1;;Avenue du Jonc;18100;18279;Vierzon;;;2.063691;47.210604
18279_0215_00010;10;;Passage de l’Aubepine;18100;18279;Vierzon;;;2.047196;47.231692
18279_0568_00007;7;;Chemin du Briou;18100;18279;Vierzon;;;2.084919;47.224694
18279_1370_00021;21;;Rue Fourier;18100;18279;Vierzon;;;2.059098;47.23041
18279_1510_00030;30;;Grande Rue de la Genette;18100;18279;Vierzon;;;2.056924;47.216357
18279_3052_00026;26;;Route de Saint Lazare;18100;18279;Vierzon;;;2.096534;47.207662
18279_2220_00061;61;;Rue du Maréchal Joffre;18100;18279;Vierzon;;;2.07064;47.22291
18279_0350_00019;19;;Rue Beau Site;18100;18279;Vierzon;;;2.073167;47.212234
18279_2630_00011;11;;Rue du Péry;18100;18279;Vierzon;;;2.083045;47.2255
18279_1720_00024;24;;Rue Henri Barbusse;18100;18279;Vierzon;;;2.06438;47.23073
18279_2910_00030;30;;Avenue du 14 Juillet;18100;18279;Vierzon;;;2.064511;47.214306
18279_1980_00039;39;;Rue Jules Guesde;18100;18279;Vierzon;;;2.045617;47.228146
18279_1165_00009;9;;Rue de l'Epargne;18100;18279;Vierzon;;;2.058124;47.236261
18279_1696_00009;9;;Rue Gustave Flaubert;18100;18279;Vierzon;;;2.077733;47.200016
18279_0743_00001;1;;Rue Charlotte Delbo;18100;18279;Vierzon;;;2.0873;47.223137
18279_2080_00024;24;;Route de la Loeuf;18100;18279;Vierzon;;;2.043289;47.215295
18279_2870_00013;13;;Route de Puits Berteau;18100;18279;Vierzon;;;2.078821;47.233526
18279_1510_00055;55;;Grande Rue de la Genette;18100;18279;Vierzon;;;2.053362;47.216376
18279_2155_00063;63;;Avenue du 8 Mai 1945;18100;18279;Vierzon;;;2.080174;47.230791
18279_0420_00054_a;54;a;Rue de la Bidauderie;18100;18279;Vierzon;;;2.083202;47.236869
18279_5k08ny_00004;4;;Place Salvador Allende;18100;18279;Vierzon;;;2.085634;47.225991
18279_1580_00010;10;;Rue du Grand Clement;18100;18279;Vierzon;;;2.071499;47.227788
18279_1072_00011;11;;Petite Rue des Donneaux;18100;18279;Vierzon;;;2.04659;47.226353
18279_2189_00012;12;;Rue Marcel Paul;18100;18279;Vierzon;;;2.08981;47.234768
18279_3047_00072;72;;Rue Saint Exupéry;18100;18279;Vierzon;;;2.067091;47.200908
18279_1929_00002;2;;Impasse de Jérusalem;18100;18279;Vierzon;;;2.066281;47.218125
18279_0545_00093;93;;Route de Bourges;18100;18279;Vierzon;;;2.127458;47.213694
18279_3048_00051_c;51;c;Route de Saint Laurent;18100;18279;Vierzon;;;2.122437;47.221183
18279_1840_00010;10;;Rue Jean-baptiste Clément;18100;18279;Vierzon;;;2.070515;47.227697
18279_1290_00088;88;;Rue Félix Pyat;18100;18279;Vierzon;;;2.086982;47.227332
18279_1290_00051;51;;Rue Félix Pyat;18100;18279;Vierzon;;;2.083174;47.228467
18279_0120_00103;103;;Rue André Ribaud;18100;18279;Vierzon;;;2.072239;47.234693
18279_0195_00030;30;;Rue Arthur Rimbaud;18100;18279;Vierzon;;;2.084104;47.201723
18279_0350_00069;69;;Rue Beau Site;18100;18279;Vierzon;;;2.071079;47.208447
18279_3160_00026;26;;Rue du Val Fleury;18100;18279;Vierzon;;;2.069888;47.210735
18279_2290_00002;2;;Rue des Meunières;18100;18279;Vierzon;;;2.058067;47.234093
18279_1250_00117;117;;Rue Eugène Pottier;18100;18279;Vierzon;;;2.097386;47.227698
18279_2980_00019;19;;Rue Riparia;18100;18279;Vierzon;;;2.06023;47.213505
18279_1877_00057_a;57;a;Avenue Jean Jaurès;18100;18279;Vierzon;;;2.043638;47.231184
18279_1160_00011;11;;Rue Emile Zola;18100;18279;Vierzon;;;2.036409;47.225888
18279_0600_00051;51;;Petite Rue du Camp;18100;18279;Vierzon;;;2.062885;47.207251
18279_2080_00033;33;;Route de la Loeuf;18100;18279;Vierzon;;;2.039121;47.216061
18279_1510_00011;11;;Grande Rue de la Genette;18100;18279;Vierzon;;;2.058215;47.216247
18279_2714_00002;2;;Allée Pierre de Coubertin;18100;18279;Vierzon;;;2.077641;47.210692
18279_2220_00025;25;;Rue du Maréchal Joffre;18100;18279;Vierzon;;;2.069419;47.223098
18279_2025_00071;71;;avenue maréchal jean de lattre de tassigny;18100;18279;Vierzon;;;2.076179;47.203175
18279_3110_00019;19;;Rue des Terres Mortes;18100;18279;Vierzon;;;2.056563;47.206986
18279_1470_00073;73;;Rue Gaston Cornavin;18100;18279;Vierzon;;;2.087205;47.229231
18279_a140_00003;3;;Résidence des Coumelins;18100;18279;Vierzon;;;2.099108;47.221952
18279_1230_00125_ter;125;ter;Rue Etienne Marcel;18100;18279;Vierzon;;;2.107119;47.216183
18279_1060_00026;26;;Rue du Docteur Lobligeois;18100;18279;Vierzon;;;2.057222;47.217191
18279_2155_00059_t;59;t;Avenue du 8 Mai 1945;18100;18279;Vierzon;;;2.079222;47.231026
18279_1560_00031;31;;Rue Gourdon;18100;18279;Vierzon;;;2.06511;47.224607
18279_3202_00047_d;47;d;Avenue de Verdun;18100;18279;Vierzon;;;2.072651;47.226049
18279_0370_00030;30;;Route de Bellon;18100;18279;Vierzon;;;2.073325;47.213464
18279_0290_00007;7;;Rue Barbès;18100;18279;Vierzon;;;2.051796;47.233496
18279_0060_00010;10;;Rue Alphonse Daudet;18100;18279;Vierzon;;;2.078255;47.216188
18279_1510_00036;36;;Grande Rue de la Genette;18100;18279;Vierzon;;;2.056056;47.216378
18279_2040_00038;38;;Avenue Mal Philippe Leclerc de Ha;18100;18279;Vierzon;;;2.054582;47.208944
18279_1055_00023_bis;23;bis;Avenue du 19 Mars 1962;18100;18279;Vierzon;;;2.091443;47.239646
18279_0790_00015;15;;Rue du Château d'Eau;18100;18279;Vierzon;;;2.065901;47.208818
18279_1290_00007;7;;Rue Félix Pyat;18100;18279;Vierzon;;;2.080785;47.230373
18279_3280_00101;101;;Rue de Villeneuve;18100;18279;Vierzon;;;2.069567;47.207435
18279_2155_00043;43;;Avenue du 8 Mai 1945;18100;18279;Vierzon;;;2.078674;47.229835
18279_2220_00002_bis;2;bis;Rue du Maréchal Joffre;18100;18279;Vierzon;;;2.068562;47.223301
18279_0599_00002;2;;Chemin du Camp;18100;18279;Vierzon;;;2.063445;47.206657
18279_1720_00018;18;;Rue Henri Barbusse;18100;18279;Vierzon;;;2.064176;47.230354
18279_3091_00004;4;;Chemin des Tailles;18100;18279;Vierzon;;;2.058206;47.237745
18279_1538_00005;5;;Rue Georges Rousseau;18100;18279;Vierzon;;;2.057427;47.213523
18279_1250_00081;81;;Rue Eugène Pottier;18100;18279;Vierzon;;;2.098232;47.22502
18279_0308_00018;18;;Place du Bas de Grange;18100;18279;Vierzon;;;2.048135;47.224796
18279_0400_00003;3;;Rue des Berlurettes;18100;18279;Vierzon;;;2.061656;47.235625
18279_a140_00013;13;;Résidence des Coumelins;18100;18279;Vierzon;;;2.100176;47.222073
18279_2330_00032;32;;Rue Mirabeau;18100;18279;Vierzon;;;2.05572;47.212621
18279_1877_00025;25;;Avenue Jean Jaurès;18100;18279;Vierzon;;;2.04678;47.230586
18279_1290_00115;115;;Rue Félix Pyat;18100;18279;Vierzon;;;2.089774;47.228217
18279_1990_00011;11;;Rue Jules Louis Breton;18100;18279;Vierzon;;;2.075243;47.221105
18279_0310_00074;74;;Rue du Bas de Grange;18100;18279;Vierzon;;;2.047319;47.225593
18279_0270_00028;28;;Rue Babeuf;18100;18279;Vierzon;;;2.044638;47.233536
18279_1710_00086;86;;Rue Guy Môquet;18100;18279;Vierzon;;;2.075143;47.21164
18279_1160_00062;62;;Rue Emile Zola;18100;18279;Vierzon;;;2.0383;47.225642
18279_1170_00010;10;;Rue des Epinettes;18100;18279;Vierzon;;;2.068121;47.224503
18279_2930_00053;53;;Rue Raspail;18100;18279;Vierzon;;;2.079094;47.222642
18279_2770_00034;34;;Rue de la Plaisance;18100;18279;Vierzon;;;2.09333;47.220546
18279_1250_00146;146;;Rue Eugène Pottier;18100;18279;Vierzon;;;2.097834;47.227898
18279_3133_00056_a;56;a;Route de Tours;18100;18279;Vierzon;;;2.034539;47.235829
18279_2180_00021;21;;Rue Marcel Cachin;18100;18279;Vierzon;;;2.088503;47.228856
18279_1591_00013;13;;Chemin du Grand Orme;18100;18279;Vierzon;;;2.101164;47.231359
18279_1375_00023;23;;Rue France Bloch-sérazin;18100;18279;Vierzon;;;2.078752;47.206203
18279_3280_00052;52;;Rue de Villeneuve;18100;18279;Vierzon;;;2.070683;47.210312
18279_0600_00047;47;;Petite Rue du Camp;18100;18279;Vierzon;;;2.063463;47.207174
18279_2688_00005;5;;Rue Pierre Brossolette;18100;18279;Vierzon;;;2.076997;47.204802
18279_3280_00009;9;;Rue de Villeneuve;18100;18279;Vierzon;;;2.072557;47.212989
18279_1980_00032_bis;32;bis;Rue Jules Guesde;18100;18279;Vierzon;;;2.044903;47.228052
18279_3280_00090;90;;Rue de Villeneuve;18100;18279;Vierzon;;;2.06936;47.207888
18279_1128_00129_bis;129;bis;Avenue Edouard Vaillant;18100;18279;Vierzon;;;2.06092;47.239921
18279_2430_00034;34;;Rue Urbain Nègre;18100;18279;Vierzon;;;2.079629;47.229685
18279_0320_00005;5;;Quai du Bassin;18100;18279;Vierzon;;;2.069353;47.220075
18279_2330_00006;6;;Rue Mirabeau;18100;18279;Vierzon;;;2.056701;47.2135
18279_2720_00037;37;;Rue Pierre Dupont;18100;18279;Vierzon;;;2.044536;47.236289
18279_1128_00014;14;;Avenue Edouard Vaillant;18100;18279;Vierzon;;;2.061002;47.230706
18279_3271_00001_bis;1;bis;Route du Village d’En Haut;18100;18279;Vierzon;;;2.109459;47.229451
18279_1290_00085;85;;Rue Félix Pyat;18100;18279;Vierzon;;;2.086124;47.22747
18279_2410_00036;36;;Boulevard de la Nation;18100;18279;Vierzon;;;2.057554;47.214203
18279_1055_00018_m;18;m;Avenue du 19 Mars 1962;18100;18279;Vierzon;;;2.092432;47.240259
18279_1938_00006;6;;Chemin des Joffrois;18100;18279;Vierzon;;;2.105403;47.221404
18279_2560_00016;16;;Rue Pasteur;18100;18279;Vierzon;;;2.085516;47.220055
18279_3210_00063_f;63;f;Rue Victor Hugo;18100;18279;Vierzon;;;2.064702;47.224139
18279_2190_00053_c;53;c;Rue Marcel Perrin;18100;18279;Vierzon;;;2.071048;47.226806
18279_1990_00021;21;;Rue Jules Louis Breton;18100;18279;Vierzon;;;2.076954;47.221015
18279_2870_00171_a;171;a;Route de Puits Berteau;18100;18279;Vierzon;;;2.063351;47.238867
18279_a600_00010;10;;Residence Val d’Yevre;18100;18279;Vierzon;;;2.093847;47.218804
18279_3047_00013;13;;Rue Saint Exupéry;18100;18279;Vierzon;;;2.068531;47.205399
18279_0310_00094;94;;Rue du Bas de Grange;18100;18279;Vierzon;;;2.044756;47.225486
18279_1537_00010;10;;Rue Gérard Philipe;18100;18279;Vierzon;;;2.081923;47.22482
18279_0360_00004;4;;Rue de Bellevue;18100;18279;Vierzon;;;2.069518;47.209453
18279_2560_00015;15;;Rue Pasteur;18100;18279;Vierzon;;;2.084657;47.219917
18279_1877_00035_a;35;a;Avenue Jean Jaurès;18100;18279;Vierzon;;;2.046257;47.23074
18279_0042_00023;23;;Chemin des Ajoncs;18100;18279;Vierzon;;;2.082797;47.238476
18279_3133_00078;78;;Route de Tours;18100;18279;Vierzon;;;2.03085;47.238033
18279_0273_01430;1430;;Rue Baptiste Marcet;18100;18279;Vierzon;;;2.058746;47.237555
18279_3133_00082;82;;Route de Tours;18100;18279;Vierzon;;;2.02967;47.238697
18279_1062_00017;17;;Rue du Docteur Pierre Roux;18100;18279;Vierzon;;;2.069969;47.224102
18279_3170_00012;12;;Rue de Valmy;18100;18279;Vierzon;;;2.068454;47.219067
18279_0460_00023_c;23;c;Rue Blanqui;18100;18279;Vierzon;;;2.048673;47.225648
18279_1480_00007;7;;Rue de la Gaucherie;18100;18279;Vierzon;;;2.065097;47.222692
18279_3061_00015;15;;Boulevard Salvador Allende;18100;18279;Vierzon;;;2.08382;47.226758
18279_2190_00039_a;39;a;Rue Marcel Perrin;18100;18279;Vierzon;;;2.070971;47.22648
18279_2340_00007;7;;Rue Molière;18100;18279;Vierzon;;;2.065621;47.219467
18279_2155_00057;57;;Avenue du 8 Mai 1945;18100;18279;Vierzon;;;2.079558;47.230303
18279_1712_00008;8;;Hameau de la Dumonerie;18100;18279;Vierzon;;;2.09587;47.220102
18279_3073_00021_b;21;b;Rue de la Société Française;18100;18279;Vierzon;;;2.058601;47.225884
18279_1430_00005;5;;Rue Gallerand;18100;18279;Vierzon;;;2.067881;47.222534
18279_3084_00017;17;;Chemin du Stade Constant Duval;18100;18279;Vierzon;;;2.057039;47.240884
18279_3202_00027;27;;Avenue de Verdun;18100;18279;Vierzon;;;2.07321;47.225314
18279_2430_00015;15;;Rue Urbain Nègre;18100;18279;Vierzon;;;2.080172;47.227795
18279_0400_00001;1;;Rue des Berlurettes;18100;18279;Vierzon;;;2.061438;47.235549
18279_1160_00080;80;;Rue Emile Zola;18100;18279;Vierzon;;;2.034861;47.225932
18279_2260_00054;54;;Route de Méreau;18100;18279;Vierzon;;;2.060849;47.205761
18279_0660_00011;11;;Rue Célestin Gérard;18100;18279;Vierzon;;;2.054408;47.225948
18279_0310_00111;111;;Rue du Bas de Grange;18100;18279;Vierzon;;;2.044922;47.22536
18279_2405_00014;14;;Rue Mozart;18100;18279;Vierzon;;;2.078103;47.231759
18279_2870_00034;34;;Route de Puits Berteau;18100;18279;Vierzon;;;2.078247;47.234364
18279_1990_00038;38;;Rue Jules Louis Breton;18100;18279;Vierzon;;;2.077706;47.221115
18279_2930_00024;24;;Rue Raspail;18100;18279;Vierzon;;;2.080322;47.222983
18279_3280_00004;4;;Rue de Villeneuve;18100;18279;Vierzon;;;2.072315;47.213429
18279_1210_00034;34;;Rue Etienne Desroches;18100;18279;Vierzon;;;2.102341;47.219854
18279_1250_00050;50;;Rue Eugène Pottier;18100;18279;Vierzon;;;2.099733;47.22058
18279_2335_00009_a;9;a;Rue Miranda de Ebro;18100;18279;Vierzon;;;2.065132;47.218647
18279_2910_00060_bis;60;bis;Avenue du 14 Juillet;18100;18279;Vierzon;;;2.063778;47.2125
18279_0951_00011;11;;Chemin des Grandes Crêles;18100;18279;Vierzon;;;2.070109;47.202156
18279_1840_00015_bis;15;bis;Rue Jean-baptiste Clément;18100;18279;Vierzon;;;2.070803;47.228079
18279_0817_00038;38;;Chemin du Chevry;18100;18279;Vierzon;;;2.121541;47.21475
18279_1055_00013;13;;Avenue du 19 Mars 1962;18100;18279;Vierzon;;;2.089219;47.237918
18279_3150_00012;12;;Place Vaillant Couturier;18100;18279;Vierzon;;;2.069514;47.223527
18279_1732_00042;42;;Square Henriette Dumuin;18100;18279;Vierzon;;;2.078859;47.202071
18279_0842_00007;7;;Chemin du Cloître;18100;18279;Vierzon;;;2.031745;47.225171
18279_0495_00026;26;;Chemin des Grands Bois;18100;18279;Vierzon;;;2.052677;47.237916
18279_0495_00014;14;;Chemin des Grands Bois;18100;18279;Vierzon;;;2.052517;47.236818
18279_0640_00023;23;;Rue Casimir Lecomte;18100;18279;Vierzon;;;2.064746;47.228217
18279_1100_00001;1;;Rue des Ecoles;18100;18279;Vierzon;;;2.062773;47.215291
18279_3210_00005;5;;Rue Victor Hugo;18100;18279;Vierzon;;;2.067792;47.22348
18279_a255_00002;2;;Residence d’Hery;18100;18279;Vierzon;;;2.074108;47.208654
18279_2776_00008_c;8;c;Rue du Plessis;18100;18279;Vierzon;;;2.093071;47.229924
18279_1200_00011;11;;Rue de l'Etape;18100;18279;Vierzon;;;2.069163;47.222689
18279_2330_00015;15;;Rue Mirabeau;18100;18279;Vierzon;;;2.05526;47.212015
18279_3160_00035;35;;Rue du Val Fleury;18100;18279;Vierzon;;;2.069959;47.210245
18279_0972_00032;32;;Rue de la Croix Moreau;18100;18279;Vierzon;;;2.041625;47.225853
18279_3133_00046;46;;Route de Tours;18100;18279;Vierzon;;;2.037089;47.235032
18279_2180_00007;7;;Rue Marcel Cachin;18100;18279;Vierzon;;;2.089628;47.229228
18279_2890_00007;7;;Rue du Putet;18100;18279;Vierzon;;;2.057134;47.230083
18279_1320_00061;61;;Route de Foëcy;18100;18279;Vierzon;;;2.112348;47.205167
18279_1128_00024;24;;Avenue Edouard Vaillant;18100;18279;Vierzon;;;2.060665;47.231053
18279_1840_00007;7;;Rue Jean-baptiste Clément;18100;18279;Vierzon;;;2.07104;47.227724
18279_3073_00005;5;;Rue de la Société Française;18100;18279;Vierzon;;;2.061328;47.224734
18279_0840_00028;28;;Rue Claude Michaud;18100;18279;Vierzon;;;2.068124;47.213994
18279_2560_00021_a;21;a;Rue Pasteur;18100;18279;Vierzon;;;2.086207;47.219776
18279_2155_00048;48;;Avenue du 8 Mai 1945;18100;18279;Vierzon;;;2.078149;47.229043
18279_0740_00004;4;;Rue Charles Hurvoy;18100;18279;Vierzon;;;2.068991;47.227474
18279_0110_00017;17;;Rue André Hènault;18100;18279;Vierzon;;;2.062983;47.215649
18279_0545_00095;95;;Route de Bourges;18100;18279;Vierzon;;;2.127679;47.213736
18279_2816_00077;77;;Passage du Pré d'Anet;18100;18279;Vierzon;;;2.082227;47.218189
18279_1010_00008;8;;Rue Denis Papin;18100;18279;Vierzon;;;2.056158;47.230275
18279_2850_00043;43;;Rue Proudhon;18100;18279;Vierzon;;;2.047999;47.234479
18279_1980_00071;71;;Rue Jules Guesde;18100;18279;Vierzon;;;2.041722;47.229604
18279_1172_00009;9;;Passage des Epinettes;18100;18279;Vierzon;;;2.070538;47.225596
18279_0420_00058;58;;Rue de la Bidauderie;18100;18279;Vierzon;;;2.083487;47.237327
18279_1230_00106;106;;Rue Etienne Marcel;18100;18279;Vierzon;;;2.102005;47.216749
18279_2973_00023;23;;Chemin des Riaux;18100;18279;Vierzon;;;2.115717;47.228503
18279_1290_00161;161;;Rue Félix Pyat;18100;18279;Vierzon;;;2.093323;47.228374
18279_1840_00084;84;;Rue Jean-baptiste Clément;18100;18279;Vierzon;;;2.075213;47.232622
18279_0273_00006;6;;Rue Baptiste Marcet;18100;18279;Vierzon;;;2.058669;47.238291
18279_a150_00008;8;;Residence les Dumaines;18100;18279;Vierzon;;;2.093204;47.219497
18279_0140_00009_bis;9;bis;Rue Antonin Lerault;18100;18279;Vierzon;;;2.066397;47.215649
18279_0545_00071;71;;Route de Bourges;18100;18279;Vierzon;;;2.122107;47.214337
18279_2155_00059_k;59;k;Avenue du 8 Mai 1945;18100;18279;Vierzon;;;2.07937;47.230855
18279_1500_00007;7;;Rue Gay Lussac;18100;18279;Vierzon;;;2.076218;47.223674
18279_0085_00031;31;;Imp Ancienne Cite de la Verrerie;18100;18279;Vierzon;;;2.100095;47.21025
18279_0420_00052;52;;Rue de la Bidauderie;18100;18279;Vierzon;;;2.082877;47.236853
18279_1000_00006;6;;Rue Danton;18100;18279;Vierzon;;;2.048423;47.226566
18279_2625_00033;33;;Chemin du Perdrier;18100;18279;Vierzon;;;2.095419;47.227722
18279_1980_00044_bis;44;bis;Rue Jules Guesde;18100;18279;Vierzon;;;2.044272;47.228458
18279_0866_00039;39;;Avenue du Colonel Manhes;18100;18279;Vierzon;;;2.083644;47.224057
18279_1240_00020_b;20;b;Rue Etienne Nivet;18100;18279;Vierzon;;;2.079154;47.221811
18279_1440_00025;25;;Rue Gambetta;18100;18279;Vierzon;;;2.098588;47.219537
18279_2188_00002;2;;Rue Marcel Pagnol;18100;18279;Vierzon;;;2.077372;47.211257
18279_3133_00025_d;25;d;Route de Tours;18100;18279;Vierzon;;;2.038017;47.233532
18279_2260_00011_bis;11;bis;Route de Méreau;18100;18279;Vierzon;;;2.062259;47.208902
18279_b2fplh_00023;23;;Residence Mermoz;18100;18279;Vierzon;;;2.063813;47.20436
18279_0215_00009;9;;Passage de l’Aubepine;18100;18279;Vierzon;;;2.046748;47.231225
18279_3060_00015_bis;15;bis;Rue du Sergent Bobillot;18100;18279;Vierzon;;;2.0477;47.228895
18279_0020_00041;41;;Chemin de l’Abricot;18100;18279;Vierzon;;;2.048376;47.218515
18279_1840_00080;80;;Rue Jean-baptiste Clément;18100;18279;Vierzon;;;2.074965;47.232465
18279_0350_00023;23;;Rue Beau Site;18100;18279;Vierzon;;;2.072953;47.211835
18279_0420_00056_bis;56;bis;Rue de la Bidauderie;18100;18279;Vierzon;;;2.083385;47.237291
18279_2870_00037;37;;Route de Puits Berteau;18100;18279;Vierzon;;;2.076813;47.235654
18279_2590_00024;24;;Rue Paul Lafargue;18100;18279;Vierzon;;;2.070975;47.222711
18279_1940_00014;14;;Rue Joliot Curie;18100;18279;Vierzon;;;2.073916;47.209093
18279_2720_00035;35;;Rue Pierre Dupont;18100;18279;Vierzon;;;2.044728;47.236196
18279_0120_00022_bis;22;bis;Rue André Ribaud;18100;18279;Vierzon;;;2.066288;47.230041
18279_1870_00036;36;;Rue Jean Jacques Rousseau;18100;18279;Vierzon;;;2.075517;47.218119
18279_0760_00005_bis;5;bis;Passage du Chateau;18100;18279;Vierzon;;;2.071229;47.223094
18279_3vyj15_00022;22;;Clos de la Minee;18100;18279;Vierzon;;;2.066282;47.236867
18279_2188_00009;9;;Rue Marcel Pagnol;18100;18279;Vierzon;;;2.076672;47.2104
18279_hv0stn_00009;9;;Impasse de Bel Air;18100;18279;Vierzon;;;2.076574;47.213506
18279_2025_00058;58;;avenue maréchal jean de lattre de tassigny;18100;18279;Vierzon;;;2.06855;47.206681
18279_2410_00035;35;;Boulevard de la Nation;18100;18279;Vierzon;;;2.057929;47.214624
18279_0275_00006_bis;6;bis;Rue Bara;18100;18279;Vierzon;;;2.045435;47.23228
18279_0830_00004;4;;Rue Claude Bernard;18100;18279;Vierzon;;;2.077038;47.217407
18279_1549_00030_c;30;c;Chemin de la Giraudiere;18100;18279;Vierzon;;;2.029561;47.236758
18279_0395_00034;34;;Rue Henri Bergson;18100;18279;Vierzon;;;2.093868;47.224102
18279_671bao_00025_ter;25;ter;avenue maréchal philippe leclerc de hauteclocque;18100;18279;Vierzon;;;2.055228;47.209883
18279_1255_00037;37;;Rue Evariste Galois;18100;18279;Vierzon;;;2.08448;47.20126
18279_0743_00020;20;;Rue Charlotte Delbo;18100;18279;Vierzon;;;2.087822;47.222242
18279_1370_00019;19;;Rue Fourier;18100;18279;Vierzon;;;2.059369;47.230329
18279_2058_00019;19;;Rue Léo Mérigot;18100;18279;Vierzon;;;2.050189;47.22944
18279_2255_00002;2;;Place de la Mémoire;18100;18279;Vierzon;;;2.08003;47.200251
18279_2155_00025;25;;Avenue du 8 Mai 1945;18100;18279;Vierzon;;;2.07752;47.228717
18279_0980_00021;21;;Rue du Crot à Foulon;18100;18279;Vierzon;;;2.063147;47.230631
18279_1430_00020;20;;Rue Gallerand;18100;18279;Vierzon;;;2.068158;47.22283
18279_1428_00010;10;;Place Gallerand;18100;18279;Vierzon;;;2.068684;47.222924
18279_1470_00026;26;;Rue Gaston Cornavin;18100;18279;Vierzon;;;2.087329;47.228886
18279_3160_00021;21;;Rue du Val Fleury;18100;18279;Vierzon;;;2.070589;47.211245
18279_1825_00010;10;;Rue Jacques Brel;18100;18279;Vierzon;;;2.078619;47.200559
18279_1230_00063;63;;Rue Etienne Marcel;18100;18279;Vierzon;;;2.101047;47.217301
18279_2055_00024;24;;Rue Lénine;18100;18279;Vierzon;;;2.064279;47.233538
18279_0720_00023;23;;Rue des Changes;18100;18279;Vierzon;;;2.069622;47.223727
18279_1290_00142;142;;Rue Félix Pyat;18100;18279;Vierzon;;;2.092627;47.228362
18279_0866_00060;60;;Avenue du Colonel Manhes;18100;18279;Vierzon;;;2.083828;47.223793
18279_2520_00026;26;;Rue du Panorama;18100;18279;Vierzon;;;2.069511;47.211091
18279_0075_00025;25;;Rue Ambroise Croizat;18100;18279;Vierzon;;;2.068724;47.236212
18279_0415_00007;7;;Rue Bernard Dumont;18100;18279;Vierzon;;;2.071024;47.20662
18279_1560_00020;20;;Rue Gourdon;18100;18279;Vierzon;;;2.066134;47.224329
18279_0542_00016;16;;Rue du Bourdoiseau;18100;18279;Vierzon;;;2.063484;47.231457
18279_2560_00052;52;;Rue Pasteur;18100;18279;Vierzon;;;2.089144;47.219455
18279_1580_00022;22;;Rue du Grand Clement;18100;18279;Vierzon;;;2.072191;47.228218
18279_0980_01235;1235;;Rue du Crot à Foulon;18100;18279;Vierzon;;;2.062369;47.231512
18279_2260_00061;61;;Route de Méreau;18100;18279;Vierzon;;;2.060573;47.20474
18279_2502_00001;1;;Rue Pablo Neruda;18100;18279;Vierzon;;;2.082683;47.225951
18279_671bao_00003_a;3;a;avenue maréchal philippe leclerc de hauteclocque;18100;18279;Vierzon;;;2.060803;47.209731
18279_2189_00005;5;;Rue Marcel Paul;18100;18279;Vierzon;;;2.087679;47.234801
18279_0650_00038;38;;Rue du Cavalier;18100;18279;Vierzon;;;2.065971;47.225856
18279_2220_00056;56;;Rue du Maréchal Joffre;18100;18279;Vierzon;;;2.070399;47.223062
18279_1732_00072;72;;Square Henriette Dumuin;18100;18279;Vierzon;;;2.079865;47.202583
18279_0140_00008;8;;Rue Antonin Lerault;18100;18279;Vierzon;;;2.067689;47.215444
18279_2080_00043;43;;Route de la Loeuf;18100;18279;Vierzon;;;2.037485;47.216817
18279_1160_00010;10;;Rue Emile Zola;18100;18279;Vierzon;;;2.045822;47.224622
18279_1290_00082;82;;Rue Félix Pyat;18100;18279;Vierzon;;;2.086542;47.227363
18279_0968_00005;5;;Impasse de la Croix Moreau;18100;18279;Vierzon;;;2.033354;47.22646
18279_2719_00008;8;;Chemin Pierre Dupont;18100;18279;Vierzon;;;2.043939;47.235232
18279_2720_00028;28;;Rue Pierre Dupont;18100;18279;Vierzon;;;2.044894;47.236022
18279_3147_00003;3;;Rue de l'Unité;18100;18279;Vierzon;;;2.0729;47.235175
18279_0497_00006;6;;Chemin de Bois Marteau;18100;18279;Vierzon;;;2.057147;47.238494
18279_3133_00026;26;;Route de Tours;18100;18279;Vierzon;;;2.038671;47.233396
18279_1830_00045;45;;Rue Jacques Decour;18100;18279;Vierzon;;;2.088729;47.229456
18279_0075_00057;57;;Rue Ambroise Croizat;18100;18279;Vierzon;;;2.069921;47.23734
18279_b2fplh_00021;21;;Residence Mermoz;18100;18279;Vierzon;;;2.063751;47.20459
18279_1330_00004;4;;Impasse des Fontaines;18100;18279;Vierzon;;;2.064971;47.214504
18279_1128_00111;111;;Avenue Edouard Vaillant;18100;18279;Vierzon;;;2.060901;47.238372
18279_1420_00006;6;;Rue Galilée;18100;18279;Vierzon;;;2.070475;47.222286
18279_0817_00008;8;;Chemin du Chevry;18100;18279;Vierzon;;;2.117004;47.215288
18279_2688_00014;14;;Rue Pierre Brossolette;18100;18279;Vierzon;;;2.076411;47.205253
18279_0545_00101;101;;Route de Bourges;18100;18279;Vierzon;;;2.128874;47.213646
18279_0740_00015_bis;15;bis;Rue Charles Hurvoy;18100;18279;Vierzon;;;2.06941;47.227621
18279_3vyj15_00004;4;;Clos de la Minee;18100;18279;Vierzon;;;2.066077;47.236516
18279_3073_00021_d;21;d;Rue de la Société Française;18100;18279;Vierzon;;;2.058327;47.225505
18279_1560_00044;44;;Rue Gourdon;18100;18279;Vierzon;;;2.063295;47.224721
18279_0310_00057;57;;Rue du Bas de Grange;18100;18279;Vierzon;;;2.053468;47.224424
18279_2080_00085_a;85;a;Route de la Loeuf;18100;18279;Vierzon;;;2.032111;47.215441
18279_1530_00008;8;;Rue Georges Clémenceau;18100;18279;Vierzon;;;2.058142;47.215591
18279_0866_00014;14;;Avenue du Colonel Manhes;18100;18279;Vierzon;;;2.078782;47.22346
18279_3280_00103;103;;Rue de Villeneuve;18100;18279;Vierzon;;;2.069446;47.207357
18279_1290_00015;15;;Rue Félix Pyat;18100;18279;Vierzon;;;2.081092;47.230127
18279_1915_00036;36;;Rue Jean Vilar;18100;18279;Vierzon;;;2.083781;47.199866
18279_0870_00004;4;;Rue Condorcet;18100;18279;Vierzon;;;2.072446;47.218106
18279_0743_00013;13;;Rue Charlotte Delbo;18100;18279;Vierzon;;;2.087506;47.222078
18279_0710_00026;26;;Rue du Champanet;18100;18279;Vierzon;;;2.063376;47.220558
18279_1770_00002;2;;Rue Honoré de Balzac;18100;18279;Vierzon;;;2.065425;47.213432
18279_0190_00098;98;;Rue de l'Armistice;18100;18279;Vierzon;;;2.055072;47.21646
18279_0310_00016_o;16;o;Rue du Bas de Grange;18100;18279;Vierzon;;;2.055105;47.224462
18279_0542_00042;42;;Rue du Bourdoiseau;18100;18279;Vierzon;;;2.062743;47.233401
18279_2714_00006;6;;Allée Pierre de Coubertin;18100;18279;Vierzon;;;2.077397;47.210314
18279_3076_00028_bis;28;bis;Route des Souchènes;18100;18279;Vierzon;;;2.028626;47.215173
18279_0095_00050;50;;Rue André Gide;18100;18279;Vierzon;;;2.094412;47.225824
18279_0370_00038;38;;Route de Bellon;18100;18279;Vierzon;;;2.075109;47.212989
18279_0740_00041_a;41;a;Rue Charles Hurvoy;18100;18279;Vierzon;;;2.067307;47.227979
18279_1190_00001;1;;Quai de l’Etang;18100;18279;Vierzon;;;2.102764;47.215081
18279_0951_00034_bis;34;bis;Chemin des Grandes Crêles;18100;18279;Vierzon;;;2.069594;47.202226
18279_1536_00007;7;;Rue Georges Politzer;18100;18279;Vierzon;;;2.078399;47.204629
18279_2410_00049;49;;Boulevard de la Nation;18100;18279;Vierzon;;;2.057363;47.2142
18279_1020_00003;3;;Rue Descartes;18100;18279;Vierzon;;;2.081099;47.21786
18279_0840_00026;26;;Rue Claude Michaud;18100;18279;Vierzon;;;2.067885;47.213914
18279_2594_00010;10;;Rue Paul Valery;18100;18279;Vierzon;;;2.067279;47.208937
18279_1490_00018;18;;Chemin des Gaudrets;18100;18279;Vierzon;;;2.088542;47.222585
18279_2123_00009;9;;Square Louis Braille;18100;18279;Vierzon;;;2.088766;47.201258
18279_3060_00023;23;;Rue du Sergent Bobillot;18100;18279;Vierzon;;;2.047015;47.227973
18279_0100_00045;45;;Rue André Guillemain;18100;18279;Vierzon;;;2.080818;47.214052
18279_0095_00003;3;;Rue André Gide;18100;18279;Vierzon;;;2.095082;47.223372
18279_1190_00008;8;;Quai de l’Etang;18100;18279;Vierzon;;;2.103364;47.214994
18279_2594_00004;4;;Rue Paul Valery;18100;18279;Vierzon;;;2.067527;47.209532
18279_1255_00011;11;;Rue Evariste Galois;18100;18279;Vierzon;;;2.08459;47.201932
18279_0542_00031;31;;Rue du Bourdoiseau;18100;18279;Vierzon;;;2.062682;47.233198
18279_2630_00012;12;;Rue du Péry;18100;18279;Vierzon;;;2.08254;47.225333
18279_3147_00009;9;;Rue de l'Unité;18100;18279;Vierzon;;;2.072641;47.235464
18279_0890_00046;46;;Rue de la Convention;18100;18279;Vierzon;;;2.104158;47.220023
18279_2255_00015;15;;Place de la Mémoire;18100;18279;Vierzon;;;2.07994;47.199676
18279_0082_00048_a;48;a;Petite Rue Anatole France;18100;18279;Vierzon;;;2.049295;47.222535
18279_2055_00004;4;;Rue Lénine;18100;18279;Vierzon;;;2.064419;47.232916
18279_0310_00016_l;16;l;Rue du Bas de Grange;18100;18279;Vierzon;;;2.055179;47.224445
18279_0160_00083_bis;83;bis;Rue Armand Bazile;18100;18279;Vierzon;;;2.078832;47.215534
18279_2520_00044;44;;Rue du Panorama;18100;18279;Vierzon;;;2.068829;47.209889
18279_3133_00020_a;20;a;Route de Tours;18100;18279;Vierzon;;;2.039159;47.233291
18279_2850_00037;37;;Rue Proudhon;18100;18279;Vierzon;;;2.04806;47.233856
18279_3091_00019;19;;Chemin des Tailles;18100;18279;Vierzon;;;2.058369;47.239304
18279_2100_00050;50;;Rue des Longueraies;18100;18279;Vierzon;;;2.05835;47.233742
18279_0110_00003;3;;Rue André Hènault;18100;18279;Vierzon;;;2.064604;47.215615
18279_2255_00014;14;;Place de la Mémoire;18100;18279;Vierzon;;;2.07957;47.19992
18279_0980_00036;36;;Rue du Crot à Foulon;18100;18279;Vierzon;;;2.062453;47.231358
18279_p07zqe_00005;5;;Chemin du Pre d’Anet;18100;18279;Vierzon;;;2.073977;47.219945
18279_1700_00043;43;;Rue Gustave Flourens;18100;18279;Vierzon;;;2.053778;47.2316
18279_3073_00026_c;26;c;Rue de la Société Française;18100;18279;Vierzon;;;2.057822;47.225214
18279_3202_00078;78;;Avenue de Verdun;18100;18279;Vierzon;;;2.07524;47.226738
18279_671bao_00009;9;;avenue maréchal philippe leclerc de hauteclocque;18100;18279;Vierzon;;;2.058718;47.208783
18279_1569_00005_bis;5;bis;Chemin de Grands Champs;18100;18279;Vierzon;;;2.086004;47.24806
18279_2155_00041;41;;Avenue du 8 Mai 1945;18100;18279;Vierzon;;;2.078702;47.229631
18279_0350_00007;7;;Rue Beau Site;18100;18279;Vierzon;;;2.073549;47.212969
18279_2620_00019;19;;Rue des Pentecotes;18100;18279;Vierzon;;;2.059935;47.227729
18279_0599_00013;13;;Chemin du Camp;18100;18279;Vierzon;;;2.063255;47.205846
18279_2058_00029;29;;Rue Léo Mérigot;18100;18279;Vierzon;;;2.051149;47.228564
18279_vf0i5v_00019;19;;Chemin rural Dit des Ajoncs;18100;18279;Vierzon;;;2.082482;47.238039
18279_2500_00007;7;;Rue des Ormes;18100;18279;Vierzon;;;2.076541;47.232184
18279_a210_00023;23;;Residence de la Foret;18100;18279;Vierzon;;;2.063898;47.238118
18279_0100_00034_b;34;b;Rue André Guillemain;18100;18279;Vierzon;;;2.081187;47.215015
18279_2155_00059_w;59;w;Avenue du 8 Mai 1945;18100;18279;Vierzon;;;2.079184;47.231066
18279_3047_00055;55;;Rue Saint Exupéry;18100;18279;Vierzon;;;2.068244;47.202963
18279_1115_00004;4;;Rue Edmond Rostand;18100;18279;Vierzon;;;2.076347;47.200905
18279_0350_00060;60;;Rue Beau Site;18100;18279;Vierzon;;;2.070873;47.208807
18279_2950_00020;20;;Avenue de la République;18100;18279;Vierzon;;;2.065935;47.223066
18279_0080_00035;35;;Rue Anatole France;18100;18279;Vierzon;;;2.058069;47.221258
18279_0800_00009;9;;Quai du Cher;18100;18279;Vierzon;;;2.06383;47.216225
18279_2520_00023;23;;Rue du Panorama;18100;18279;Vierzon;;;2.069627;47.210812
18279_2945_00017;17;;Rue de Rendsburg;18100;18279;Vierzon;;;2.085619;47.200238
18279_2188_00030;30;;Rue Marcel Pagnol;18100;18279;Vierzon;;;2.07502;47.210054
18279_2430_00019;19;;Rue Urbain Nègre;18100;18279;Vierzon;;;2.079949;47.228633
18279_2220_00020;20;;Rue du Maréchal Joffre;18100;18279;Vierzon;;;2.068916;47.223462
18279_0650_00020;20;;Rue du Cavalier;18100;18279;Vierzon;;;2.064075;47.226373
18279_2620_00015;15;;Rue des Pentecotes;18100;18279;Vierzon;;;2.060293;47.227623
18279_3047_00063;63;;Rue Saint Exupéry;18100;18279;Vierzon;;;2.06773;47.202607
18279_2630_00023;23;;Rue du Péry;18100;18279;Vierzon;;;2.084565;47.225171
18279_0590_00006;6;;Rue Camille Desmoulins;18100;18279;Vierzon;;;2.064715;47.220915
18279_0870_00009;9;;Rue Condorcet;18100;18279;Vierzon;;;2.072335;47.217953
18279_3118_00006;6;;Chemin du Terrichon;18100;18279;Vierzon;;;2.035516;47.217111
18279_2123_00019;19;;Square Louis Braille;18100;18279;Vierzon;;;2.088771;47.200674
18279_1240_00026;26;;Rue Etienne Nivet;18100;18279;Vierzon;;;2.080343;47.221974
18279_2770_00061_b;61;b;Rue de la Plaisance;18100;18279;Vierzon;;;2.09557;47.221683
18279_2950_00044;44;;Avenue de la République;18100;18279;Vierzon;;;2.064617;47.223673
18279_0290_00097;97;;Rue Barbès;18100;18279;Vierzon;;;2.058113;47.237073
18279_1535_00022;22;;Rue Georges Fauconnier;18100;18279;Vierzon;;;2.070642;47.238858
18279_2155_00095;95;;Avenue du 8 Mai 1945;18100;18279;Vierzon;;;2.085707;47.236267
18279_0498_00007;7;;Petit Chemin Petit Chem de Bois Marteau;18100;18279;Vierzon;;;2.056647;47.238823
18279_0942_00035;35;;Impasse de la Craillo;18100;18279;Vierzon;;;2.06718;47.236701
18279_2735_00007;7;;Rue Pierre Ferdonnet;18100;18279;Vierzon;;;2.090096;47.227527
18279_0866_00001;1;;Avenue du Colonel Manhes;18100;18279;Vierzon;;;2.07437;47.225277
18279_1980_00043;43;;Rue Jules Guesde;18100;18279;Vierzon;;;2.044948;47.228306
18279_0498_00028;28;;Petit Chemin Petit Chem de Bois Marteau;18100;18279;Vierzon;;;2.055101;47.240299
18279_3160_00052;52;;Rue du Val Fleury;18100;18279;Vierzon;;;2.068718;47.208665
18279_2710_00030;30;;Rue Pierre Debournou;18100;18279;Vierzon;;;2.062559;47.223993
18279_0151_00006_c;6;c;Rue Aristide Briand;18100;18279;Vierzon;;;2.067215;47.221885
18279_2503_00012;12;;Rue Pablo Picasso;18100;18279;Vierzon;;;2.083026;47.200803
18279_0070_00044;44;;Rue Alphonse Pradat;18100;18279;Vierzon;;;2.044973;47.22049
18279_1877_00021;21;;Avenue Jean Jaurès;18100;18279;Vierzon;;;2.047119;47.230512
18279_2688_00081;81;;Rue Pierre Brossolette;18100;18279;Vierzon;;;2.074933;47.203948
18279_3160_00006;6;;Rue du Val Fleury;18100;18279;Vierzon;;;2.070753;47.21238
18279_2510_00074;74;;Rue de la Paix;18100;18279;Vierzon;;;2.054258;47.217033
18279_1470_00048;48;;Rue Gaston Cornavin;18100;18279;Vierzon;;;2.087292;47.230115
18279_3202_00009;9;;Avenue de Verdun;18100;18279;Vierzon;;;2.071788;47.225007
18279_0600_00038;38;;Petite Rue du Camp;18100;18279;Vierzon;;;2.064493;47.207092
18279_66j5mf_00006;6;;Chemin des Noues;18100;18279;Vierzon;;;2.049529;47.209388
18279_3280_00077;77;;Rue de Villeneuve;18100;18279;Vierzon;;;2.070289;47.208829
18279_1877_00044;44;;Avenue Jean Jaurès;18100;18279;Vierzon;;;2.045537;47.230989
18279_1720_00025;25;;Rue Henri Barbusse;18100;18279;Vierzon;;;2.064424;47.231262
18279_1142_00016;16;;Rue Elisee Reclus;18100;18279;Vierzon;;;2.08212;47.202428
18279_1710_00008;8;;Rue Guy Môquet;18100;18279;Vierzon;;;2.076861;47.211787
18279_0890_00089;89;;Rue de la Convention;18100;18279;Vierzon;;;2.107457;47.221855
18279_2688_00069;69;;Rue Pierre Brossolette;18100;18279;Vierzon;;;2.075703;47.203555
18279_2472_00027;27;;Route des Noues;18100;18279;Vierzon;;;2.044028;47.211262
18279_3207_00007_a;7;a;Rue du Vert Pommier;18100;18279;Vierzon;;;2.066775;47.223864
18279_3060_00023_b;23;b;Rue du Sergent Bobillot;18100;18279;Vierzon;;;2.047085;47.228053
18279_0075_00011;11;;Rue Ambroise Croizat;18100;18279;Vierzon;;;2.069556;47.235468
18279_2290_00007;7;;Rue des Meunières;18100;18279;Vierzon;;;2.057458;47.234181
18279_2870_00070;70;;Route de Puits Berteau;18100;18279;Vierzon;;;2.076142;47.236405
18279_1430_00011;11;;Rue Gallerand;18100;18279;Vierzon;;;2.068034;47.222682
18279_3271_00010;10;;Route du Village d’En Haut;18100;18279;Vierzon;;;2.111274;47.230993
18279_1155_00003;3;;Rue Emile Desforges;18100;18279;Vierzon;;;2.08186;47.226821
18279_0972_00004;4;;Rue de la Croix Moreau;18100;18279;Vierzon;;;2.044139;47.225444
18279_1832_00027;27;;Square Jacques Duclos;18100;18279;Vierzon;;;2.08795;47.201316
18279_0963_00031;31;;Route de la Croix;18100;18279;Vierzon;;;2.103978;47.229443
18279_3073_00023_c;23;c;Rue de la Société Française;18100;18279;Vierzon;;;2.058548;47.22584
18279_1150_00035;35;;Rue Emile Bouleau;18100;18279;Vierzon;;;2.068017;47.218158
18279_1020_00006;6;;Rue Descartes;18100;18279;Vierzon;;;2.081165;47.217768
18279_0400_00035;35;;Rue des Berlurettes;18100;18279;Vierzon;;;2.064365;47.236435
18279_0110_00040_bis;40;bis;Rue André Hènault;18100;18279;Vierzon;;;2.059905;47.215345
18279_0220_00026;26;;Rue Auber;18100;18279;Vierzon;;;2.082267;47.215153
18279_2206_00008;8;;Rue Maryse Bastié;18100;18279;Vierzon;;;2.064411;47.202803
18279_66j5mf_00050;50;;Chemin des Noues;18100;18279;Vierzon;;;2.044594;47.211147
18279_2200_00016_e;16;e;Rue Marcel Sembat;18100;18279;Vierzon;;;2.052772;47.228995
18279_1732_00032;32;;Square Henriette Dumuin;18100;18279;Vierzon;;;2.078347;47.202517
18279_1840_00035;35;;Rue Jean-baptiste Clément;18100;18279;Vierzon;;;2.071539;47.230227
18279_671bao_00012_a;12;a;avenue maréchal philippe leclerc de hauteclocque;18100;18279;Vierzon;;;2.057208;47.209342
18279_0045_00041;41;;Route d'Ainset;18100;18279;Vierzon;;;2.084924;47.246138
18279_0120_00050;50;;Rue André Ribaud;18100;18279;Vierzon;;;2.068253;47.231886
18279_a400_00004;4;;Residence les Pommiers;18100;18279;Vierzon;;;2.092779;47.2278
18279_3047_00095;95;;Rue Saint Exupéry;18100;18279;Vierzon;;;2.067503;47.200749
18279_1230_00060;60;;Rue Etienne Marcel;18100;18279;Vierzon;;;2.09936;47.217546
18279_1065_00003;3;;Cour des Donneaux;18100;18279;Vierzon;;;2.044728;47.227286
18279_2910_00046;46;;Avenue du 14 Juillet;18100;18279;Vierzon;;;2.06415;47.213516
18279_2520_00033;33;;Rue du Panorama;18100;18279;Vierzon;;;2.069271;47.210181
18279_2950_00011;11;;Avenue de la République;18100;18279;Vierzon;;;2.066658;47.222593
18279_2188_00014;14;;Rue Marcel Pagnol;18100;18279;Vierzon;;;2.076554;47.210608
18279_0100_00004;4;;Rue André Guillemain;18100;18279;Vierzon;;;2.082402;47.217366
18279_1160_00006;6;;Rue Emile Zola;18100;18279;Vierzon;;;2.046221;47.224551
18279_3133_00031;31;;Route de Tours;18100;18279;Vierzon;;;2.037493;47.233946
18279_vf0i5v_00025;25;;Chemin rural Dit des Ajoncs;18100;18279;Vierzon;;;2.08293;47.238263
18279_1230_00028_b;28;b;Rue Etienne Marcel;18100;18279;Vierzon;;;2.096624;47.217959
18279_2870_00030;30;;Route de Puits Berteau;18100;18279;Vierzon;;;2.078701;47.233981
18279_3195_00011;11;;Chemin du Verdin;18100;18279;Vierzon;;;2.035169;47.228113
18279_0120_00074;74;;Rue André Ribaud;18100;18279;Vierzon;;;2.069426;47.233092
18279_1440_00027;27;;Rue Gambetta;18100;18279;Vierzon;;;2.098721;47.219426
18279_1290_00157;157;;Rue Félix Pyat;18100;18279;Vierzon;;;2.092712;47.228519
18279_0160_00001_bis;1;bis;Rue Armand Bazile;18100;18279;Vierzon;;;2.069994;47.217984
18279_2070_00038;38;;Boulevard de la Liberté;18100;18279;Vierzon;;;2.064435;47.227168
18279_2980_00007;7;;Rue Riparia;18100;18279;Vierzon;;;2.060407;47.214564
18279_0080_00011;11;;Rue Anatole France;18100;18279;Vierzon;;;2.060152;47.220932
18279_1693_00009;9;;Allee Guillaume Apollinaire;18100;18279;Vierzon;;;2.084983;47.220795
18279_1560_00013;13;;Rue Gourdon;18100;18279;Vierzon;;;2.066719;47.224463
18279_2080_00016_a;16;a;Route de la Loeuf;18100;18279;Vierzon;;;2.045205;47.215408
18279_1990_00053_bis;53;bis;Rue Jules Louis Breton;18100;18279;Vierzon;;;2.081078;47.220274
18279_0942_00028;28;;Impasse de la Craillo;18100;18279;Vierzon;;;2.067602;47.237134
18279_1877_00033;33;;Avenue Jean Jaurès;18100;18279;Vierzon;;;2.046334;47.230688
18279_2816_00011;11;;Passage du Pré d'Anet;18100;18279;Vierzon;;;2.074536;47.219818
18279_2270_00027;27;;Rue Meunier;18100;18279;Vierzon;;;2.044556;47.228504
18279_1732_00052;52;;Square Henriette Dumuin;18100;18279;Vierzon;;;2.07965;47.201773
18279_0550_00001;1;;Rue du Bourgneuf;18100;18279;Vierzon;;;2.064384;47.215953
18279_a150_00016;16;;Residence les Dumaines;18100;18279;Vierzon;;;2.094166;47.21929
18279_3269_00014;14;;Chemin du Village d’En Haut;18100;18279;Vierzon;;;2.129057;47.243177
18279_2080_00016;16;;Route de la Loeuf;18100;18279;Vierzon;;;2.045314;47.215461
18279_2320_00010;10;;Rue Millière;18100;18279;Vierzon;;;2.051442;47.225652
18279_0600_00048_bis;48;bis;Petite Rue du Camp;18100;18279;Vierzon;;;2.063161;47.207268
18279_1710_00094;94;;Rue Guy Môquet;18100;18279;Vierzon;;;2.074102;47.211792
18279_0170_00051;51;;Rue Armand Brunet;18100;18279;Vierzon;;;2.071662;47.221376
18279_0260_00018;18;;Petite Rue Babeuf;18100;18279;Vierzon;;;2.045312;47.235215
18279_p07zqe_00079;79;;Chemin du Pre d’Anet;18100;18279;Vierzon;;;2.082387;47.218117
18279_0710_00020_bis;20;bis;Rue du Champanet;18100;18279;Vierzon;;;2.063983;47.220326
18279_2085_00049;49;;Rue des Lilas;18100;18279;Vierzon;;;2.055079;47.234074
18279_0712_00002_c;2;c;Rue du Champ Commun;18100;18279;Vierzon;;;2.068088;47.220093
18279_3133_00008_a;8;a;Route de Tours;18100;18279;Vierzon;;;2.039633;47.232784
18279_2100_00084;84;;Rue des Longueraies;18100;18279;Vierzon;;;2.059892;47.235482
18279_0400_00035_bis;35;bis;Rue des Berlurettes;18100;18279;Vierzon;;;2.064259;47.23729
18279_0350_00057;57;;Rue Beau Site;18100;18279;Vierzon;;;2.0717;47.209417
18279_0350_00085;85;;Rue Beau Site;18100;18279;Vierzon;;;2.070546;47.20751
18279_0962_00015;15;;Chemin de la Croix;18100;18279;Vierzon;;;2.109612;47.230441
18279_1730_00009_ter;9;ter;Avenue Henri Brisson;18100;18279;Vierzon;;;2.061779;47.225763
18279_1950_00027_d;27;d;Avenue du Jonc;18100;18279;Vierzon;;;2.066912;47.21098
18279_2025_00015;15;;avenue maréchal jean de lattre de tassigny;18100;18279;Vierzon;;;2.064973;47.208901
18279_2995_00002;2;;Rue Roland Champenier;18100;18279;Vierzon;;;2.067777;47.238926
18279_671bao_00011;11;;avenue maréchal philippe leclerc de hauteclocque;18100;18279;Vierzon;;;2.058258;47.209317
18279_1510_00026;26;;Grande Rue de la Genette;18100;18279;Vierzon;;;2.057234;47.21635
18279_1200_00012;12;;Rue de l'Etape;18100;18279;Vierzon;;;2.069328;47.22272
18279_1170_00015;15;;Rue des Epinettes;18100;18279;Vierzon;;;2.069345;47.225579
18279_2928_00009;9;;Impasse Raspail;18100;18279;Vierzon;;;2.075579;47.224253
18279_3210_00039;39;;Rue Victor Hugo;18100;18279;Vierzon;;;2.065847;47.223446
18279_2735_00006;6;;Rue Pierre Ferdonnet;18100;18279;Vierzon;;;2.090152;47.226566
18279_0542_00058;58;;Rue du Bourdoiseau;18100;18279;Vierzon;;;2.062208;47.2348
18279_0120_00090;90;;Rue André Ribaud;18100;18279;Vierzon;;;2.070424;47.233705
18279_1720_00090;90;;Rue Henri Barbusse;18100;18279;Vierzon;;;2.065873;47.238047
18279_2025_00001;1;;avenue maréchal jean de lattre de tassigny;18100;18279;Vierzon;;;2.062857;47.209858
18279_0726_00008;8;;Rue Baudelaire;18100;18279;Vierzon;;;2.083371;47.198471
18279_3073_00026_l;26;l;Rue de la Société Française;18100;18279;Vierzon;;;2.056919;47.225949
18279_2485_00021;21;;Rue du 11 Novembre 1918;18100;18279;Vierzon;;;2.065207;47.221551
18279_1560_01325;1325;;Rue Gourdon;18100;18279;Vierzon;;;2.064261;47.22462
18279_1190_00019;19;;Quai de l’Etang;18100;18279;Vierzon;;;2.104047;47.21471
18279_2155_00050;50;;Avenue du 8 Mai 1945;18100;18279;Vierzon;;;2.078241;47.229116
18279_2795_00021;21;;Rue des Ponts;18100;18279;Vierzon;;;2.066452;47.219438
18279_1010_00001;1;;Rue Denis Papin;18100;18279;Vierzon;;;2.056545;47.230541
18279_0800_00019;19;;Quai du Cher;18100;18279;Vierzon;;;2.063327;47.216265
18279_1010_00016;16;;Rue Denis Papin;18100;18279;Vierzon;;;2.055482;47.229945
18279_1905_00046;46;;Rue Jean Picot;18100;18279;Vierzon;;;2.07597;47.210884
18279_0410_00004;4;;Rue Bernard Palissy;18100;18279;Vierzon;;;2.059847;47.225391
18279_2210_00014;14;;Place du Maréchal Foch;18100;18279;Vierzon;;;2.067619;47.22298
18279_0445_00107_bis;107;bis;Chemin Blanc;18100;18279;Vierzon;;;2.065278;47.199561
18279_0225_00004;4;;Allée Auguste Rodin;18100;18279;Vierzon;;;2.080663;47.232475
18279_2080_00027;27;;Route de la Loeuf;18100;18279;Vierzon;;;2.041456;47.215541
18279_1720_00086;86;;Rue Henri Barbusse;18100;18279;Vierzon;;;2.065834;47.237774
18279_1510_00018;18;;Grande Rue de la Genette;18100;18279;Vierzon;;;2.057797;47.216334
18279_0370_00117_bis;117;bis;Route de Bellon;18100;18279;Vierzon;;;2.080471;47.208704
18279_1605_00006_bis;6;bis;Chemin des Gdes Noues Fontaines;18100;18279;Vierzon;;;2.047815;47.2088
18279_0220_00017;17;;Rue Auber;18100;18279;Vierzon;;;2.082516;47.215443
18279_2688_00002_a;2;a;Rue Pierre Brossolette;18100;18279;Vierzon;;;2.077401;47.205345
18279_2945_00019;19;;Rue de Rendsburg;18100;18279;Vierzon;;;2.085497;47.200087
18279_3170_00011;11;;Rue de Valmy;18100;18279;Vierzon;;;2.067845;47.219011
18279_0445_00011;11;;Chemin Blanc;18100;18279;Vierzon;;;2.053786;47.207233
18279_2850_00003;3;;Rue Proudhon;18100;18279;Vierzon;;;2.049107;47.230949
18279_1990_00052_ter;52;ter;Rue Jules Louis Breton;18100;18279;Vierzon;;;2.080291;47.220506
18279_0045_00006;6;;Route d'Ainset;18100;18279;Vierzon;;;2.076676;47.237185
18279_2190_00025_a;25;a;Rue Marcel Perrin;18100;18279;Vierzon;;;2.071269;47.225327
18279_a070_00057;57;;Residence des Bruyeres;18100;18279;Vierzon;;;2.06587;47.204469
18279_1700_00040;40;;Rue Gustave Flourens;18100;18279;Vierzon;;;2.054594;47.231415
18279_0866_00008;8;;Avenue du Colonel Manhes;18100;18279;Vierzon;;;2.078408;47.223541
18279_3052_00018;18;;Route de Saint Lazare;18100;18279;Vierzon;;;2.096981;47.208247
18279_0310_00069_bis;69;bis;Rue du Bas de Grange;18100;18279;Vierzon;;;2.051952;47.224893
18279_1877_00004;4;;Avenue Jean Jaurès;18100;18279;Vierzon;;;2.048829;47.230239
18279_2980_00001;1;;Rue Riparia;18100;18279;Vierzon;;;2.06055;47.215034
18279_0950_00009;9;;Chemin des Crêles;18100;18279;Vierzon;;;2.081974;47.19773
18279_2100_01395;1395;;Rue des Longueraies;18100;18279;Vierzon;;;2.058545;47.233166
18279_0290_00093;93;;Rue Barbès;18100;18279;Vierzon;;;2.057711;47.236848
18279_0030_00023;23;;Rue de l'Abricot;18100;18279;Vierzon;;;2.055879;47.220557
18279_1930_00008;8;;Rue de Jérusalem;18100;18279;Vierzon;;;2.067339;47.217606
18279_3133_00025_e;25;e;Route de Tours;18100;18279;Vierzon;;;2.038116;47.233479
18279_0730_00021;21;;Rue Charles Gibault;18100;18279;Vierzon;;;2.083357;47.21701
18279_2155_00059_p;59;p;Avenue du 8 Mai 1945;18100;18279;Vierzon;;;2.079277;47.23096
18279_2950_00002;2;;Avenue de la République;18100;18279;Vierzon;;;2.067768;47.222433
18279_0740_00031;31;;Rue Charles Hurvoy;18100;18279;Vierzon;;;2.06823;47.227723
18279_0160_00022;22;;Rue Armand Bazile;18100;18279;Vierzon;;;2.072618;47.217319
18279_0740_00018_bis;18;bis;Rue Charles Hurvoy;18100;18279;Vierzon;;;2.066014;47.228074
18279_1838_00004;4;;impasse jean-baptiste clément;18100;18279;Vierzon;;;2.074555;47.231744
18279_2330_00100;100;;Rue Mirabeau;18100;18279;Vierzon;;;2.049984;47.210708
18279_0120_00004;4;;Rue André Ribaud;18100;18279;Vierzon;;;2.065268;47.228974
18279_0542_00059;59;;Rue du Bourdoiseau;18100;18279;Vierzon;;;2.062017;47.235012
18279_66j5mf_00023;23;;Chemin des Noues;18100;18279;Vierzon;;;2.045628;47.210425
18279_0817_00016;16;;Chemin du Chevry;18100;18279;Vierzon;;;2.118209;47.215294
18279_1250_00028;28;;Rue Eugène Pottier;18100;18279;Vierzon;;;2.099493;47.218898
18279_3160_00043;43;;Rue du Val Fleury;18100;18279;Vierzon;;;2.069786;47.209815
18279_1834_00002;2;;Rue Jacques Richard;18100;18279;Vierzon;;;2.080412;47.200679
18279_1240_00092;92;;Rue Etienne Nivet;18100;18279;Vierzon;;;2.089445;47.220031
18279_2025_00016;16;;avenue maréchal jean de lattre de tassigny;18100;18279;Vierzon;;;2.064522;47.208807
18279_0085_00035;35;;Imp Ancienne Cite de la Verrerie;18100;18279;Vierzon;;;2.099968;47.210113
18279_0890_00093;93;;Rue de la Convention;18100;18279;Vierzon;;;2.107646;47.222063
18279_1155_00023;23;;Rue Emile Desforges;18100;18279;Vierzon;;;2.083185;47.227677
18279_3118_00001;1;;Chemin du Terrichon;18100;18279;Vierzon;;;2.033105;47.217794
18279_1375_00021;21;;Rue France Bloch-sérazin;18100;18279;Vierzon;;;2.078831;47.206294
18279_1370_00008;8;;Rue Fourier;18100;18279;Vierzon;;;2.059979;47.22999
18279_0844_00010;10;;Impasse du Clos Chabot;18100;18279;Vierzon;;;2.080128;47.229136
18279_1915_00006;6;;Rue Jean Vilar;18100;18279;Vierzon;;;2.084452;47.200281
18279_0095_00009;9;;Rue André Gide;18100;18279;Vierzon;;;2.095495;47.222817
18279_0890_00189;189;;Rue de la Convention;18100;18279;Vierzon;;;2.109676;47.228572
18279_1265_00006;6;;Impasse de Fay;18100;18279;Vierzon;;;2.052002;47.23519
18279_3133_00022;22;;Route de Tours;18100;18279;Vierzon;;;2.038831;47.2333
18279_2206_00013;13;;Rue Maryse Bastié;18100;18279;Vierzon;;;2.064002;47.202624
18279_1391_00022;22;;Rue de la Fringale;18100;18279;Vierzon;;;2.039709;47.233779
18279_2710_00017_a;17;a;Rue Pierre Debournou;18100;18279;Vierzon;;;2.062703;47.223855
18279_1940_00020;20;;Rue Joliot Curie;18100;18279;Vierzon;;;2.073818;47.209441
18279_0352_00007;7;;Rue Beethoven;18100;18279;Vierzon;;;2.078584;47.235293
18279_1905_00042;42;;Rue Jean Picot;18100;18279;Vierzon;;;2.075777;47.211093
18279_0150_00011;11;;Place Aristide Briand;18100;18279;Vierzon;;;2.067595;47.221729
18279_1950_00033;33;;Avenue du Jonc;18100;18279;Vierzon;;;2.066962;47.210045
18279_1536_00094;94;;Rue Georges Politzer;18100;18279;Vierzon;;;2.081062;47.203424
18279_3133_00058_bis;58;bis;Route de Tours;18100;18279;Vierzon;;;2.034707;47.235747
18279_1775_00022;22;;Rue des Hortensias;18100;18279;Vierzon;;;2.053873;47.233422
18279_2260_00058;58;;Route de Méreau;18100;18279;Vierzon;;;2.060698;47.205397
18279_2125_00020;20;;Rue Louise Michel;18100;18279;Vierzon;;;2.07092;47.235779
18279_1440_00020;20;;Rue Gambetta;18100;18279;Vierzon;;;2.09778;47.219899
18279_2189_00018;18;;Rue Marcel Paul;18100;18279;Vierzon;;;2.091253;47.234045
18279_1032_00018;18;;Rue Diderot;18100;18279;Vierzon;;;2.07093;47.217357
18279_0543_00007;7;;Petite Rue du Bourdoiseau;18100;18279;Vierzon;;;2.063663;47.232254
18279_3047_00058;58;;Rue Saint Exupéry;18100;18279;Vierzon;;;2.067391;47.201945
18279_1155_00009;9;;Rue Emile Desforges;18100;18279;Vierzon;;;2.082299;47.22707
18279_2220_00005;5;;Rue du Maréchal Joffre;18100;18279;Vierzon;;;2.068442;47.223208
18279_0435_00011;11;;Rue de Bitterfeld;18100;18279;Vierzon;;;2.083118;47.203616
18279_2870_00063;63;;Route de Puits Berteau;18100;18279;Vierzon;;;2.074863;47.236669
18279_2995_00023;23;;Rue Roland Champenier;18100;18279;Vierzon;;;2.069297;47.238911
18279_1877_00080;80;;Avenue Jean Jaurès;18100;18279;Vierzon;;;2.042522;47.23168
18279_2910_00067;67;;Avenue du 14 Juillet;18100;18279;Vierzon;;;2.063653;47.212586
18279_1290_00102;102;;Rue Félix Pyat;18100;18279;Vierzon;;;2.088905;47.227583
18279_1190_00023;23;;Quai de l’Etang;18100;18279;Vierzon;;;2.104821;47.214412
18279_2590_00001;1;;Rue Paul Lafargue;18100;18279;Vierzon;;;2.071262;47.222087
18279_0320_00003_bis;3;bis;Quai du Bassin;18100;18279;Vierzon;;;2.068986;47.2201
18279_0445_00013;13;;Chemin Blanc;18100;18279;Vierzon;;;2.053984;47.20704
18279_0650_00018;18;;Rue du Cavalier;18100;18279;Vierzon;;;2.063972;47.226376
18279_3280_00036;36;;Rue de Villeneuve;18100;18279;Vierzon;;;2.071223;47.211253
18279_2260_00030;30;;Route de Méreau;18100;18279;Vierzon;;;2.06167;47.207759
18279_0720_00029;29;;Rue des Changes;18100;18279;Vierzon;;;2.069995;47.223891
18279_2025_00021;21;;avenue maréchal jean de lattre de tassigny;18100;18279;Vierzon;;;2.065983;47.208116
18279_0890_00030;30;;Rue de la Convention;18100;18279;Vierzon;;;2.102379;47.218986
18279_2040_00042;42;;Avenue Mal Philippe Leclerc de Ha;18100;18279;Vierzon;;;2.054073;47.208867
18279_2220_00062;62;;Rue du Maréchal Joffre;18100;18279;Vierzon;;;2.070626;47.222964
18279_0568_00018;18;;Chemin du Briou;18100;18279;Vierzon;;;2.085968;47.224963
18279_2189_00016;16;;Rue Marcel Paul;18100;18279;Vierzon;;;2.089098;47.233484
18279_1230_00100;100;;Rue Etienne Marcel;18100;18279;Vierzon;;;2.1016;47.216881
18279_1230_00102_bis;102;bis;Rue Etienne Marcel;18100;18279;Vierzon;;;2.10166;47.216698
18279_0836_00005;5;;Rue Claude Levi-strauss;18100;18279;Vierzon;;;2.080747;47.233188
18279_1250_00083;83;;Rue Eugène Pottier;18100;18279;Vierzon;;;2.098223;47.225165
18279_1560_00001_bis;1;bis;Rue Gourdon;18100;18279;Vierzon;;;2.068248;47.22429
18279_1290_00024;24;;Rue Félix Pyat;18100;18279;Vierzon;;;2.081935;47.229345
18279_2190_00044;44;;Rue Marcel Perrin;18100;18279;Vierzon;;;2.071035;47.225887
18279_1070_00024;24;;Rue des Donneaux;18100;18279;Vierzon;;;2.044627;47.225847
18279_2070_00032;32;;Boulevard de la Liberté;18100;18279;Vierzon;;;2.06488;47.227083
18279_1150_00042_bis;42;bis;Rue Emile Bouleau;18100;18279;Vierzon;;;2.067953;47.217846
18279_671bao_00022_c;22;c;avenue maréchal philippe leclerc de hauteclocque;18100;18279;Vierzon;;;2.055874;47.209866
18279_0440_00008;8;;Rue Blaise Pascal;18100;18279;Vierzon;;;2.075618;47.216919
18279_3061_00019;19;;Boulevard Salvador Allende;18100;18279;Vierzon;;;2.08325;47.22679
18279_1170_00013;13;;Rue des Epinettes;18100;18279;Vierzon;;;2.068935;47.225213
18279_0840_00022;22;;Rue Claude Michaud;18100;18279;Vierzon;;;2.067517;47.213695
18279_1220_00007_a;7;a;Rue Etienne Dolet;18100;18279;Vierzon;;;2.102378;47.214921
18279_3133_00025_q;25;q;Route de Tours;18100;18279;Vierzon;;;2.037875;47.233724
18279_2795_00032;32;;Rue des Ponts;18100;18279;Vierzon;;;2.066982;47.219656
18279_3048_00054;54;;Route de Saint Laurent;18100;18279;Vierzon;;;2.12241;47.220209
18279_0435_00037;37;;Rue de Bitterfeld;18100;18279;Vierzon;;;2.085503;47.202306
18279_3110_00004;4;;Rue des Terres Mortes;18100;18279;Vierzon;;;2.057408;47.208575
18279_a070_00049;49;;Residence des Bruyeres;18100;18279;Vierzon;;;2.065603;47.204971
18279_0120_00122;122;;Rue André Ribaud;18100;18279;Vierzon;;;2.073564;47.234968
18279_0420_00027;27;;Rue de la Bidauderie;18100;18279;Vierzon;;;2.080947;47.235724
18279_0541_00004;4;;Passage du Bourdoiseau;18100;18279;Vierzon;;;2.06289;47.235334
18279_1440_00022;22;;Rue Gambetta;18100;18279;Vierzon;;;2.097913;47.219812
18279_1730_00013;13;;Avenue Henri Brisson;18100;18279;Vierzon;;;2.061591;47.2261
18279_1950_00025;25;;Avenue du Jonc;18100;18279;Vierzon;;;2.065868;47.210225
18279_0866_00009;9;;Avenue du Colonel Manhes;18100;18279;Vierzon;;;2.081282;47.223457
18279_2390_00076;76;;Rue du Mouton;18100;18279;Vierzon;;;2.090045;47.22983
18279_1062_00012;12;;Rue du Docteur Pierre Roux;18100;18279;Vierzon;;;2.07082;47.223897
18279_2688_00051;51;;Rue Pierre Brossolette;18100;18279;Vierzon;;;2.075754;47.204398
18279_1750_00032;32;;Rue Henri Sellier;18100;18279;Vierzon;;;2.056006;47.217772
18279_0308_00008;8;;Place du Bas de Grange;18100;18279;Vierzon;;;2.048266;47.225265
18279_0590_00024_bis;24;bis;Rue Camille Desmoulins;18100;18279;Vierzon;;;2.061291;47.220893
18279_1905_00064;64;;Rue Jean Picot;18100;18279;Vierzon;;;2.074934;47.211035
18279_2330_00048;48;;Rue Mirabeau;18100;18279;Vierzon;;;2.054941;47.211822
18279_2625_00009_ter;9;ter;Chemin du Perdrier;18100;18279;Vierzon;;;2.096643;47.223879
18279_1938_00011;11;;Chemin des Joffrois;18100;18279;Vierzon;;;2.10517;47.222979
18279_2260_00020;20;;Route de Méreau;18100;18279;Vierzon;;;2.06195;47.208438
18279_0942_00006;6;;Impasse de la Craillo;18100;18279;Vierzon;;;2.0686;47.236924
18279_0310_00024_bis;24;bis;Rue du Bas de Grange;18100;18279;Vierzon;;;2.054143;47.224763
18279_3290_00006;6;;Passage Voltaire;18100;18279;Vierzon;;;2.06771;47.221424
18279_0400_00037;37;;Rue des Berlurettes;18100;18279;Vierzon;;;2.064499;47.236459
18279_0310_00016_p;16;p;Rue du Bas de Grange;18100;18279;Vierzon;;;2.055081;47.224469
18279_0740_00057;57;;Rue Charles Hurvoy;18100;18279;Vierzon;;;2.065938;47.228412
18279_2870_01540;1540;;Route de Puits Berteau;18100;18279;Vierzon;;;2.080296;47.231617
18279_1870_00081_bis;81;bis;Rue Jean Jacques Rousseau;18100;18279;Vierzon;;;2.07817;47.217572
18279_0095_00016;16;;Rue André Gide;18100;18279;Vierzon;;;2.096254;47.222717
18279_1308_00013;13;;Impasse des Feuillures;18100;18279;Vierzon;;;2.065711;47.211059
18279_3222_00018;18;;Impasse de Vieilfond;18100;18279;Vierzon;;;2.066497;47.241028
18279_2740_00034;34;;Avenue Pierre Sémard;18100;18279;Vierzon;;;2.058772;47.226195
18279_2688_00040;40;;Rue Pierre Brossolette;18100;18279;Vierzon;;;2.076023;47.20502
18279_0542_00015;15;;Rue du Bourdoiseau;18100;18279;Vierzon;;;2.063106;47.23193
18279_2500_00018;18;;Rue des Ormes;18100;18279;Vierzon;;;2.076876;47.231871
18279_1535_00033;33;;Rue Georges Fauconnier;18100;18279;Vierzon;;;2.067212;47.238833
18279_1050_00015_f;15;f;Impasse Diderot;18100;18279;Vierzon;;;2.070267;47.217531
18279_le1ny7_00035;35;;Rue Jeanne Labourbe;18100;18279;Vierzon;;;2.062102;47.232509
18279_0420_00044_a;44;a;Rue de la Bidauderie;18100;18279;Vierzon;;;2.081912;47.236171
18279_2910_00006;6;;Avenue du 14 Juillet;18100;18279;Vierzon;;;2.065076;47.21574
18279_3047_00011;11;;Rue Saint Exupéry;18100;18279;Vierzon;;;2.068557;47.20549
18279_0587_00004;4;;Allée Camille Claudel;18100;18279;Vierzon;;;2.081264;47.23276
18279_0435_00051;51;;Rue de Bitterfeld;18100;18279;Vierzon;;;2.086602;47.201761
18279_1520_00026_quater;26;quater;Rue George Sand;18100;18279;Vierzon;;;2.066718;47.227201
18279_2309_00032;32;;Chemin des Millards;18100;18279;Vierzon;;;2.105632;47.233642
18279_2930_00031;31;;Rue Raspail;18100;18279;Vierzon;;;2.074565;47.223593
18279_2910_00023;23;;Avenue du 14 Juillet;18100;18279;Vierzon;;;2.064635;47.215107
18279_3055_00013;13;;Chemin de Saint Priest;18100;18279;Vierzon;;;2.034221;47.230136
18279_1160_00016;16;;Rue Emile Zola;18100;18279;Vierzon;;;2.045256;47.224723
18279_1732_00036;36;;Square Henriette Dumuin;18100;18279;Vierzon;;;2.079151;47.202223
18279_2870_00143;143;;Route de Puits Berteau;18100;18279;Vierzon;;;2.066698;47.238485
18279_2688_00050;50;;Rue Pierre Brossolette;18100;18279;Vierzon;;;2.075139;47.204761
18279_0568_00030;30;;Chemin du Briou;18100;18279;Vierzon;;;2.085952;47.22551
18279_0080_00126;126;;Rue Anatole France;18100;18279;Vierzon;;;2.049052;47.222847
18279_1200_00014;14;;Rue de l'Etape;18100;18279;Vierzon;;;2.069434;47.222703
18279_1840_00042;42;;Rue Jean-baptiste Clément;18100;18279;Vierzon;;;2.071372;47.230025
18279_2155_00057_c;57;c;Avenue du 8 Mai 1945;18100;18279;Vierzon;;;2.079418;47.230691
18279_1670_00005_bis;5;bis;Rue du Gros Caillou;18100;18279;Vierzon;;;2.069379;47.22237
18279_a210_00003;3;;Residence de la Foret;18100;18279;Vierzon;;;2.063955;47.238767
18279_2620_00067_b;67;b;Rue des Pentecotes;18100;18279;Vierzon;;;2.05853;47.229966
18279_0800_00031;31;;Quai du Cher;18100;18279;Vierzon;;;2.062545;47.216492
18279_2472_00013;13;;Route des Noues;18100;18279;Vierzon;;;2.047009;47.210267
18279_3047_00054;54;;Rue Saint Exupéry;18100;18279;Vierzon;;;2.067538;47.202452
18279_0uduo0_00003;3;;Chemin du Jouffroy;18100;18279;Vierzon;;;2.105283;47.221547
18279_3280_00069;69;;Rue de Villeneuve;18100;18279;Vierzon;;;2.070619;47.209561
18279_1940_00046;46;;Rue Joliot Curie;18100;18279;Vierzon;;;2.074322;47.210368
18279_0110_00002_b;2;b;Rue André Hènault;18100;18279;Vierzon;;;2.06441;47.215446
18279_0726_00020;20;;Rue Baudelaire;18100;18279;Vierzon;;;2.084867;47.198823
18279_1440_00014;14;;Rue Gambetta;18100;18279;Vierzon;;;2.097172;47.220452
18279_2720_00012;12;;Rue Pierre Dupont;18100;18279;Vierzon;;;2.046698;47.235145
18279_2100_00057;57;;Rue des Longueraies;18100;18279;Vierzon;;;2.058473;47.234682
18279_0270_00050_a;50;a;Rue Babeuf;18100;18279;Vierzon;;;2.042457;47.233754
18279_0352_00011_bis;11;bis;Rue Beethoven;18100;18279;Vierzon;;;2.078802;47.235455
18279_0310_00018_a;18;a;Rue du Bas de Grange;18100;18279;Vierzon;;;2.054849;47.22489
18279_0359_00006;6;;Parc de Bellevue;18100;18279;Vierzon;;;2.076879;47.22649
18279_0720_00008;8;;Rue des Changes;18100;18279;Vierzon;;;2.068793;47.2236
18279_3047_00077;77;;Rue Saint Exupéry;18100;18279;Vierzon;;;2.067487;47.201763
18279_1155_00004_b;4;b;Rue Emile Desforges;18100;18279;Vierzon;;;2.081604;47.226573
18279_0866_00042;42;;Avenue du Colonel Manhes;18100;18279;Vierzon;;;2.081444;47.223328
18279_2830_00067;67;;Rue du President Wilson;18100;18279;Vierzon;;;2.053749;47.217089
18279_2845_00014;14;;Passage Proudhon;18100;18279;Vierzon;;;2.049569;47.232676
18279_1710_00006;6;;Rue Guy Môquet;18100;18279;Vierzon;;;2.076874;47.211916
18279_0890_00049;49;;Rue de la Convention;18100;18279;Vierzon;;;2.104518;47.220227
18279_1308_00020;20;;Impasse des Feuillures;18100;18279;Vierzon;;;2.065637;47.211018
18279_2625_00019;19;;Chemin du Perdrier;18100;18279;Vierzon;;;2.095112;47.22712
18279_2501_00039;39;;Rue Pablo Casals;18100;18279;Vierzon;;;2.082028;47.200577
18279_0865_00006;6;;Rue du Colonel Fabien;18100;18279;Vierzon;;;2.063947;47.234414
18279_2870_00123;123;;Route de Puits Berteau;18100;18279;Vierzon;;;2.068643;47.237849
18279_2709_00003;3;;Impasse Pierre Debournou;18100;18279;Vierzon;;;2.061847;47.223468
18279_2058_00005;5;;Rue Léo Mérigot;18100;18279;Vierzon;;;2.049265;47.229998
18279_1950_00027_c;27;c;Avenue du Jonc;18100;18279;Vierzon;;;2.066201;47.210164
18279_0080_00033;33;;Rue Anatole France;18100;18279;Vierzon;;;2.058325;47.22121
18279_1518_00007;7;;Impasse George Sand;18100;18279;Vierzon;;;2.066375;47.224837
18279_1480_00039;39;;Rue de la Gaucherie;18100;18279;Vierzon;;;2.064234;47.223478
18279_2679_00004;4;;Chemin de la Picardière;18100;18279;Vierzon;;;2.12151;47.239343
18279_1700_00070;70;;Rue Gustave Flourens;18100;18279;Vierzon;;;2.052462;47.232255
18279_3147_00018;18;;Rue de l'Unité;18100;18279;Vierzon;;;2.07257;47.235903
18279_3133_00025_b;25;b;Route de Tours;18100;18279;Vierzon;;;2.036769;47.233459
18279_2795_00072_b;72;b;Rue des Ponts;18100;18279;Vierzon;;;2.066697;47.21847
18279_0445_00047;47;;Chemin Blanc;18100;18279;Vierzon;;;2.05881;47.205393
18279_2025_00038;38;;avenue maréchal jean de lattre de tassigny;18100;18279;Vierzon;;;2.066539;47.207678
18279_1020_00012;12;;Rue Descartes;18100;18279;Vierzon;;;2.080521;47.216522
18279_1877_00064;64;;Avenue Jean Jaurès;18100;18279;Vierzon;;;2.044011;47.231705
18279_1840_00090_bis;90;bis;Rue Jean-baptiste Clément;18100;18279;Vierzon;;;2.075112;47.233118
18279_1535_00011;11;;Rue Georges Fauconnier;18100;18279;Vierzon;;;2.070548;47.238926
18279_2930_00033_b;33;b;Rue Raspail;18100;18279;Vierzon;;;2.074714;47.223689
18279_1480_00034;34;;Rue de la Gaucherie;18100;18279;Vierzon;;;2.06467;47.222825
18279_1990_00037;37;;Rue Jules Louis Breton;18100;18279;Vierzon;;;2.078815;47.220747
18279_2190_00052;52;;Rue Marcel Perrin;18100;18279;Vierzon;;;2.070823;47.226466
18279_1290_00126;126;;Rue Félix Pyat;18100;18279;Vierzon;;;2.091396;47.228633
18279_0710_00006_c;6;c;Rue du Champanet;18100;18279;Vierzon;;;2.064863;47.22041
18279_1070_00020;20;;Rue des Donneaux;18100;18279;Vierzon;;;2.044694;47.226129
18279_1190_00010;10;;Quai de l’Etang;18100;18279;Vierzon;;;2.103425;47.214889
18279_0951_00042;42;;Chemin des Grandes Crêles;18100;18279;Vierzon;;;2.070035;47.201571
18279_671bao_00056;56;;avenue maréchal philippe leclerc de hauteclocque;18100;18279;Vierzon;;;2.052565;47.208636
18279_1990_00050;50;;Rue Jules Louis Breton;18100;18279;Vierzon;;;2.079461;47.220702
18279_2648_00008;8;;Chemin de la Petite Noue;18100;18279;Vierzon;;;2.061754;47.204556
18279_2985_00007;7;;Impasse Riparia;18100;18279;Vierzon;;;2.061109;47.214727
18279_2330_00055;55;;Rue Mirabeau;18100;18279;Vierzon;;;2.052362;47.209894
18279_2583_00001;1;;Rue Paul Eluard;18100;18279;Vierzon;;;2.082623;47.202072
18279_0951_00032;32;;Chemin des Grandes Crêles;18100;18279;Vierzon;;;2.069297;47.202423
18279_1770_00012_a;12;a;Rue Honoré de Balzac;18100;18279;Vierzon;;;2.065027;47.212711
18279_2989_00003;3;;Rue Robert Desnos;18100;18279;Vierzon;;;2.081312;47.200046
18279_2870_00057;57;;Route de Puits Berteau;18100;18279;Vierzon;;;2.075293;47.236589
18279_1270_00006;6;;Petite Rue de Fay;18100;18279;Vierzon;;;2.050988;47.235957
18279_2461_00010;10;;Rue Nicolas Copernic;18100;18279;Vierzon;;;2.083059;47.234181
18279_2980_00038;38;;Rue Riparia;18100;18279;Vierzon;;;2.057766;47.213825
18279_1400_00005;5;;Place Gabriel Péri;18100;18279;Vierzon;;;2.06162;47.224809
18279_1980_00028_e;28;e;Rue Jules Guesde;18100;18279;Vierzon;;;2.046382;47.22782
18279_2330_00088;88;;Rue Mirabeau;18100;18279;Vierzon;;;2.052084;47.209973
18279_0110_00035;35;;Rue André Hènault;18100;18279;Vierzon;;;2.061605;47.215528
18279_2058_00026_a;26;a;Rue Léo Mérigot;18100;18279;Vierzon;;;2.05077;47.22939
18279_2080_00083;83;;Route de la Loeuf;18100;18279;Vierzon;;;2.032233;47.215464
18279_1378_00010;10;;Rue François Mitterrand;18100;18279;Vierzon;;;2.061176;47.220405
18279_0150_00006;6;;Place Aristide Briand;18100;18279;Vierzon;;;2.066947;47.222015
18279_2220_00002;2;;Rue du Maréchal Joffre;18100;18279;Vierzon;;;2.068272;47.223278
18279_1128_00037;37;;Avenue Edouard Vaillant;18100;18279;Vierzon;;;2.061242;47.23197
18279_2845_00022;22;;Passage Proudhon;18100;18279;Vierzon;;;2.04893;47.233066
18279_0387_00003;3;;Passage des Bergeries;18100;18279;Vierzon;;;2.050977;47.22473
18279_2993_00014;14;;Rue Roger Faletto;18100;18279;Vierzon;;;2.086485;47.200182
18279_1840_00104_bis;104;bis;Rue Jean-baptiste Clément;18100;18279;Vierzon;;;2.076862;47.233304
18279_3133_00055;55;;Route de Tours;18100;18279;Vierzon;;;2.035913;47.23489
18279_3047_00061;61;;Rue Saint Exupéry;18100;18279;Vierzon;;;2.067754;47.202691
18279_0497_00046;46;;Chemin de Bois Marteau;18100;18279;Vierzon;;;2.051452;47.242861
18279_2743_00002;2;;Rue Pierre et Jean Serpaud;18100;18279;Vierzon;;;2.088224;47.241156
18279_2720_00050;50;;Rue Pierre Dupont;18100;18279;Vierzon;;;2.041147;47.237843
18279_2740_00028;28;;Avenue Pierre Sémard;18100;18279;Vierzon;;;2.05947;47.225934
18279_3020_00001;1;;Rue de Ronvaux;18100;18279;Vierzon;;;2.053961;47.226476
18279_2520_00042;42;;Rue du Panorama;18100;18279;Vierzon;;;2.068902;47.210029
18279_1230_00115_a;115;a;Rue Etienne Marcel;18100;18279;Vierzon;;;2.106058;47.215987
18279_1712_00020;20;;Hameau de la Dumonerie;18100;18279;Vierzon;;;2.095499;47.21972
18279_3110_00032;32;;Rue des Terres Mortes;18100;18279;Vierzon;;;2.056274;47.206564
18279_2080_00139;139;;Route de la Loeuf;18100;18279;Vierzon;;;2.031364;47.208323
18279_1550_00030_bis;30;bis;Petit Chemin de la Giraudiere;18100;18279;Vierzon;;;2.029188;47.236867
18279_671bao_00006;6;;avenue maréchal philippe leclerc de hauteclocque;18100;18279;Vierzon;;;2.057648;47.209512
18279_0225_00003;3;;Allée Auguste Rodin;18100;18279;Vierzon;;;2.080817;47.232565
18279_1536_00045;45;;Rue Georges Politzer;18100;18279;Vierzon;;;2.080688;47.204005
18279_1640_00002;2;;Rue du Grelet;18100;18279;Vierzon;;;2.049162;47.230335
18279_1980_00035_bis;35;bis;Rue Jules Guesde;18100;18279;Vierzon;;;2.046819;47.227791
18279_0195_00020;20;;Rue Arthur Rimbaud;18100;18279;Vierzon;;;2.083255;47.202189
18279_1375_00017;17;;Rue France Bloch-sérazin;18100;18279;Vierzon;;;2.078569;47.206477
18279_0110_00015;15;;Rue André Hènault;18100;18279;Vierzon;;;2.063175;47.215603
18279_2003_00005;5;;Rue Jules Verne;18100;18279;Vierzon;;;2.080149;47.232556
18279_1640_00003_b;3;b;Rue du Grelet;18100;18279;Vierzon;;;2.04995;47.230636
18279_1230_00105_b;105;b;Rue Etienne Marcel;18100;18279;Vierzon;;;2.10474;47.216384
18279_1840_00078;78;;Rue Jean-baptiste Clément;18100;18279;Vierzon;;;2.074786;47.232351
18279_1120_00001_bis;1;bis;Rue Edouard Branly;18100;18279;Vierzon;;;2.104165;47.216153
18279_0866_00056;56;;Avenue du Colonel Manhes;18100;18279;Vierzon;;;2.083479;47.223685
18279_1380_00005;5;;Rue des Francs Tireurs;18100;18279;Vierzon;;;2.105347;47.217563
18279_1710_00011;11;;Rue Guy Môquet;18100;18279;Vierzon;;;2.075807;47.211979
18279_2080_00044;44;;Route de la Loeuf;18100;18279;Vierzon;;;2.03688;47.217034
18279_1877_00035;35;;Avenue Jean Jaurès;18100;18279;Vierzon;;;2.046193;47.230754
18279_0840_00003;3;;Rue Claude Michaud;18100;18279;Vierzon;;;2.065159;47.21374
18279_1720_00002;2;;Rue Henri Barbusse;18100;18279;Vierzon;;;2.063699;47.22914
18279_1715_00001;1;;Allee Hoche;18100;18279;Vierzon;;;2.046256;47.227718
18279_2520_00016;16;;Rue du Panorama;18100;18279;Vierzon;;;2.069907;47.21181
18279_2650_00008;8;;Rue de la Petite Noue;18100;18279;Vierzon;;;2.058619;47.207437
18279_2795_00062;62;;Rue des Ponts;18100;18279;Vierzon;;;2.066455;47.218826
18279_1536_00034;34;;Rue Georges Politzer;18100;18279;Vierzon;;;2.077969;47.203284
18279_2189_00042;42;;Rue Marcel Paul;18100;18279;Vierzon;;;2.09467;47.232041
18279_3135_00029;29;;Rue des Tramways de l'Indre;18100;18279;Vierzon;;;2.057952;47.213128
18279_2870_00061;61;;Route de Puits Berteau;18100;18279;Vierzon;;;2.07498;47.236648
18279_3280_00016;16;;Rue de Villeneuve;18100;18279;Vierzon;;;2.072006;47.212682
18279_0445_00061;61;;Chemin Blanc;18100;18279;Vierzon;;;2.061034;47.204105
18279_b304_00056;56;;Village au Piquet;18100;18279;Vierzon;;;2.121727;47.220498
18279_1775_00003;3;;Rue des Hortensias;18100;18279;Vierzon;;;2.055;47.23226
18279_3150_00022;22;;Place Vaillant Couturier;18100;18279;Vierzon;;;2.070257;47.223472
18279_2816_00049;49;;Passage du Pré d'Anet;18100;18279;Vierzon;;;2.079682;47.218894
18279_2070_00048;48;;Boulevard de la Liberté;18100;18279;Vierzon;;;2.062535;47.2276
18279_0082_00005_b;5;b;Petite Rue Anatole France;18100;18279;Vierzon;;;2.050903;47.219967
18279_0075_00029;29;;Rue Ambroise Croizat;18100;18279;Vierzon;;;2.068814;47.236137
18279_le1ny7_00027;27;;Rue Jeanne Labourbe;18100;18279;Vierzon;;;2.060764;47.232036
18279_1428_00011;11;;Place Gallerand;18100;18279;Vierzon;;;2.068632;47.223149
18279_2605_00009;9;;Ruelle du Pavillon;18100;18279;Vierzon;;;2.070697;47.224619
18279_2608_00040;40;;Chemin des Peages;18100;18279;Vierzon;;;2.026673;47.226318
18279_0160_00037;37;;Rue Armand Bazile;18100;18279;Vierzon;;;2.073555;47.216999
18279_1290_00045;45;;Rue Félix Pyat;18100;18279;Vierzon;;;2.082765;47.228783
18279_1170_00008;8;;Rue des Epinettes;18100;18279;Vierzon;;;2.067764;47.223982
18279_1428_00012;12;;Place Gallerand;18100;18279;Vierzon;;;2.068701;47.222962
18279_3133_00081_a;81;a;Route de Tours;18100;18279;Vierzon;;;2.032384;47.236857
18279_p07zqe_00017;17;;Chemin du Pre d’Anet;18100;18279;Vierzon;;;2.075302;47.219718
18279_0963_00040;40;;Route de la Croix;18100;18279;Vierzon;;;2.105607;47.229583
18279_2714_00016;16;;Allée Pierre de Coubertin;18100;18279;Vierzon;;;2.0766;47.20958
18279_2220_00014;14;;Rue du Maréchal Joffre;18100;18279;Vierzon;;;2.068826;47.223457
18279_2335_00023;23;;Rue Miranda de Ebro;18100;18279;Vierzon;;;2.064105;47.218933
18279_1370_00017;17;;Rue Fourier;18100;18279;Vierzon;;;2.059554;47.230255
18279_0395_00022;22;;Rue Henri Bergson;18100;18279;Vierzon;;;2.094184;47.225017
18279_1470_00030;30;;Rue Gaston Cornavin;18100;18279;Vierzon;;;2.087363;47.229139
18279_1730_00012;12;;Avenue Henri Brisson;18100;18279;Vierzon;;;2.061342;47.227199
18279_0310_00046;46;;Rue du Bas de Grange;18100;18279;Vierzon;;;2.051665;47.224984
18279_2748_00018;18;;Chemin des Pillots;18100;18279;Vierzon;;;2.053732;47.21555
18279_0095_00011;11;;Rue André Gide;18100;18279;Vierzon;;;2.095573;47.223091
18279_2125_00033;33;;Rue Louise Michel;18100;18279;Vierzon;;;2.071118;47.236993
18279_b304_00051_d;51;d;Village au Piquet;18100;18279;Vierzon;;;2.121868;47.220728
18279_1950_00030;30;;Avenue du Jonc;18100;18279;Vierzon;;;2.068693;47.209642
18279_2155_00083;83;;Avenue du 8 Mai 1945;18100;18279;Vierzon;;;2.085029;47.234612
18279_2015_00010;10;;Impasse Kléber;18100;18279;Vierzon;;;2.056925;47.215063
18279_3047_00004;4;;Rue Saint Exupéry;18100;18279;Vierzon;;;2.068615;47.20625
18279_1990_00009;9;;Rue Jules Louis Breton;18100;18279;Vierzon;;;2.075083;47.221115
18279_1175_00026;26;;Chemin des Erables;18100;18279;Vierzon;;;2.032552;47.209998
18279_0435_00016;16;;Rue de Bitterfeld;18100;18279;Vierzon;;;2.084708;47.202537
18279_2260_00039;39;;Route de Méreau;18100;18279;Vierzon;;;2.06135;47.206633
18279_1391_00008;8;;Rue de la Fringale;18100;18279;Vierzon;;;2.040721;47.232937
18279_1230_00052;52;;Rue Etienne Marcel;18100;18279;Vierzon;;;2.098554;47.21768
18279_2720_00051;51;;Rue Pierre Dupont;18100;18279;Vierzon;;;2.041724;47.237654
18279_1230_00014;14;;Rue Etienne Marcel;18100;18279;Vierzon;;;2.094526;47.218227
18279_0415_00008;8;;Rue Bernard Dumont;18100;18279;Vierzon;;;2.071788;47.208425
18279_3300_00007;7;;Rue Voltaire;18100;18279;Vierzon;;;2.067767;47.221536
18279_0380_00001;1;;Chemin de la Bercetterie;18100;18279;Vierzon;;;2.029831;47.239011
18279_0220_00016;16;;Rue Auber;18100;18279;Vierzon;;;2.082656;47.215908
18279_0420_00060;60;;Rue de la Bidauderie;18100;18279;Vierzon;;;2.083613;47.23746
18279_1072_00013;13;;Petite Rue des Donneaux;18100;18279;Vierzon;;;2.045753;47.226818
18279_0650_00012;12;;Rue du Cavalier;18100;18279;Vierzon;;;2.063287;47.226581
18279_2360_00005;5;;Rue de la Monnaie;18100;18279;Vierzon;;;2.069773;47.222364
18279_3160_00027;27;;Rue du Val Fleury;18100;18279;Vierzon;;;2.07034;47.210871
18279_3133_00035;35;;Route de Tours;18100;18279;Vierzon;;;2.03727;47.234079
18279_3048_00039;39;;Route de Saint Laurent;18100;18279;Vierzon;;;2.116804;47.214856
18279_2450_00020;20;;Route de Neuvy;18100;18279;Vierzon;;;2.095249;47.244348
18279_0710_00060_bis;60;bis;Rue du Champanet;18100;18279;Vierzon;;;2.06022;47.220275
18279_1877_00050;50;;Avenue Jean Jaurès;18100;18279;Vierzon;;;2.044994;47.231113
18279_1670_00006;6;;Rue du Gros Caillou;18100;18279;Vierzon;;;2.069082;47.222427
18279_1230_00103_d;103;d;Rue Etienne Marcel;18100;18279;Vierzon;;;2.104348;47.216471
18279_1320_00023;23;;Route de Foëcy;18100;18279;Vierzon;;;2.103191;47.209246
18279_0730_00001;1;;Rue Charles Gibault;18100;18279;Vierzon;;;2.080347;47.217736
18279_1150_00039;39;;Rue Emile Bouleau;18100;18279;Vierzon;;;2.067896;47.217877
18279_2795_00078;78;;Rue des Ponts;18100;18279;Vierzon;;;2.066254;47.21848
18279_2080_00078;78;;Route de la Loeuf;18100;18279;Vierzon;;;2.031809;47.215591
18279_3046_00020;20;;Chemin des Sables de Saint Prié;18100;18279;Vierzon;;;2.037054;47.232027
18279_2058_00045;45;;Rue Léo Mérigot;18100;18279;Vierzon;;;2.053753;47.226967
18279_2870_00076;76;;Route de Puits Berteau;18100;18279;Vierzon;;;2.07582;47.236983
18279_0543_00010;10;;Petite Rue du Bourdoiseau;18100;18279;Vierzon;;;2.063735;47.232309
18279_1375_00019;19;;Rue France Bloch-sérazin;18100;18279;Vierzon;;;2.078716;47.206411
18279_0951_00024;24;;Chemin des Grandes Crêles;18100;18279;Vierzon;;;2.070218;47.203331
18279_1840_00015;15;;Rue Jean-baptiste Clément;18100;18279;Vierzon;;;2.070803;47.228078
18279_1830_00016;16;;Rue Jacques Decour;18100;18279;Vierzon;;;2.089437;47.229668
18279_1895_00021;21;;Rue Jean Moulin;18100;18279;Vierzon;;;2.063708;47.235125
18279_0866_00044;44;;Avenue du Colonel Manhes;18100;18279;Vierzon;;;2.081587;47.223319
18279_1770_00020;20;;Rue Honoré de Balzac;18100;18279;Vierzon;;;2.064811;47.212176
18279_0963_00001_b;1;b;Route de la Croix;18100;18279;Vierzon;;;2.097761;47.228357
18279_2810_00006;6;;Rue de la Poterie;18100;18279;Vierzon;;;2.072429;47.22238
18279_1055_00019;19;;Avenue du 19 Mars 1962;18100;18279;Vierzon;;;2.090594;47.238986
18279_1840_00082;82;;Rue Jean-baptiste Clément;18100;18279;Vierzon;;;2.075059;47.232526
18279_2210_00003;3;;Place du Maréchal Foch;18100;18279;Vierzon;;;2.067526;47.222546
18279_0870_00014;14;;Rue Condorcet;18100;18279;Vierzon;;;2.072327;47.217628
18279_0020_00025;25;;Chemin de l’Abricot;18100;18279;Vierzon;;;2.050024;47.218827
18279_0990_00122;122;;Rue Danielle Casanova;18100;18279;Vierzon;;;2.07432;47.213116
18279_3047_00075;75;;Rue Saint Exupéry;18100;18279;Vierzon;;;2.067536;47.201931
18279_66j5mf_00011;11;;Chemin des Noues;18100;18279;Vierzon;;;2.047269;47.209938
18279_3047_00023;23;;Rue Saint Exupéry;18100;18279;Vierzon;;;2.068369;47.204818
18279_0600_00044;44;;Petite Rue du Camp;18100;18279;Vierzon;;;2.063772;47.207191
18279_2080_00074;74;;Route de la Loeuf;18100;18279;Vierzon;;;2.032032;47.215689
18279_1230_00096;96;;Rue Etienne Marcel;18100;18279;Vierzon;;;2.101365;47.216961
18279_0415_00011;11;;Rue Bernard Dumont;18100;18279;Vierzon;;;2.070782;47.206348
18279_3086_00043;43;;Impasse Suzanne Masson;18100;18279;Vierzon;;;2.078686;47.205283
18279_1143_00007;7;;Rue Eirick Labonne;18100;18279;Vierzon;;;2.087235;47.19956
18279_1375_00002;2;;Rue France Bloch-sérazin;18100;18279;Vierzon;;;2.077845;47.207685
18279_2930_00023;23;;Rue Raspail;18100;18279;Vierzon;;;2.073884;47.223779
18279_3210_00007;7;;Rue Victor Hugo;18100;18279;Vierzon;;;2.067634;47.223552
18279_1500_00040;40;;Rue Gay Lussac;18100;18279;Vierzon;;;2.080572;47.226121
18279_2560_00062;62;;Rue Pasteur;18100;18279;Vierzon;;;2.089906;47.219184
18279_2945_00014;14;;Rue de Rendsburg;18100;18279;Vierzon;;;2.084978;47.200036
18279_1470_00063;63;;Rue Gaston Cornavin;18100;18279;Vierzon;;;2.087241;47.228742
18279_1560_00016;16;;Rue Gourdon;18100;18279;Vierzon;;;2.066455;47.224393
18279_0385_00006_b;6;b;Chemin des Bergeries;18100;18279;Vierzon;;;2.054293;47.223509
18279_2095_00003;3;;Allee des Longueraies;18100;18279;Vierzon;;;2.059008;47.233138
18279_0158_00007;7;;Impasse Armand Bazile;18100;18279;Vierzon;;;2.077754;47.216728
18279_0140_00022;22;;Rue Antonin Lerault;18100;18279;Vierzon;;;2.068839;47.214628
18279_0780_00003;3;;Rue du Château;18100;18279;Vierzon;;;2.070954;47.222825
18279_2080_00045;45;;Route de la Loeuf;18100;18279;Vierzon;;;2.037203;47.216907
18279_1580_00030_a;30;a;Rue du Grand Clement;18100;18279;Vierzon;;;2.072039;47.228756
18279_1280_00005;5;;Rue de Fay;18100;18279;Vierzon;;;2.051176;47.233831
18279_1330_00006_c;6;c;Impasse des Fontaines;18100;18279;Vierzon;;;2.065127;47.214515
18279_1290_00054;54;;Rue Félix Pyat;18100;18279;Vierzon;;;2.083885;47.227921
18279_2776_00008_h;8;h;Rue du Plessis;18100;18279;Vierzon;;;2.092974;47.229873
18279_2220_00031;31;;Rue du Maréchal Joffre;18100;18279;Vierzon;;;2.069593;47.223077
18279_2264_00007;7;;Res Mermoz Nord;18100;18279;Vierzon;;;2.063525;47.205089
18279_0712_00014;14;;Rue du Champ Commun;18100;18279;Vierzon;;;2.068889;47.219692
18279_1375_00003;3;;Rue France Bloch-sérazin;18100;18279;Vierzon;;;2.077971;47.207231
18279_1520_00019;19;;Rue George Sand;18100;18279;Vierzon;;;2.06688;47.226939
18279_2640_00034;34;;Route du Petit Râteau;18100;18279;Vierzon;;;2.097421;47.231586
18279_3280_00047;47;;Rue de Villeneuve;18100;18279;Vierzon;;;2.071307;47.210688
18279_1128_00122;122;;Avenue Edouard Vaillant;18100;18279;Vierzon;;;2.060658;47.239174
18279_1393_00005;5;;Chemin des Fromenteaux;18100;18279;Vierzon;;;2.108264;47.228979
18279_1857_00020;20;;Rue Jean Cocteau;18100;18279;Vierzon;;;2.084142;47.227491
18279_2735_00013;13;;Rue Pierre Ferdonnet;18100;18279;Vierzon;;;2.090777;47.227342
18279_1500_00018;18;;Rue Gay Lussac;18100;18279;Vierzon;;;2.077956;47.224656
18279_0650_00048;48;;Rue du Cavalier;18100;18279;Vierzon;;;2.066933;47.225478
18279_1365_00041;41;;Chemin de Fougery;18100;18279;Vierzon;;;2.070222;47.230216
18279_a600_00002;2;;Residence Val d’Yevre;18100;18279;Vierzon;;;2.09421;47.218508
18279_2870_00046;46;;Route de Puits Berteau;18100;18279;Vierzon;;;2.07697;47.23565
18279_2340_00001;1;;Rue Molière;18100;18279;Vierzon;;;2.066009;47.219982
18279_1300_00019;19;;Rue Fernand Léger;18100;18279;Vierzon;;;2.086739;47.228146
18279_2770_00066;66;;Rue de la Plaisance;18100;18279;Vierzon;;;2.097724;47.221551
18279_1698_00002;2;;Passage Flourens;18100;18279;Vierzon;;;2.054664;47.230552
18279_1825_00023;23;;Rue Jacques Brel;18100;18279;Vierzon;;;2.080864;47.199603
18279_1143_00003;3;;Rue Eirick Labonne;18100;18279;Vierzon;;;2.086766;47.199862
18279_2070_00044;44;;Boulevard de la Liberté;18100;18279;Vierzon;;;2.063249;47.227386
18279_0160_00085;85;;Rue Armand Bazile;18100;18279;Vierzon;;;2.078621;47.215581
18279_2850_00021;21;;Rue Proudhon;18100;18279;Vierzon;;;2.048316;47.232088
18279_0080_00048;48;;Rue Anatole France;18100;18279;Vierzon;;;2.056287;47.22172
18279_2100_00068;68;;Rue des Longueraies;18100;18279;Vierzon;;;2.058364;47.235132
18279_2720_00001;1;;Rue Pierre Dupont;18100;18279;Vierzon;;;2.047603;47.234749
18279_1155_00035;35;;Rue Emile Desforges;18100;18279;Vierzon;;;2.084165;47.2284
18279_3118_00015;15;;Chemin du Terrichon;18100;18279;Vierzon;;;2.03291;47.217903
18279_0542_00012;12;;Rue du Bourdoiseau;18100;18279;Vierzon;;;2.06363;47.231262
18279_0160_00077;77;;Rue Armand Bazile;18100;18279;Vierzon;;;2.077268;47.215957
18279_0972_00022;22;;Rue de la Croix Moreau;18100;18279;Vierzon;;;2.043281;47.22578
18279_0710_01000;1000;;Rue du Champanet;18100;18279;Vierzon;;;2.063375;47.220234
18279_3073_00021_f;21;f;Rue de la Société Française;18100;18279;Vierzon;;;2.058161;47.225601
18279_2155_00100_b;100;b;Avenue du 8 Mai 1945;18100;18279;Vierzon;;;2.087462;47.236404
18279_0290_00006;6;;Rue Barbès;18100;18279;Vierzon;;;2.051706;47.233235
18279_1230_00023;23;;Rue Etienne Marcel;18100;18279;Vierzon;;;2.096905;47.218049
18279_1170_00030_bis;30;bis;Rue des Epinettes;18100;18279;Vierzon;;;2.069507;47.226332
18279_2270_00003;3;;Rue Meunier;18100;18279;Vierzon;;;2.045712;47.230497
18279_1120_00040_d;40;d;Rue Edouard Branly;18100;18279;Vierzon;;;2.104817;47.219538
18279_0120_00025;25;;Rue André Ribaud;18100;18279;Vierzon;;;2.066811;47.23054
18279_3160_00016;16;;Rue du Val Fleury;18100;18279;Vierzon;;;2.070284;47.211545
18279_1172_00011;11;;Passage des Epinettes;18100;18279;Vierzon;;;2.070444;47.225607
18279_0270_00022;22;;Rue Babeuf;18100;18279;Vierzon;;;2.044881;47.23357
18279_3047_00028;28;;Rue Saint Exupéry;18100;18279;Vierzon;;;2.068065;47.204304
18279_0273_00018;18;;Rue Baptiste Marcet;18100;18279;Vierzon;;;2.058954;47.239342
18279_2025_00077_a;77;a;avenue maréchal jean de lattre de tassigny;18100;18279;Vierzon;;;2.076946;47.202825
18279_0712_00015;15;;Rue du Champ Commun;18100;18279;Vierzon;;;2.068231;47.219602
18279_2850_00006_bis;6;bis;Rue Proudhon;18100;18279;Vierzon;;;2.048884;47.231114
18279_2080_00143;143;;Route de la Loeuf;18100;18279;Vierzon;;;2.031718;47.207986
18279_2710_00013;13;;Rue Pierre Debournou;18100;18279;Vierzon;;;2.062662;47.223408
18279_1549_00017;17;;Chemin de la Giraudiere;18100;18279;Vierzon;;;2.028104;47.236278
18279_3135_00006;6;;Rue des Tramways de l'Indre;18100;18279;Vierzon;;;2.062708;47.214762
18279_1230_00091_a;91;a;Rue Etienne Marcel;18100;18279;Vierzon;;;2.102621;47.217028
18279_2870_00126;126;;Route de Puits Berteau;18100;18279;Vierzon;;;2.070379;47.237624
18279_3137_00005;5;;Rue du Travail;18100;18279;Vierzon;;;2.042381;47.232534
18279_0350_00010;10;;Rue Beau Site;18100;18279;Vierzon;;;2.072979;47.212659
18279_0435_00021;21;;Rue de Bitterfeld;18100;18279;Vierzon;;;2.084341;47.203098
18279_2500_00008;8;;Rue des Ormes;18100;18279;Vierzon;;;2.076276;47.23232
18279_1840_00062;62;;Rue Jean-baptiste Clément;18100;18279;Vierzon;;;2.072474;47.231812
18279_1830_00041;41;;Rue Jacques Decour;18100;18279;Vierzon;;;2.088896;47.22924
18279_1690_00021;21;;Route de Guérigny;18100;18279;Vierzon;;;2.137469;47.216979
18279_2800_00002;2;;Rue Porte aux Boeufs;18100;18279;Vierzon;;;2.07084;47.223425
18279_0963_00001;1;;Route de la Croix;18100;18279;Vierzon;;;2.097716;47.228356
18279_2648_00026;26;;Chemin de la Petite Noue;18100;18279;Vierzon;;;2.064067;47.204013
18279_1172_00006;6;;Passage des Epinettes;18100;18279;Vierzon;;;2.070196;47.225654
18279_0497_00015;15;;Chemin de Bois Marteau;18100;18279;Vierzon;;;2.055546;47.239643
18279_1032_00001_a;1;a;Rue Diderot;18100;18279;Vierzon;;;2.071234;47.218413
18279_2025_00043;43;;avenue maréchal jean de lattre de tassigny;18100;18279;Vierzon;;;2.070619;47.205769
18279_2510_00083;83;;Rue de la Paix;18100;18279;Vierzon;;;2.054546;47.216713
18279_0160_00009;9;;Rue Armand Bazile;18100;18279;Vierzon;;;2.070841;47.217749
18279_2870_00026;26;;Route de Puits Berteau;18100;18279;Vierzon;;;2.078851;47.233692
18279_1010_00010;10;;Rue Denis Papin;18100;18279;Vierzon;;;2.056049;47.230221
18279_2058_00011;11;;Rue Léo Mérigot;18100;18279;Vierzon;;;2.049804;47.22988
18279_2340_00013;13;;Rue Molière;18100;18279;Vierzon;;;2.065169;47.219065
18279_2870_00158;158;;Route de Puits Berteau;18100;18279;Vierzon;;;2.066357;47.238745
18279_2776_00008;8;;Rue du Plessis;18100;18279;Vierzon;;;2.093087;47.229413
18279_2610_00019;19;;Chemin des Pelles;18100;18279;Vierzon;;;2.043465;47.223524
18279_1289_00133;133;;Impasse Felix Pyat;18100;18279;Vierzon;;;2.090304;47.228872
18279_2430_00011;11;;Rue Urbain Nègre;18100;18279;Vierzon;;;2.080418;47.227398
18279_1696_00004;4;;Rue Gustave Flaubert;18100;18279;Vierzon;;;2.077451;47.200387
18279_1385_00013;13;;Rue Frédéric Mistral;18100;18279;Vierzon;;;2.094052;47.225356
18279_3280_00056;56;;Rue de Villeneuve;18100;18279;Vierzon;;;2.070579;47.2101
18279_2930_00033_a;33;a;Rue Raspail;18100;18279;Vierzon;;;2.074779;47.223643
18279_0550_00015;15;;Rue du Bourgneuf;18100;18279;Vierzon;;;2.064698;47.215292
18279_0568_00032;32;;Chemin du Briou;18100;18279;Vierzon;;;2.086152;47.225187
18279_1300_00059;59;;Rue Fernand Léger;18100;18279;Vierzon;;;2.086802;47.228596
18279_2510_00078;78;;Rue de la Paix;18100;18279;Vierzon;;;2.054231;47.216661
18279_2640_00009;9;;Route du Petit Râteau;18100;18279;Vierzon;;;2.096979;47.229869
18279_1860_00010;10;;Rue Jean de la Fontaine;18100;18279;Vierzon;;;2.059433;47.221898
18279_0080_00055_t;55;t;Rue Anatole France;18100;18279;Vierzon;;;2.055981;47.221695
18279_3160_00057;57;;Rue du Val Fleury;18100;18279;Vierzon;;;2.06907;47.20857
18279_1055_00027;27;;Avenue du 19 Mars 1962;18100;18279;Vierzon;;;2.091945;47.240805
18279_0170_00060;60;;Rue Armand Brunet;18100;18279;Vierzon;;;2.072927;47.221323
18279_1732_00028;28;;Square Henriette Dumuin;18100;18279;Vierzon;;;2.078023;47.202399
18279_1732_00034;34;;Square Henriette Dumuin;18100;18279;Vierzon;;;2.078518;47.202616
18279_3073_00015;15;;Rue de la Société Française;18100;18279;Vierzon;;;2.05919;47.225029
18279_0260_00016_bis;16;bis;Petite Rue Babeuf;18100;18279;Vierzon;;;2.045281;47.235131
18279_0190_00096;96;;Rue de l'Armistice;18100;18279;Vierzon;;;2.055095;47.216649
18279_0445_00117;117;;Chemin Blanc;18100;18279;Vierzon;;;2.064964;47.199724
18279_2430_00032;32;;Rue Urbain Nègre;18100;18279;Vierzon;;;2.079756;47.229255
18279_2060_00004;4;;Rue Léon Bourgeois;18100;18279;Vierzon;;;2.058719;47.213193
18279_1290_00058;58;;Rue Félix Pyat;18100;18279;Vierzon;;;2.084119;47.22784
18279_0170_00046_bis;46;bis;Rue Armand Brunet;18100;18279;Vierzon;;;2.071062;47.221566
18279_1255_00013;13;;Rue Evariste Galois;18100;18279;Vierzon;;;2.08443;47.202014
18279_0790_00009;9;;Rue du Château d'Eau;18100;18279;Vierzon;;;2.066027;47.209281
18279_2190_00007;7;;Rue Marcel Perrin;18100;18279;Vierzon;;;2.071335;47.224504
18279_3133_00082_a;82;a;Route de Tours;18100;18279;Vierzon;;;2.028697;47.238876
18279_p07zqe_00073;73;;Chemin du Pre d’Anet;18100;18279;Vierzon;;;2.081959;47.218275
18279_1290_00128;128;;Rue Félix Pyat;18100;18279;Vierzon;;;2.091507;47.228633
18279_2155_00088;88;;Avenue du 8 Mai 1945;18100;18279;Vierzon;;;2.082269;47.232294
18279_0545_00044;44;;Route de Bourges;18100;18279;Vierzon;;;2.120474;47.214237
18279_0275_00014;14;;Rue Bara;18100;18279;Vierzon;;;2.045263;47.232878
18279_0310_00007_c;7;c;Rue du Bas de Grange;18100;18279;Vierzon;;;2.060619;47.222907
18279_3047_00089;89;;Rue Saint Exupéry;18100;18279;Vierzon;;;2.067334;47.201229
18279_1870_00015;15;;Rue Jean Jacques Rousseau;18100;18279;Vierzon;;;2.070875;47.218749
18279_2750_00024;24;;Rue des Pillots;18100;18279;Vierzon;;;2.054504;47.213841
18279_1549_00023;23;;Chemin de la Giraudiere;18100;18279;Vierzon;;;2.028291;47.23735
18279_1710_00012;12;;Rue Guy Môquet;18100;18279;Vierzon;;;2.076502;47.211869
18279_1290_00032;32;;Rue Félix Pyat;18100;18279;Vierzon;;;2.082488;47.2289
18279_2950_00018;18;;Avenue de la République;18100;18279;Vierzon;;;2.066087;47.222993
18279_0640_00011;11;;Rue Casimir Lecomte;18100;18279;Vierzon;;;2.063913;47.226788
18279_1190_00022;22;;Quai de l’Etang;18100;18279;Vierzon;;;2.104501;47.214552
18279_0082_00020;20;;Petite Rue Anatole France;18100;18279;Vierzon;;;2.049178;47.220771
18279_1200_00016;16;;Rue de l'Etape;18100;18279;Vierzon;;;2.069701;47.222775
18279_1720_00027;27;;Rue Henri Barbusse;18100;18279;Vierzon;;;2.064443;47.231345
18279_1420_00019;19;;Rue Galilée;18100;18279;Vierzon;;;2.070779;47.222121
18279_0760_00003_d;3;d;Passage du Chateau;18100;18279;Vierzon;;;2.071159;47.223051
18279_1180_00002_bis;2;bis;Rue Ernest Renan;18100;18279;Vierzon;;;2.074804;47.218003
18279_1990_00032;32;;Rue Jules Louis Breton;18100;18279;Vierzon;;;2.076928;47.221142
18279_1250_00098;98;;Rue Eugène Pottier;18100;18279;Vierzon;;;2.098442;47.224208
18279_1930_00003_bis;3;bis;Rue de Jérusalem;18100;18279;Vierzon;;;2.067225;47.217697
18279_2330_00042;42;;Rue Mirabeau;18100;18279;Vierzon;;;2.05526;47.212126
18279_1580_00012;12;;Rue du Grand Clement;18100;18279;Vierzon;;;2.071762;47.227771
18279_2980_00022;22;;Rue Riparia;18100;18279;Vierzon;;;2.059524;47.213332
18279_1591_00005;5;;Chemin du Grand Orme;18100;18279;Vierzon;;;2.102044;47.230372
18279_1128_00051;51;;Avenue Edouard Vaillant;18100;18279;Vierzon;;;2.061195;47.233196
18279_0420_00018;18;;Rue de la Bidauderie;18100;18279;Vierzon;;;2.079694;47.234612
18279_2390_00042;42;;Rue du Mouton;18100;18279;Vierzon;;;2.084767;47.230535
18279_1060_01390;1390;;Rue du Docteur Lobligeois;18100;18279;Vierzon;;;2.057492;47.21721
18279_3280_00007;7;;Rue de Villeneuve;18100;18279;Vierzon;;;2.072641;47.213099
18279_0640_00009;9;;Rue Casimir Lecomte;18100;18279;Vierzon;;;2.063855;47.226687
18279_3048_00057;57;;Route de Saint Laurent;18100;18279;Vierzon;;;2.122894;47.220971
18279_2335_00025;25;;Rue Miranda de Ebro;18100;18279;Vierzon;;;2.064043;47.218955
18279_2740_00005;5;;Avenue Pierre Sémard;18100;18279;Vierzon;;;2.060539;47.225692
18279_2995_00010;10;;Rue Roland Champenier;18100;18279;Vierzon;;;2.069159;47.238602
18279_2605_00013_a;13;a;Ruelle du Pavillon;18100;18279;Vierzon;;;2.070385;47.224649
18279_2770_00051;51;;Rue de la Plaisance;18100;18279;Vierzon;;;2.0946;47.221199
18279_3202_00021;21;;Avenue de Verdun;18100;18279;Vierzon;;;2.07288;47.225057
18279_0497_00052;52;;Chemin de Bois Marteau;18100;18279;Vierzon;;;2.049104;47.241926
18279_2220_00057;57;;Rue du Maréchal Joffre;18100;18279;Vierzon;;;2.070536;47.222894
18279_2750_00015_a;15;a;Rue des Pillots;18100;18279;Vierzon;;;2.05456;47.213767
18279_1470_00014;14;;Rue Gaston Cornavin;18100;18279;Vierzon;;;2.087428;47.228107
18279_0800_00041;41;;Quai du Cher;18100;18279;Vierzon;;;2.061811;47.216644
18279_1430_00022;22;;Rue Gallerand;18100;18279;Vierzon;;;2.068221;47.222865
18279_3047_00119;119;;Rue Saint Exupéry;18100;18279;Vierzon;;;2.066736;47.199145
18279_a400_00006;6;;Residence les Pommiers;18100;18279;Vierzon;;;2.092469;47.227869
18279_2058_00015;15;;Rue Léo Mérigot;18100;18279;Vierzon;;;2.049976;47.229675
18279_2335_00009_c;9;c;Rue Miranda de Ebro;18100;18279;Vierzon;;;2.065057;47.218539
18279_1536_00080;80;;Rue Georges Politzer;18100;18279;Vierzon;;;2.081149;47.202704
18279_0750_00008;8;;Allee des Chataigniers;18100;18279;Vierzon;;;2.043678;47.230302
18279_1770_00010;10;;Rue Honoré de Balzac;18100;18279;Vierzon;;;2.065391;47.212735
18279_1538_00022;22;;Rue Georges Rousseau;18100;18279;Vierzon;;;2.05805;47.212093
18279_1450_00024;24;;Rue Gambon;18100;18279;Vierzon;;;2.073813;47.227039
18279_0460_00017;17;;Rue Blanqui;18100;18279;Vierzon;;;2.049097;47.226166
18279_2560_00022_ter;22;ter;Rue Pasteur;18100;18279;Vierzon;;;2.086442;47.219981
18279_2850_00023;23;;Rue Proudhon;18100;18279;Vierzon;;;2.048151;47.232376
18279_2640_00013;13;;Route du Petit Râteau;18100;18279;Vierzon;;;2.097035;47.230357
18279_0740_00079;79;;Rue Charles Hurvoy;18100;18279;Vierzon;;;2.061799;47.229414
18279_0120_00057;57;;Rue André Ribaud;18100;18279;Vierzon;;;2.068397;47.232277
18279_2155_00059_c;59;c;Avenue du 8 Mai 1945;18100;18279;Vierzon;;;2.079458;47.230746
18279_1990_00041;41;;Rue Jules Louis Breton;18100;18279;Vierzon;;;2.079744;47.220521
18279_1170_00006_bis;6;bis;Rue des Epinettes;18100;18279;Vierzon;;;2.067705;47.223854
18279_1170_00026;26;;Rue des Epinettes;18100;18279;Vierzon;;;2.069403;47.225879
18279_1980_00030;30;;Rue Jules Guesde;18100;18279;Vierzon;;;2.046216;47.227905
18279_1877_00039_e;39;e;Avenue Jean Jaurès;18100;18279;Vierzon;;;2.045185;47.230984
18279_1950_00041_d;41;d;Avenue du Jonc;18100;18279;Vierzon;;;2.067735;47.209919
18279_2100_00047;47;;Rue des Longueraies;18100;18279;Vierzon;;;2.058418;47.234014
18279_2709_00002;2;;Impasse Pierre Debournou;18100;18279;Vierzon;;;2.062044;47.223476
18279_3052_00012;12;;Route de Saint Lazare;18100;18279;Vierzon;;;2.097275;47.208556
18279_1700_00025;25;;Rue Gustave Flourens;18100;18279;Vierzon;;;2.055251;47.231111
18279_1530_00015;15;;Rue Georges Clémenceau;18100;18279;Vierzon;;;2.056723;47.21576
18279_1538_00010;10;;Rue Georges Rousseau;18100;18279;Vierzon;;;2.057757;47.21295
18279_1940_00003;3;;Rue Joliot Curie;18100;18279;Vierzon;;;2.073982;47.210188
18279_2200_00023;23;;Rue Marcel Sembat;18100;18279;Vierzon;;;2.051862;47.228722
18279_3160_00029;29;;Rue du Val Fleury;18100;18279;Vierzon;;;2.070307;47.210774
18279_1290_00043;43;;Rue Félix Pyat;18100;18279;Vierzon;;;2.08261;47.228908
18279_1760_00002;2;;Rue d'Héry;18100;18279;Vierzon;;;2.068848;47.214005
18279_1072_00011_t;11;t;Petite Rue des Donneaux;18100;18279;Vierzon;;;2.04593;47.226827
18279_1840_00013_a;13;a;Rue Jean-baptiste Clément;18100;18279;Vierzon;;;2.070848;47.228396
18279_1230_00095_bis;95;bis;Rue Etienne Marcel;18100;18279;Vierzon;;;2.103122;47.216514
18279_0120_00009;9;;Rue André Ribaud;18100;18279;Vierzon;;;2.065693;47.229602
18279_2309_00016;16;;Chemin des Millards;18100;18279;Vierzon;;;2.102079;47.232655
18279_2650_00037;37;;Rue de la Petite Noue;18100;18279;Vierzon;;;2.059891;47.206397
18279_1280_00041;41;;Rue de Fay;18100;18279;Vierzon;;;2.049914;47.237691
18279_2025_00082;82;;avenue maréchal jean de lattre de tassigny;18100;18279;Vierzon;;;2.072574;47.204625
18279_3202_00047;47;;Avenue de Verdun;18100;18279;Vierzon;;;2.072651;47.226049
18279_2990_00001;1;;Rue Robespierre;18100;18279;Vierzon;;;2.09533;47.218375
18279_1535_00036;36;;Rue Georges Fauconnier;18100;18279;Vierzon;;;2.070994;47.239077
18279_2320_00003;3;;Rue Millière;18100;18279;Vierzon;;;2.050928;47.225338
18279_1560_00022_bis;22;bis;Rue Gourdon;18100;18279;Vierzon;;;2.065901;47.224455
18279_1250_00053;53;;Rue Eugène Pottier;18100;18279;Vierzon;;;2.097626;47.223011
18279_1500_00017;17;;Rue Gay Lussac;18100;18279;Vierzon;;;2.076793;47.224002
18279_2795_00037;37;;Rue des Ponts;18100;18279;Vierzon;;;2.066373;47.218849
18279_2930_00021;21;;Rue Raspail;18100;18279;Vierzon;;;2.073831;47.223794
18279_0692_00001;1;;Petite Rue du Chambon;18100;18279;Vierzon;;;2.055541;47.224164
18279_1120_00028;28;;Rue Edouard Branly;18100;18279;Vierzon;;;2.104445;47.218581
18279_2850_00027;27;;Rue Proudhon;18100;18279;Vierzon;;;2.048123;47.232655
18279_1290_00012_bis;12;bis;Rue Félix Pyat;18100;18279;Vierzon;;;2.080965;47.229806
18279_2520_00025;25;;Rue du Panorama;18100;18279;Vierzon;;;2.069562;47.210673
18279_2950_00023;23;;Avenue de la République;18100;18279;Vierzon;;;2.065745;47.223027
18279_1250_00044;44;;Rue Eugène Pottier;18100;18279;Vierzon;;;2.09983;47.220039
18279_1378_00006;6;;Rue François Mitterrand;18100;18279;Vierzon;;;2.060887;47.220601
18279_0968_00003;3;;Impasse de la Croix Moreau;18100;18279;Vierzon;;;2.033703;47.226455
18279_2520_00034;34;;Rue du Panorama;18100;18279;Vierzon;;;2.06916;47.210522
18279_1760_00013;13;;Rue d'Héry;18100;18279;Vierzon;;;2.070499;47.213206
18279_1330_00005;5;;Impasse des Fontaines;18100;18279;Vierzon;;;2.065119;47.214558
18279_0925_00006;6;;La Cour d’En Haut;18100;18279;Vierzon;;;2.032856;47.208057
18279_2472_00019;19;;Route des Noues;18100;18279;Vierzon;;;2.046166;47.210434
18279_2995_00011;11;;Rue Roland Champenier;18100;18279;Vierzon;;;2.068047;47.239079
18279_1535_00032;32;;Rue Georges Fauconnier;18100;18279;Vierzon;;;2.071378;47.239008
18279_2816_00001;1;;Passage du Pré d'Anet;18100;18279;Vierzon;;;2.073221;47.220175
18279_3048_00061;61;;Route de Saint Laurent;18100;18279;Vierzon;;;2.121727;47.220498
18279_2826_00008;8;;Chemin du Pre Long;18100;18279;Vierzon;;;2.05021;47.240044
18279_0417_00025_ter;25;ter;Rue Berty Albrecht;18100;18279;Vierzon;;;2.055184;47.209903
18279_0290_00061;61;;Rue Barbès;18100;18279;Vierzon;;;2.055535;47.23563
18279_3048_00063;63;;Route de Saint Laurent;18100;18279;Vierzon;;;2.122882;47.220397
18279_2330_00036;36;;Rue Mirabeau;18100;18279;Vierzon;;;2.055563;47.212469
18279_0160_00002_ter;2;ter;Rue Armand Bazile;18100;18279;Vierzon;;;2.070119;47.218006
18279_2080_00068;68;;Route de la Loeuf;18100;18279;Vierzon;;;2.03263;47.215932
18279_2795_00075;75;;Rue des Ponts;18100;18279;Vierzon;;;2.065442;47.217073
18279_0460_00002;2;;Rue Blanqui;18100;18279;Vierzon;;;2.049465;47.226471
18279_2930_00009;9;;Rue Raspail;18100;18279;Vierzon;;;2.073041;47.224281
18279_0866_00053;53;;Avenue du Colonel Manhes;18100;18279;Vierzon;;;2.077587;47.224155
18279_0435_00033;33;;Rue de Bitterfeld;18100;18279;Vierzon;;;2.085236;47.202484
18279_0045_00048;48;;Route d'Ainset;18100;18279;Vierzon;;;2.085432;47.246075
18279_3222_00028;28;;Impasse de Vieilfond;18100;18279;Vierzon;;;2.067231;47.242917
18279_0070_00002;2;;Rue Alphonse Pradat;18100;18279;Vierzon;;;2.047924;47.224188
18279_2930_00037;37;;Rue Raspail;18100;18279;Vierzon;;;2.074979;47.223481
18279_1555_00020;20;;Impasse de la Glaciere;18100;18279;Vierzon;;;2.042156;47.230419
18279_le1ny7_00010;10;;Rue Jeanne Labourbe;18100;18279;Vierzon;;;2.060448;47.231748
18279_1290_00181;181;;Rue Félix Pyat;18100;18279;Vierzon;;;2.095133;47.228421
18279_2560_00022_b;22;b;Rue Pasteur;18100;18279;Vierzon;;;2.086326;47.219978
18279_1770_00006_bis;6;bis;Rue Honoré de Balzac;18100;18279;Vierzon;;;2.065432;47.212907
18279_0160_00003_b;3;b;Rue Armand Bazile;18100;18279;Vierzon;;;2.070021;47.21766
18279_1535_00034;34;;Rue Georges Fauconnier;18100;18279;Vierzon;;;2.071195;47.239041
18279_0495_00018_a;18;a;Chemin des Grands Bois;18100;18279;Vierzon;;;2.053393;47.237326
18279_0310_00019;19;;Rue du Bas de Grange;18100;18279;Vierzon;;;2.057277;47.223877
18279_3150_00012_bis;12;bis;Place Vaillant Couturier;18100;18279;Vierzon;;;2.069804;47.223544
18279_2870_00122;122;;Route de Puits Berteau;18100;18279;Vierzon;;;2.070602;47.237584
18279_2410_00038_b;38;b;Boulevard de la Nation;18100;18279;Vierzon;;;2.058454;47.214121
18279_3160_00019;19;;Rue du Val Fleury;18100;18279;Vierzon;;;2.070614;47.211466
18279_1730_00032;32;;Avenue Henri Brisson;18100;18279;Vierzon;;;2.06104;47.229508
18279_3085_00006;6;;Allee de la Source;18100;18279;Vierzon;;;2.077626;47.212719
18279_0275_00001_q;1;q;Rue Bara;18100;18279;Vierzon;;;2.04588;47.231722
18279_1378_00005;5;;Rue François Mitterrand;18100;18279;Vierzon;;;2.060765;47.220786
18279_0370_00031;31;;Route de Bellon;18100;18279;Vierzon;;;2.073092;47.214186
18279_1385_00001;1;;Rue Frédéric Mistral;18100;18279;Vierzon;;;2.09536;47.225305
18279_2125_00019;19;;Rue Louise Michel;18100;18279;Vierzon;;;2.070829;47.236043
18279_2070_00024;24;;Boulevard de la Liberté;18100;18279;Vierzon;;;2.065504;47.226925
18279_0541_00008;8;;Passage du Bourdoiseau;18100;18279;Vierzon;;;2.063333;47.235267
18279_3305_00004;4;;Rue de Wittelsheim;18100;18279;Vierzon;;;2.072399;47.223994
18279_2005_00012;12;;Rue Julian Grimau;18100;18279;Vierzon;;;2.085639;47.201476
18279_671bao_00034;34;;avenue maréchal philippe leclerc de hauteclocque;18100;18279;Vierzon;;;2.055108;47.209024
18279_0120_00065;65;;Rue André Ribaud;18100;18279;Vierzon;;;2.068917;47.232816
18279_1535_00052;52;;Rue Georges Fauconnier;18100;18279;Vierzon;;;2.06934;47.239379
18279_3vyj15_00016;16;;Clos de la Minee;18100;18279;Vierzon;;;2.066659;47.237158
18279_0190_00094;94;;Rue de l'Armistice;18100;18279;Vierzon;;;2.055118;47.21684
18279_1420_00010;10;;Rue Galilée;18100;18279;Vierzon;;;2.070849;47.222247
18279_0600_00026;26;;Petite Rue du Camp;18100;18279;Vierzon;;;2.065967;47.206897
18279_3150_00019;19;;Place Vaillant Couturier;18100;18279;Vierzon;;;2.070552;47.223122
18279_0460_00017_bis;17;bis;Rue Blanqui;18100;18279;Vierzon;;;2.049171;47.226344
18279_1160_00028;28;;Rue Emile Zola;18100;18279;Vierzon;;;2.043933;47.224962
18279_1170_00031;31;;Rue des Epinettes;18100;18279;Vierzon;;;2.06995;47.227105
18279_1760_00023;23;;Rue d'Héry;18100;18279;Vierzon;;;2.071354;47.212677
18279_1575_00005;5;;Cheminement de Grand Champs;18100;18279;Vierzon;;;2.085984;47.247766
18279_2260_00045;45;;Route de Méreau;18100;18279;Vierzon;;;2.061248;47.206087
18279_1536_00029;29;;Rue Georges Politzer;18100;18279;Vierzon;;;2.079974;47.203993
18279_0951_00006;6;;Chemin des Grandes Crêles;18100;18279;Vierzon;;;2.07054;47.205215
18279_0482_00010;10;;Rue du Bois d'Yèvre;18100;18279;Vierzon;;;2.069822;47.21836
18279_0460_00011;11;;Rue Blanqui;18100;18279;Vierzon;;;2.050249;47.227207
18279_1406_00011;11;;Chemin de la Gaillardière;18100;18279;Vierzon;;;2.110924;47.2263
18279_1569_00007;7;;Chemin de Grands Champs;18100;18279;Vierzon;;;2.086171;47.248211
18279_2930_00011_a;11;a;Rue Raspail;18100;18279;Vierzon;;;2.072878;47.224119
18279_1405_00013;13;;Rue Gagarine;18100;18279;Vierzon;;;2.080909;47.2255
18279_1300_00053;53;;Rue Fernand Léger;18100;18279;Vierzon;;;2.086388;47.228576
18279_0465_00026;26;;Route du Bois Blanc;18100;18279;Vierzon;;;2.115095;47.201556
18279_1980_00035;35;;Rue Jules Guesde;18100;18279;Vierzon;;;2.045939;47.228059
18279_2755_00003;3;;Rue de la Piscine;18100;18279;Vierzon;;;2.061883;47.219963
18279_1450_00025;25;;Rue Gambon;18100;18279;Vierzon;;;2.074211;47.226939
18279_2025_00072;72;;avenue maréchal jean de lattre de tassigny;18100;18279;Vierzon;;;2.070456;47.205707
18279_2845_01525;1525;;Passage Proudhon;18100;18279;Vierzon;;;2.048857;47.23246
18279_0542_00001_a;1;a;Rue du Bourdoiseau;18100;18279;Vierzon;;;2.064068;47.230693
18279_1535_00013;13;;Rue Georges Fauconnier;18100;18279;Vierzon;;;2.070258;47.239129
18279_0650_00024;24;;Rue du Cavalier;18100;18279;Vierzon;;;2.064629;47.22624
18279_0720_00010;10;;Rue des Changes;18100;18279;Vierzon;;;2.068901;47.223741
18279_1470_00044;44;;Rue Gaston Cornavin;18100;18279;Vierzon;;;2.087328;47.23
18279_0310_00040_b;40;b;Rue du Bas de Grange;18100;18279;Vierzon;;;2.052298;47.225267
18279_2330_00096;96;;Rue Mirabeau;18100;18279;Vierzon;;;2.051652;47.209671
18279_2008_00004_a;4;a;Impasse Karl Marx;18100;18279;Vierzon;;;2.049952;47.229359
18279_1930_00017;17;;Rue de Jérusalem;18100;18279;Vierzon;;;2.065597;47.218011
18279_0290_00037;37;;Rue Barbès;18100;18279;Vierzon;;;2.053761;47.235001
18279_0042_00019;19;;Chemin des Ajoncs;18100;18279;Vierzon;;;2.082037;47.238321
18279_0417_00015;15;;Rue Berty Albrecht;18100;18279;Vierzon;;;2.056271;47.211026
18279_1020_00003_b;3;b;Rue Descartes;18100;18279;Vierzon;;;2.08097;47.217602
18279_3118_00016;16;;Chemin du Terrichon;18100;18279;Vierzon;;;2.033354;47.217834
18279_1700_00060;60;;Rue Gustave Flourens;18100;18279;Vierzon;;;2.053546;47.232248
18279_0160_00051;51;;Rue Armand Bazile;18100;18279;Vierzon;;;2.075014;47.216593
18279_1990_00003;3;;Rue Jules Louis Breton;18100;18279;Vierzon;;;2.074032;47.221165
18279_1500_00034_bis;34;bis;Rue Gay Lussac;18100;18279;Vierzon;;;2.079679;47.225484
18279_1128_00120_d;120;d;Avenue Edouard Vaillant;18100;18279;Vierzon;;;2.060631;47.239013
18279_1840_00045;45;;Rue Jean-baptiste Clément;18100;18279;Vierzon;;;2.072796;47.231068
18279_2155_00125;125;;Avenue du 8 Mai 1945;18100;18279;Vierzon;;;2.077497;47.228496
18279_0160_00015;15;;Rue Armand Bazile;18100;18279;Vierzon;;;2.071428;47.217578
18279_3076_00031;31;;Route des Souchènes;18100;18279;Vierzon;;;2.024313;47.214218
18279_1910_00005;5;;Rue Jean Racine;18100;18279;Vierzon;;;2.046431;47.23337
18279_0710_00049;49;;Rue du Champanet;18100;18279;Vierzon;;;2.059628;47.220259
18279_2472_00025_ter;25;ter;Route des Noues;18100;18279;Vierzon;;;2.044754;47.210801
18279_2265_00002;2;;Residence Mermoz Sud;18100;18279;Vierzon;;;2.062792;47.20393
18279_2005_00006;6;;Rue Julian Grimau;18100;18279;Vierzon;;;2.086052;47.201286
18279_66j5mf_00041_bis;41;bis;Chemin des Noues;18100;18279;Vierzon;;;2.042346;47.211579
18279_0120_00008;8;;Rue André Ribaud;18100;18279;Vierzon;;;2.065702;47.229269
18279_1840_00022;22;;Rue Jean-baptiste Clément;18100;18279;Vierzon;;;2.070491;47.228456
18279_1825_00047;47;;Rue Jacques Brel;18100;18279;Vierzon;;;2.083184;47.199086
18279_3271_00001;1;;Route du Village d’En Haut;18100;18279;Vierzon;;;2.109632;47.229548
18279_2650_00041;41;;Rue de la Petite Noue;18100;18279;Vierzon;;;2.059316;47.206034
18279_1230_00046_c;46;c;Rue Etienne Marcel;18100;18279;Vierzon;;;2.098148;47.217619
18279_2850_00024_bis;24;bis;Rue Proudhon;18100;18279;Vierzon;;;2.048054;47.232324
18279_0370_00027;27;;Route de Bellon;18100;18279;Vierzon;;;2.072954;47.214206
18279_1330_00003;3;;Impasse des Fontaines;18100;18279;Vierzon;;;2.064976;47.214543
18279_1840_00079_bis;79;bis;Rue Jean-baptiste Clément;18100;18279;Vierzon;;;2.07726;47.233413
18279_1290_00069;69;;Rue Félix Pyat;18100;18279;Vierzon;;;2.084894;47.227656
18279_1825_00056;56;;Rue Jacques Brel;18100;18279;Vierzon;;;2.082901;47.198907
18279_1055_00019_bis;19;bis;Avenue du 19 Mars 1962;18100;18279;Vierzon;;;2.090026;47.239345
18279_3133_00029;29;;Route de Tours;18100;18279;Vierzon;;;2.037616;47.233872
18279_0978_00004_f;4;f;Passage du Crot à Foulon;18100;18279;Vierzon;;;2.063155;47.229819
18279_1500_00036;36;;Rue Gay Lussac;18100;18279;Vierzon;;;2.079915;47.225662
18279_1265_00013_b;13;b;Impasse de Fay;18100;18279;Vierzon;;;2.052371;47.236068
18279_1536_00028;28;;Rue Georges Politzer;18100;18279;Vierzon;;;2.077521;47.203524
18279_0745_00001;1;;Chemin de Charnay;18100;18279;Vierzon;;;2.029544;47.239308
18279_1128_00057;57;;Avenue Edouard Vaillant;18100;18279;Vierzon;;;2.06108;47.233692
18279_0140_00024;24;;Rue Antonin Lerault;18100;18279;Vierzon;;;2.068879;47.21446
18279_1320_00047;47;;Route de Foëcy;18100;18279;Vierzon;;;2.104505;47.208342
18279_1538_00050;50;;Rue Georges Rousseau;18100;18279;Vierzon;;;2.057849;47.210465
18279_1160_00012;12;;Rue Emile Zola;18100;18279;Vierzon;;;2.045658;47.224652
18279_1210_00051;51;;Rue Etienne Desroches;18100;18279;Vierzon;;;2.10365;47.220217
18279_1065_00012;12;;Cour des Donneaux;18100;18279;Vierzon;;;2.044128;47.227569
18279_2472_00012;12;;Route des Noues;18100;18279;Vierzon;;;2.049177;47.209594
18279_0840_00016;16;;Rue Claude Michaud;18100;18279;Vierzon;;;2.066443;47.213574
18279_0420_00054;54;;Rue de la Bidauderie;18100;18279;Vierzon;;;2.083001;47.236997
18279_1230_00070;70;;Rue Etienne Marcel;18100;18279;Vierzon;;;2.100077;47.217391
18279_3047_00094;94;;Rue Saint Exupéry;18100;18279;Vierzon;;;2.066667;47.199445
18279_3269_00019;19;;Chemin du Village d’En Haut;18100;18279;Vierzon;;;2.124685;47.240475
18279_2406_00008;8;;Impasse Mozart;18100;18279;Vierzon;;;2.078688;47.231405
18279_2720_00006;6;;Rue Pierre Dupont;18100;18279;Vierzon;;;2.04724;47.234865
18279_0968_00012_a;12;a;Impasse de la Croix Moreau;18100;18279;Vierzon;;;2.032358;47.226644
18279_1538_00034;34;;Rue Georges Rousseau;18100;18279;Vierzon;;;2.057971;47.211435
18279_2580_00015;15;;Rue Paul Doumer;18100;18279;Vierzon;;;2.056245;47.212908
18279_1115_00002;2;;Rue Edmond Rostand;18100;18279;Vierzon;;;2.076452;47.201003
18279_a120_00014;14;;Résidence le Clos de la Minée;18100;18279;Vierzon;;;2.066571;47.237005
18279_1229_00002;2;;Impasse Etienne Marcel;18100;18279;Vierzon;;;2.101252;47.217345
18279_1841_00076_e;76;e;square jean-baptiste clément;18100;18279;Vierzon;;;2.074607;47.23224
18279_2472_00009;9;;Route des Noues;18100;18279;Vierzon;;;2.047627;47.210141
18279_2155_00061;61;;Avenue du 8 Mai 1945;18100;18279;Vierzon;;;2.079935;47.230612
18279_1210_00041;41;;Rue Etienne Desroches;18100;18279;Vierzon;;;2.103261;47.220316
18279_3060_00013_2;13;2;Rue du Sergent Bobillot;18100;18279;Vierzon;;;2.047724;47.229269
18279_1840_00045_bis;45;bis;Rue Jean-baptiste Clément;18100;18279;Vierzon;;;2.07297;47.231184
18279_0542_00047;47;;Rue du Bourdoiseau;18100;18279;Vierzon;;;2.062433;47.234176
18279_2930_00020;20;;Rue Raspail;18100;18279;Vierzon;;;2.080098;47.222448
18279_1375_00020;20;;Rue France Bloch-sérazin;18100;18279;Vierzon;;;2.0776;47.206532
18279_0830_00017;17;;Rue Claude Bernard;18100;18279;Vierzon;;;2.076473;47.216069
18279_2157_00015;15;;Chemin de la Maison Blanche;18100;18279;Vierzon;;;2.038072;47.224491
18279_3160_00025;25;;Rue du Val Fleury;18100;18279;Vierzon;;;2.070447;47.210963
18279_1290_00134;134;;Rue Félix Pyat;18100;18279;Vierzon;;;2.091958;47.228532
18279_3118_00008;8;;Chemin du Terrichon;18100;18279;Vierzon;;;2.035029;47.217188
18279_0370_00014;14;;Route de Bellon;18100;18279;Vierzon;;;2.070972;47.214164
18279_3086_00031;31;;Impasse Suzanne Masson;18100;18279;Vierzon;;;2.079432;47.204892
18279_2910_00070;70;;Avenue du 14 Juillet;18100;18279;Vierzon;;;2.063427;47.211647
18279_0740_00061;61;;Rue Charles Hurvoy;18100;18279;Vierzon;;;2.065604;47.228514
18279_3073_00021_g;21;g;Rue de la Société Française;18100;18279;Vierzon;;;2.05773;47.225843
18279_3084_00011_bis;11;bis;Chemin du Stade Constant Duval;18100;18279;Vierzon;;;2.0576;47.240446
18279_1840_00069;69;;Rue Jean-baptiste Clément;18100;18279;Vierzon;;;2.075935;47.232847
18279_2155_00097;97;;Avenue du 8 Mai 1945;18100;18279;Vierzon;;;2.085589;47.235981
18279_3045_00013;13;;Chemin Ruisseau des Rechignardes;18100;18279;Vierzon;;;2.077894;47.231708
18279_671bao_00020;20;;avenue maréchal philippe leclerc de hauteclocque;18100;18279;Vierzon;;;2.056618;47.209202
18279_2188_00036;36;;Rue Marcel Pagnol;18100;18279;Vierzon;;;2.074769;47.209542
18279_0080_00024;24;;Rue Anatole France;18100;18279;Vierzon;;;2.058408;47.221263
18279_1128_00074;74;;Avenue Edouard Vaillant;18100;18279;Vierzon;;;2.060831;47.235084
18279_0270_00020;20;;Rue Babeuf;18100;18279;Vierzon;;;2.045082;47.23363
18279_1538_00004;4;;Rue Georges Rousseau;18100;18279;Vierzon;;;2.057285;47.213245
18279_1128_00116_a;116;a;Avenue Edouard Vaillant;18100;18279;Vierzon;;;2.060695;47.23864
18279_3133_00050;50;;Route de Tours;18100;18279;Vierzon;;;2.03592;47.235037
18279_a070_00063;63;;Residence des Bruyeres;18100;18279;Vierzon;;;2.065803;47.204044
18279_0290_00068;68;;Rue Barbès;18100;18279;Vierzon;;;2.057963;47.236827
18279_0568_00028;28;;Chemin du Briou;18100;18279;Vierzon;;;2.08584;47.225414
18279_1877_00070;70;;Avenue Jean Jaurès;18100;18279;Vierzon;;;2.043663;47.231414
18279_1870_00052;52;;Rue Jean Jacques Rousseau;18100;18279;Vierzon;;;2.080184;47.217248
18279_3280_00086;86;;Rue de Villeneuve;18100;18279;Vierzon;;;2.069489;47.208081
18279_1730_00013_a;13;a;Avenue Henri Brisson;18100;18279;Vierzon;;;2.061588;47.2261
18279_3137_00003;3;;Rue du Travail;18100;18279;Vierzon;;;2.042162;47.232542
18279_0395_00018;18;;Rue Henri Bergson;18100;18279;Vierzon;;;2.094755;47.224923
18279_1857_00010;10;;Rue Jean Cocteau;18100;18279;Vierzon;;;2.084184;47.227146
18279_1760_00001;1;;Rue d'Héry;18100;18279;Vierzon;;;2.069167;47.214085
18279_0817_00018_a;18;a;Chemin du Chevry;18100;18279;Vierzon;;;2.118663;47.21511
18279_0151_00010;10;;Rue Aristide Briand;18100;18279;Vierzon;;;2.067216;47.22198
18279_2210_00012;12;;Place du Maréchal Foch;18100;18279;Vierzon;;;2.067643;47.222854
18279_1832_00005;5;;Square Jacques Duclos;18100;18279;Vierzon;;;2.087724;47.20174
18279_0210_00016;16;;Rue des Ateliers;18100;18279;Vierzon;;;2.054293;47.230568
18279_3060_00011_bis;11;bis;Rue du Sergent Bobillot;18100;18279;Vierzon;;;2.048126;47.229211
18279_1128_00054;54;;Avenue Edouard Vaillant;18100;18279;Vierzon;;;2.060884;47.23381
18279_1790_00007;7;;Rue de l'Hospice;18100;18279;Vierzon;;;2.052115;47.226611
18279_0590_00008_b;8;b;Rue Camille Desmoulins;18100;18279;Vierzon;;;2.063876;47.220919
18279_1210_00031;31;;Rue Etienne Desroches;18100;18279;Vierzon;;;2.102842;47.220323
18279_1732_00018;18;;Square Henriette Dumuin;18100;18279;Vierzon;;;2.078204;47.203011
18279_0400_00006;6;;Rue des Berlurettes;18100;18279;Vierzon;;;2.062423;47.235805
18279_2648_00042;42;;Chemin de la Petite Noue;18100;18279;Vierzon;;;2.066273;47.203672
18279_1230_00077;77;;Rue Etienne Marcel;18100;18279;Vierzon;;;2.101704;47.217012
18279_0587_00002;2;;Allée Camille Claudel;18100;18279;Vierzon;;;2.081205;47.232878
18279_0925_00009;9;;La Cour d’En Haut;18100;18279;Vierzon;;;2.032842;47.208182
18279_0720_00012;12;;Rue des Changes;18100;18279;Vierzon;;;2.068926;47.223896
18279_1240_00044;44;;Rue Etienne Nivet;18100;18279;Vierzon;;;2.082497;47.22148
18279_1490_00008_a;8;a;Chemin des Gaudrets;18100;18279;Vierzon;;;2.089298;47.221324
18279_1032_00011;11;;Rue Diderot;18100;18279;Vierzon;;;2.071036;47.217886
18279_2928_00008;8;;Impasse Raspail;18100;18279;Vierzon;;;2.075524;47.224002
18279_2025_00032;32;;avenue maréchal jean de lattre de tassigny;18100;18279;Vierzon;;;2.066053;47.20795
18279_1128_00009;9;;Avenue Edouard Vaillant;18100;18279;Vierzon;;;2.061323;47.229875
18279_2155_00011;11;;Avenue du 8 Mai 1945;18100;18279;Vierzon;;;2.076012;47.227526
18279_1110_00003;3;;Rue Edgar Quinet;18100;18279;Vierzon;;;2.066037;47.223188
18279_1538_00062;62;;Rue Georges Rousseau;18100;18279;Vierzon;;;2.057743;47.209813
18279_1549_00010;10;;Chemin de la Giraudiere;18100;18279;Vierzon;;;2.030223;47.237109
18279_1915_00032;32;;Rue Jean Vilar;18100;18279;Vierzon;;;2.083449;47.200021
18279_3160_00063;63;;Rue du Val Fleury;18100;18279;Vierzon;;;2.068894;47.208249
18279_0890_00080;80;;Rue de la Convention;18100;18279;Vierzon;;;2.107301;47.2215
18279_2500_00015;15;;Rue des Ormes;18100;18279;Vierzon;;;2.077178;47.232146
18279_1072_00009;9;;Petite Rue des Donneaux;18100;18279;Vierzon;;;2.046275;47.226932
18279_2015_00008;8;;Impasse Kléber;18100;18279;Vierzon;;;2.056979;47.215125
18279_1450_00023_a;23;a;Rue Gambon;18100;18279;Vierzon;;;2.073875;47.226958
18279_0800_00001;1;;Quai du Cher;18100;18279;Vierzon;;;2.064664;47.216065
18279_3047_00066;66;;Rue Saint Exupéry;18100;18279;Vierzon;;;2.067228;47.201378
18279_3170_00009;9;;Rue de Valmy;18100;18279;Vierzon;;;2.067855;47.219017
18279_3086_00013;13;;Impasse Suzanne Masson;18100;18279;Vierzon;;;2.078995;47.205983
18279_2188_00019;19;;Rue Marcel Pagnol;18100;18279;Vierzon;;;2.07571;47.209989
18279_0830_00009;9;;Rue Claude Bernard;18100;18279;Vierzon;;;2.076798;47.216972
18279_0980_00001_bis;1;bis;Rue du Crot à Foulon;18100;18279;Vierzon;;;2.065486;47.229789
18279_2910_00076;76;;Avenue du 14 Juillet;18100;18279;Vierzon;;;2.063176;47.211036
18279_2472_00054;54;;Route des Noues;18100;18279;Vierzon;;;2.04413;47.211329
18279_1560_00001;1;;Rue Gourdon;18100;18279;Vierzon;;;2.068567;47.224248
18279_0710_00034;34;;Rue du Champanet;18100;18279;Vierzon;;;2.06281;47.220313
18279_2472_00017;17;;Route des Noues;18100;18279;Vierzon;;;2.04649;47.210367
18279_2688_00037;37;;Rue Pierre Brossolette;18100;18279;Vierzon;;;2.076618;47.203834
18279_2188_00006;6;;Rue Marcel Pagnol;18100;18279;Vierzon;;;2.077095;47.211312
18279_2750_00043;43;;Rue des Pillots;18100;18279;Vierzon;;;2.050665;47.213925
18279_0370_00028;28;;Route de Bellon;18100;18279;Vierzon;;;2.073177;47.213491
18279_2058_00025;25;;Rue Léo Mérigot;18100;18279;Vierzon;;;2.050784;47.228891
18279_0088_00003_a;3;a;Impasse Andre de Chenier;18100;18279;Vierzon;;;2.073718;47.21896
18279_0360_00013;13;;Rue de Bellevue;18100;18279;Vierzon;;;2.072055;47.208917
18279_1120_00008;8;;Rue Edouard Branly;18100;18279;Vierzon;;;2.104804;47.21682
18279_2688_00061;61;;Rue Pierre Brossolette;18100;18279;Vierzon;;;2.075359;47.203883
18279_2080_00119;119;;Route de la Loeuf;18100;18279;Vierzon;;;2.029946;47.21094
18279_0542_00039;39;;Rue du Bourdoiseau;18100;18279;Vierzon;;;2.062575;47.233697
18279_0715_00023;23;;Chemin du Champ des Renards;18100;18279;Vierzon;;;2.093593;47.226659
18279_2270_00020;20;;Rue Meunier;18100;18279;Vierzon;;;2.045064;47.22914
18279_2608_00015;15;;Chemin des Peages;18100;18279;Vierzon;;;2.030307;47.224787
18279_0869_00002;2;;Chemin des Communaux de la Vevre;18100;18279;Vierzon;;;2.125805;47.213365
18279_1930_00004;4;;Rue de Jérusalem;18100;18279;Vierzon;;;2.067566;47.217543
18279_0100_00052;52;;Rue André Guillemain;18100;18279;Vierzon;;;2.080581;47.213834
18279_0800_00031_b;31;b;Quai du Cher;18100;18279;Vierzon;;;2.062564;47.216333
18279_2410_00043;43;;Boulevard de la Nation;18100;18279;Vierzon;;;2.05758;47.214364
18279_3133_00059;59;;Route de Tours;18100;18279;Vierzon;;;2.035626;47.235064
18279_0978_00003;3;;Passage du Crot à Foulon;18100;18279;Vierzon;;;2.062599;47.22961
18279_1605_00006;6;;Chemin des Gdes Noues Fontaines;18100;18279;Vierzon;;;2.047981;47.20883
18279_1870_00025_a;25;a;Rue Jean Jacques Rousseau;18100;18279;Vierzon;;;2.071739;47.218652
18279_0710_00044;44;;Rue du Champanet;18100;18279;Vierzon;;;2.062038;47.220307
18279_0972_00034;34;;Rue de la Croix Moreau;18100;18279;Vierzon;;;2.041418;47.225891
18279_1320_00064;64;;Route de Foëcy;18100;18279;Vierzon;;;2.105873;47.20741
18279_2100_00057_a;57;a;Rue des Longueraies;18100;18279;Vierzon;;;2.059132;47.234648
18279_1230_00053;53;;Rue Etienne Marcel;18100;18279;Vierzon;;;2.10029;47.217427
18279_1810_00024;24;;Rue de l'Ile du Cher;18100;18279;Vierzon;;;2.064491;47.217101
18279_2648_00016;16;;Chemin de la Petite Noue;18100;18279;Vierzon;;;2.062444;47.204391
18279_3086_00001;1;;Impasse Suzanne Masson;18100;18279;Vierzon;;;2.078174;47.205606
18279_3055_00004;4;;Chemin de Saint Priest;18100;18279;Vierzon;;;2.034875;47.227273
18279_1990_00059;59;;Rue Jules Louis Breton;18100;18279;Vierzon;;;2.08207;47.220173
18279_2155_00057_x;57;x;Avenue du 8 Mai 1945;18100;18279;Vierzon;;;2.079132;47.231039
18279_2080_00008;8;;Route de la Loeuf;18100;18279;Vierzon;;;2.050068;47.214073
18279_0080_00036;36;;Rue Anatole France;18100;18279;Vierzon;;;2.057529;47.221453
18279_2870_00082;82;;Route de Puits Berteau;18100;18279;Vierzon;;;2.074942;47.236735
18279_2501_00027;27;;Rue Pablo Casals;18100;18279;Vierzon;;;2.082571;47.200555
18279_1825_00005;5;;Rue Jacques Brel;18100;18279;Vierzon;;;2.078587;47.201041
18279_2945_00001;1;;Rue de Rendsburg;18100;18279;Vierzon;;;2.086893;47.200962
18279_2640_00014;14;;Route du Petit Râteau;18100;18279;Vierzon;;;2.097073;47.229298
18279_0395_00010;10;;Rue Henri Bergson;18100;18279;Vierzon;;;2.095134;47.224562
18279_2945_00009;9;;Rue de Rendsburg;18100;18279;Vierzon;;;2.086278;47.200574
18279_2025_00007;7;;avenue maréchal jean de lattre de tassigny;18100;18279;Vierzon;;;2.063489;47.209506
18279_3137_00026;26;;Rue du Travail;18100;18279;Vierzon;;;2.044539;47.232367
18279_1250_00041;41;;Rue Eugène Pottier;18100;18279;Vierzon;;;2.098493;47.222286
18279_2025_00020_bis;20;bis;avenue maréchal jean de lattre de tassigny;18100;18279;Vierzon;;;2.064928;47.208592
18279_1500_00032_a;32;a;Rue Gay Lussac;18100;18279;Vierzon;;;2.079422;47.225023
18279_2650_00024;24;;Rue de la Petite Noue;18100;18279;Vierzon;;;2.059328;47.205932
18279_1428_00003;3;;Place Gallerand;18100;18279;Vierzon;;;2.068288;47.223002
18279_0350_00033;33;;Rue Beau Site;18100;18279;Vierzon;;;2.072569;47.21112
18279_1128_00108_b;108;b;Avenue Edouard Vaillant;18100;18279;Vierzon;;;2.060623;47.23808
18279_0080_00098;98;;Rue Anatole France;18100;18279;Vierzon;;;2.051569;47.222385
18279_1255_00001;1;;Rue Evariste Galois;18100;18279;Vierzon;;;2.08419;47.201258
18279_2155_00057_o;57;o;Avenue du 8 Mai 1945;18100;18279;Vierzon;;;2.07925;47.230894
18279_1250_00104;104;;Rue Eugène Pottier;18100;18279;Vierzon;;;2.098893;47.224802
18279_2210_00011;11;;Place du Maréchal Foch;18100;18279;Vierzon;;;2.067888;47.222989
18279_3085_00003;3;;Allee de la Source;18100;18279;Vierzon;;;2.077345;47.212715
18279_1938_00012;12;;Chemin des Joffrois;18100;18279;Vierzon;;;2.105187;47.222056
18279_0730_00014;14;;Rue Charles Gibault;18100;18279;Vierzon;;;2.081516;47.2174
18279_1713_00002;2;;Rue Hector Berlioz;18100;18279;Vierzon;;;2.082764;47.226608
18279_0270_00048;48;;Rue Babeuf;18100;18279;Vierzon;;;2.042804;47.233283
18279_2025_00012;12;;avenue maréchal jean de lattre de tassigny;18100;18279;Vierzon;;;2.064188;47.208991
18279_a120_00016;16;;Résidence le Clos de la Minée;18100;18279;Vierzon;;;2.06653;47.237061
18279_2714_00001;1;;Allée Pierre de Coubertin;18100;18279;Vierzon;;;2.077907;47.210334
18279_0100_00037;37;;Rue André Guillemain;18100;18279;Vierzon;;;2.081053;47.214508
18279_0840_00002;2;;Rue Claude Michaud;18100;18279;Vierzon;;;2.064798;47.213569
18279_0495_00034;34;;Chemin des Grands Bois;18100;18279;Vierzon;;;2.05153;47.237901
18279_a130_00002;2;;Lotissement de la Colline;18100;18279;Vierzon;;;2.072219;47.232187
18279_1626_00011;11;;Chemin de la Gratouille;18100;18279;Vierzon;;;2.045883;47.237022
18279_3125_00001;1;;Rue Theodore Monod;18100;18279;Vierzon;;;2.081337;47.233183
18279_1230_00074;74;;Rue Etienne Marcel;18100;18279;Vierzon;;;2.100296;47.217336
18279_0370_00040;40;;Route de Bellon;18100;18279;Vierzon;;;2.075267;47.212945
18279_0150_00005;5;;Place Aristide Briand;18100;18279;Vierzon;;;2.067475;47.221994
18279_1380_00014;14;;Rue des Francs Tireurs;18100;18279;Vierzon;;;2.105597;47.217885
18279_2290_00018;18;;Rue des Meunières;18100;18279;Vierzon;;;2.056282;47.234548
18279_0420_00014_a;14;a;Rue de la Bidauderie;18100;18279;Vierzon;;;2.079429;47.234296
18279_0120_00044;44;;Rue André Ribaud;18100;18279;Vierzon;;;2.06787;47.231334
18279_2410_00007_bis;7;bis;Boulevard de la Nation;18100;18279;Vierzon;;;2.059261;47.215601
18279_1720_00006_e;6;e;Rue Henri Barbusse;18100;18279;Vierzon;;;2.063828;47.229578
18279_0830_00014;14;;Rue Claude Bernard;18100;18279;Vierzon;;;2.076831;47.216828
18279_2993_00024;24;;Rue Roger Faletto;18100;18279;Vierzon;;;2.085794;47.199689
18279_0710_00048;48;;Rue du Champanet;18100;18279;Vierzon;;;2.061762;47.220303
18279_2795_00094;94;;Rue des Ponts;18100;18279;Vierzon;;;2.066118;47.218248
18279_1128_00066_b;66;b;Avenue Edouard Vaillant;18100;18279;Vierzon;;;2.060567;47.234704
18279_3133_00007;7;;Route de Tours;18100;18279;Vierzon;;;2.040413;47.232166
18279_0890_00011;11;;Rue de la Convention;18100;18279;Vierzon;;;2.101245;47.218395
18279_0415_00002;2;;Rue Bernard Dumont;18100;18279;Vierzon;;;2.072365;47.208464
18279_1710_00017;17;;Rue Guy Môquet;18100;18279;Vierzon;;;2.075233;47.211834
18279_2410_00031_a;31;a;Boulevard de la Nation;18100;18279;Vierzon;;;2.057806;47.214533
18279_1290_00026;26;;Rue Félix Pyat;18100;18279;Vierzon;;;2.081836;47.229421
18279_0568_00008;8;;Chemin du Briou;18100;18279;Vierzon;;;2.085235;47.224866
18279_1980_00005;5;;Rue Jules Guesde;18100;18279;Vierzon;;;2.049681;47.227564
18279_0290_00022;22;;Rue Barbès;18100;18279;Vierzon;;;2.052453;47.234179
18279_3170_00020;20;;Rue de Valmy;18100;18279;Vierzon;;;2.069558;47.218952
18279_1070_00001;1;;Rue des Donneaux;18100;18279;Vierzon;;;2.045732;47.227914
18279_2910_00001_b;1;b;Avenue du 14 Juillet;18100;18279;Vierzon;;;2.064856;47.215859
18279_0980_00022;22;;Rue du Crot à Foulon;18100;18279;Vierzon;;;2.063229;47.230679
18279_2679_00018;18;;Chemin de la Picardière;18100;18279;Vierzon;;;2.12847;47.239562
18279_2485_00038;38;;Rue du 11 Novembre 1918;18100;18279;Vierzon;;;2.062549;47.222077
18279_0720_00022;22;;Rue des Changes;18100;18279;Vierzon;;;2.06954;47.223813
18279_1550_00030;30;;Petit Chemin de la Giraudiere;18100;18279;Vierzon;;;2.029459;47.236764
18279_1220_00005_bis;5;bis;Rue Etienne Dolet;18100;18279;Vierzon;;;2.102427;47.214998
18279_0714_00001;1;;Rue du Champ du Four;18100;18279;Vierzon;;;2.08175;47.233383
18279_0726_00016;16;;Rue Baudelaire;18100;18279;Vierzon;;;2.08442;47.198648
18279_1870_00005;5;;Rue Jean Jacques Rousseau;18100;18279;Vierzon;;;2.070257;47.21882
18279_1535_00035;35;;Rue Georges Fauconnier;18100;18279;Vierzon;;;2.067137;47.238775
18279_1520_00026_bis;26;bis;Rue George Sand;18100;18279;Vierzon;;;2.066765;47.226943
18279_2688_00031;31;;Rue Pierre Brossolette;18100;18279;Vierzon;;;2.076917;47.204135
18279_2180_00004;4;;Rue Marcel Cachin;18100;18279;Vierzon;;;2.089862;47.229393
18279_0310_00034_bis;34;bis;Rue du Bas de Grange;18100;18279;Vierzon;;;2.052596;47.225006
18279_0740_00030;30;;Rue Charles Hurvoy;18100;18279;Vierzon;;;2.065318;47.228527
18279_1270_00032_a;32;a;Petite Rue de Fay;18100;18279;Vierzon;;;2.051175;47.237474
18279_0866_00023;23;;Avenue du Colonel Manhes;18100;18279;Vierzon;;;2.082499;47.223683
18279_2155_00068;68;;Avenue du 8 Mai 1945;18100;18279;Vierzon;;;2.079066;47.229762
18279_0435_00026;26;;Rue de Bitterfeld;18100;18279;Vierzon;;;2.085474;47.202072
18279_3047_01260;1260;;Rue Saint Exupéry;18100;18279;Vierzon;;;2.06737;47.202004
18279_0543_00004;4;;Petite Rue du Bourdoiseau;18100;18279;Vierzon;;;2.064174;47.232281
18279_1450_00021;21;;Rue Gambon;18100;18279;Vierzon;;;2.073563;47.226977
18279_59t98n_00010;10;;Rue Xavier de Maistre;18100;18279;Vierzon;;;2.054627;47.21413
18279_3130_00002;2;;Rue Théodore Roosevelt;18100;18279;Vierzon;;;2.068239;47.223562
18279_1380_00018;18;;Rue des Francs Tireurs;18100;18279;Vierzon;;;2.104885;47.218192
18279_0220_00036;36;;Rue Auber;18100;18279;Vierzon;;;2.081722;47.214099
18279_0170_00053_bis;53;bis;Rue Armand Brunet;18100;18279;Vierzon;;;2.071997;47.221321
18279_0120_00042;42;;Rue André Ribaud;18100;18279;Vierzon;;;2.067771;47.231193
18279_2650_00029;29;;Rue de la Petite Noue;18100;18279;Vierzon;;;2.058917;47.206998
18279_1328_00010;10;;Chemin des Fondereaux;18100;18279;Vierzon;;;2.111272;47.220947
18279_0836_00003;3;;Rue Claude Levi-strauss;18100;18279;Vierzon;;;2.080699;47.233246
18279_2430_00021;21;;Rue Urbain Nègre;18100;18279;Vierzon;;;2.079862;47.2287
18279_2870_00108;108;;Route de Puits Berteau;18100;18279;Vierzon;;;2.072311;47.237266
18279_0215_00021;21;;Passage de l’Aubepine;18100;18279;Vierzon;;;2.047643;47.231891
18279_1470_00046;46;;Rue Gaston Cornavin;18100;18279;Vierzon;;;2.087294;47.229979
18279_2750_00026;26;;Rue des Pillots;18100;18279;Vierzon;;;2.054157;47.213817
18279_2930_00026;26;;Rue Raspail;18100;18279;Vierzon;;;2.080501;47.223058
18279_1290_00016;16;;Rue Félix Pyat;18100;18279;Vierzon;;;2.081333;47.229819
18279_2995_00031;31;;Rue Roland Champenier;18100;18279;Vierzon;;;2.069945;47.238805
18279_0370_00083;83;;Route de Bellon;18100;18279;Vierzon;;;2.077815;47.21162
18279_1255_00025;25;;Rue Evariste Galois;18100;18279;Vierzon;;;2.085388;47.201834
18279_3150_00015;15;;Place Vaillant Couturier;18100;18279;Vierzon;;;2.070424;47.223174
18279_2406_00002;2;;Impasse Mozart;18100;18279;Vierzon;;;2.078463;47.231677
18279_1690_00040;40;;Route de Guérigny;18100;18279;Vierzon;;;2.140096;47.215901
18279_2910_00002;2;;Avenue du 14 Juillet;18100;18279;Vierzon;;;2.065129;47.215976
18279_0890_00040;40;;Rue de la Convention;18100;18279;Vierzon;;;2.1035;47.219623
18279_2300_00010;10;;Rue Michelet;18100;18279;Vierzon;;;2.073428;47.217792
18279_0942_00002_bis;2;bis;Impasse de la Craillo;18100;18279;Vierzon;;;2.068789;47.237365
18279_1229_00008_b;8;b;Impasse Etienne Marcel;18100;18279;Vierzon;;;2.101374;47.217762
18279_1838_00010;10;;impasse jean-baptiste clément;18100;18279;Vierzon;;;2.075263;47.231395
18279_2610_00025;25;;Chemin des Pelles;18100;18279;Vierzon;;;2.042845;47.22346
18279_0290_00054;54;;Rue Barbès;18100;18279;Vierzon;;;2.05623;47.235735
18279_0140_00011_bis;11;bis;Rue Antonin Lerault;18100;18279;Vierzon;;;2.066807;47.215599
18279_3091_00005;5;;Chemin des Tailles;18100;18279;Vierzon;;;2.057592;47.238037
18279_3073_00030;30;;Rue de la Société Française;18100;18279;Vierzon;;;2.056041;47.226644
18279_3210_00037;37;;Rue Victor Hugo;18100;18279;Vierzon;;;2.066062;47.223358
18279_2870_00086;86;;Route de Puits Berteau;18100;18279;Vierzon;;;2.074607;47.236797
18279_2776_00003;3;;Rue du Plessis;18100;18279;Vierzon;;;2.091357;47.22913
18279_1870_00010;10;;Rue Jean Jacques Rousseau;18100;18279;Vierzon;;;2.072889;47.218591
18279_0710_00001;1;;Rue du Champanet;18100;18279;Vierzon;;;2.065139;47.220323
18279_1450_00007;7;;Rue Gambon;18100;18279;Vierzon;;;2.072562;47.227032
18279_1170_00025_b;25;b;Rue des Epinettes;18100;18279;Vierzon;;;2.070132;47.226597
18279_2412_00004;4;;Impasse de la Nation;18100;18279;Vierzon;;;2.058691;47.214754
18279_2390_00054;54;;Rue du Mouton;18100;18279;Vierzon;;;2.086044;47.230431
18279_1155_00019;19;;Rue Emile Desforges;18100;18279;Vierzon;;;2.082885;47.227419
18279_2648_00022;22;;Chemin de la Petite Noue;18100;18279;Vierzon;;;2.063534;47.204137
18279_2330_00009_c;9;c;Rue Mirabeau;18100;18279;Vierzon;;;2.055928;47.212318
18279_2080_00022;22;;Route de la Loeuf;18100;18279;Vierzon;;;2.043842;47.215179
18279_b304_00051_a;51;a;Village au Piquet;18100;18279;Vierzon;;;2.122165;47.221148
18279_2501_00025;25;;Rue Pablo Casals;18100;18279;Vierzon;;;2.082325;47.200612
18279_2058_00066;66;;Rue Léo Mérigot;18100;18279;Vierzon;;;2.052964;47.227415
18279_3210_00063_b;63;b;Rue Victor Hugo;18100;18279;Vierzon;;;2.064672;47.224038
18279_1120_00018;18;;Rue Edouard Branly;18100;18279;Vierzon;;;2.10464;47.217611
18279_2058_00018;18;;Rue Léo Mérigot;18100;18279;Vierzon;;;2.050576;47.229745
18279_2816_00007;7;;Passage du Pré d'Anet;18100;18279;Vierzon;;;2.074124;47.219889
18279_0712_00016;16;;Rue du Champ Commun;18100;18279;Vierzon;;;2.068301;47.219616
18279_0110_00032;32;;Rue André Hènault;18100;18279;Vierzon;;;2.06075;47.215385
18279_1280_00043_b;43;b;Rue de Fay;18100;18279;Vierzon;;;2.04977;47.238021
18279_2714_00018;18;;Allée Pierre de Coubertin;18100;18279;Vierzon;;;2.076394;47.209031
18279_1500_00029;29;;Rue Gay Lussac;18100;18279;Vierzon;;;2.079803;47.225654
18279_1115_00008;8;;Rue Edmond Rostand;18100;18279;Vierzon;;;2.076468;47.200547
18279_0042_00022;22;;Chemin des Ajoncs;18100;18279;Vierzon;;;2.080946;47.238951
18279_2795_00068;68;;Rue des Ponts;18100;18279;Vierzon;;;2.066374;47.218694
18279_2850_00002_bis;2;bis;Rue Proudhon;18100;18279;Vierzon;;;2.049164;47.230706
18279_3055_00027;27;;Chemin de Saint Priest;18100;18279;Vierzon;;;2.033873;47.234509
18279_0095_00020;20;;Rue André Gide;18100;18279;Vierzon;;;2.095981;47.223375
18279_2030_00024;24;;Rue Lavoisier;18100;18279;Vierzon;;;2.068103;47.227605
18279_2870_00029;29;;Route de Puits Berteau;18100;18279;Vierzon;;;2.077436;47.2351
18279_1712_00018;18;;Hameau de la Dumonerie;18100;18279;Vierzon;;;2.09582;47.219909
18279_2795_00081;81;;Rue des Ponts;18100;18279;Vierzon;;;2.065268;47.216669
18279_2430_00017;17;;Rue Urbain Nègre;18100;18279;Vierzon;;;2.080211;47.22834
18279_1693_00008;8;;Allee Guillaume Apollinaire;18100;18279;Vierzon;;;2.085259;47.220666
18279_1500_00006;6;;Rue Gay Lussac;18100;18279;Vierzon;;;2.076721;47.223838
18279_2008_00008;8;;Impasse Karl Marx;18100;18279;Vierzon;;;2.049692;47.229089
18279_0415_00032;32;;Rue Bernard Dumont;18100;18279;Vierzon;;;2.070547;47.20622
18279_3047_00047;47;;Rue Saint Exupéry;18100;18279;Vierzon;;;2.06795;47.203378
18279_1230_00042;42;;Rue Etienne Marcel;18100;18279;Vierzon;;;2.098013;47.21775
18279_1526_00008;8;;Square Georges Brassens;18100;18279;Vierzon;;;2.077673;47.201869
18279_0053_00010;10;;Rue Alfred Nobel;18100;18279;Vierzon;;;2.076375;47.201227
18279_2264_00019;19;;Res Mermoz Nord;18100;18279;Vierzon;;;2.063865;47.204777
18279_1605_00032;32;;Chemin des Gdes Noues Fontaines;18100;18279;Vierzon;;;2.043039;47.208392
18279_0270_00007;7;;Rue Babeuf;18100;18279;Vierzon;;;2.046688;47.233934
18279_2610_00024;24;;Chemin des Pelles;18100;18279;Vierzon;;;2.043387;47.223554
18279_3137_00007;7;;Rue du Travail;18100;18279;Vierzon;;;2.042581;47.232521
18279_3202_00032;32;;Avenue de Verdun;18100;18279;Vierzon;;;2.073566;47.225406
18279_0691_00009;9;;Passage du Chambon;18100;18279;Vierzon;;;2.054958;47.222891
18279_0308_00016;16;;Place du Bas de Grange;18100;18279;Vierzon;;;2.04823;47.224834
18279_0543_00002;2;;Petite Rue du Bourdoiseau;18100;18279;Vierzon;;;2.064316;47.232272
18279_a255_00008;8;;Residence d’Hery;18100;18279;Vierzon;;;2.074672;47.20874
18279_2330_00043;43;;Rue Mirabeau;18100;18279;Vierzon;;;2.053432;47.210512
18279_a255_00007;7;;Residence d’Hery;18100;18279;Vierzon;;;2.074624;47.208658
18279_0482_00026_d;26;d;Rue du Bois d'Yèvre;18100;18279;Vierzon;;;2.069612;47.217595
18279_2270_00008;8;;Rue Meunier;18100;18279;Vierzon;;;2.045529;47.229938
18279_2650_00014;14;;Rue de la Petite Noue;18100;18279;Vierzon;;;2.058757;47.207144
18279_2190_00039_b;39;b;Rue Marcel Perrin;18100;18279;Vierzon;;;2.071084;47.226287
18279_2608_00010;10;;Chemin des Peages;18100;18279;Vierzon;;;2.032968;47.22579
18279_2910_00042;42;;Avenue du 14 Juillet;18100;18279;Vierzon;;;2.064262;47.213696
18279_2795_00046;46;;Rue des Ponts;18100;18279;Vierzon;;;2.066686;47.219212
18279_0160_00035;35;;Rue Armand Bazile;18100;18279;Vierzon;;;2.073381;47.217048
18279_0844_00007;7;;Impasse du Clos Chabot;18100;18279;Vierzon;;;2.080004;47.229177
18279_2720_00011;11;;Rue Pierre Dupont;18100;18279;Vierzon;;;2.047153;47.235004
18279_1230_00019_bis;19;bis;Rue Etienne Marcel;18100;18279;Vierzon;;;2.096641;47.218076
18279_1230_00119_ter;119;ter;Rue Etienne Marcel;18100;18279;Vierzon;;;2.106556;47.215904
18279_1170_00006;6;;Rue des Epinettes;18100;18279;Vierzon;;;2.067629;47.223754
18279_1538_00026;26;;Rue Georges Rousseau;18100;18279;Vierzon;;;2.058048;47.211904
18279_1055_00021;21;;Avenue du 19 Mars 1962;18100;18279;Vierzon;;;2.091111;47.239386
18279_3280_00014;14;;Rue de Villeneuve;18100;18279;Vierzon;;;2.072068;47.212857
18279_2950_01005;1005;;Avenue de la République;18100;18279;Vierzon;;;2.067073;47.22252
18279_1128_00111_bis;111;bis;Avenue Edouard Vaillant;18100;18279;Vierzon;;;2.061806;47.238587
18279_2080_00012;12;;Route de la Loeuf;18100;18279;Vierzon;;;2.045995;47.21488
18279_1250_00118;118;;Rue Eugène Pottier;18100;18279;Vierzon;;;2.098116;47.225827
18279_1290_00064;64;;Rue Félix Pyat;18100;18279;Vierzon;;;2.084643;47.227676
18279_2510_00080;80;;Rue de la Paix;18100;18279;Vierzon;;;2.054166;47.216467
18279_1250_00036_d;36;d;Rue Eugène Pottier;18100;18279;Vierzon;;;2.100539;47.219652
18279_2472_00015;15;;Route des Noues;18100;18279;Vierzon;;;2.046707;47.210327
18279_1060_00040;40;;Rue du Docteur Lobligeois;18100;18279;Vierzon;;;2.055517;47.217357
18279_0310_00052;52;;Rue du Bas de Grange;18100;18279;Vierzon;;;2.050087;47.22531
18279_1713_00007;7;;Rue Hector Berlioz;18100;18279;Vierzon;;;2.082839;47.226857
18279_1240_00024;24;;Rue Etienne Nivet;18100;18279;Vierzon;;;2.07968;47.221534
18279_0600_00030;30;;Petite Rue du Camp;18100;18279;Vierzon;;;2.065462;47.206963
18279_0080_00044;44;;Rue Anatole France;18100;18279;Vierzon;;;2.056742;47.221623
18279_0542_00064;64;;Rue du Bourdoiseau;18100;18279;Vierzon;;;2.062054;47.235168
18279_0440_00014;14;;Rue Blaise Pascal;18100;18279;Vierzon;;;2.07535;47.216207
18279_0890_00138;138;;Rue de la Convention;18100;18279;Vierzon;;;2.110132;47.226353
18279_3118_00010;10;;Chemin du Terrichon;18100;18279;Vierzon;;;2.034337;47.217301
18279_2795_00084;84;;Rue des Ponts;18100;18279;Vierzon;;;2.066196;47.218382
18279_1155_00048;48;;Rue Emile Desforges;18100;18279;Vierzon;;;2.085436;47.229111
18279_0845_00014_a;14;a;Impasse du Clos du Roy;18100;18279;Vierzon;;;2.074447;47.221832
18279_1990_00056;56;;Rue Jules Louis Breton;18100;18279;Vierzon;;;2.080954;47.220412
18279_1535_00019;19;;Rue Georges Fauconnier;18100;18279;Vierzon;;;2.069678;47.239234
18279_1250_00107;107;;Rue Eugène Pottier;18100;18279;Vierzon;;;2.097656;47.22694
18279_0710_00013;13;;Rue du Champanet;18100;18279;Vierzon;;;2.063126;47.220192
18279_3210_00063_a;63;a;Rue Victor Hugo;18100;18279;Vierzon;;;2.064668;47.224007
18279_2000_00011;11;;Rue Jules Vallès;18100;18279;Vierzon;;;2.064994;47.219345
18279_3133_00039;39;;Route de Tours;18100;18279;Vierzon;;;2.037053;47.234209
18279_0542_00040;40;;Rue du Bourdoiseau;18100;18279;Vierzon;;;2.062756;47.233311
18279_1810_00001;1;;Rue de l'Ile du Cher;18100;18279;Vierzon;;;2.065153;47.216787
18279_0290_00069;69;;Rue Barbès;18100;18279;Vierzon;;;2.056156;47.235833
18279_0600_00050;50;;Petite Rue du Camp;18100;18279;Vierzon;;;2.062943;47.207306
18279_2560_00024_d;24;d;Rue Pasteur;18100;18279;Vierzon;;;2.085935;47.219929
18279_2155_00037;37;;Avenue du 8 Mai 1945;18100;18279;Vierzon;;;2.078431;47.229419
18279_0075_00031;31;;Rue Ambroise Croizat;18100;18279;Vierzon;;;2.068789;47.236005
18279_0740_00011_bis;11;bis;Rue Charles Hurvoy;18100;18279;Vierzon;;;2.069849;47.227606
18279_3207_00001;1;;Rue du Vert Pommier;18100;18279;Vierzon;;;2.067324;47.223586
18279_2594_00002;2;;Rue Paul Valery;18100;18279;Vierzon;;;2.067637;47.209708
18279_1230_00134;134;;Rue Etienne Marcel;18100;18279;Vierzon;;;2.105256;47.215642
18279_1560_00002_bis;2;bis;Rue Gourdon;18100;18279;Vierzon;;;2.068307;47.2242
18279_0800_00065;65;;Quai du Cher;18100;18279;Vierzon;;;2.058837;47.217559
18279_2688_00001;1;;Rue Pierre Brossolette;18100;18279;Vierzon;;;2.077437;47.20494
18279_0170_00030_bis;30;bis;Rue Armand Brunet;18100;18279;Vierzon;;;2.07001;47.221792
18279_2100_00028_a;28;a;Rue des Longueraies;18100;18279;Vierzon;;;2.05804;47.232402
18279_0085_00027;27;;Imp Ancienne Cite de la Verrerie;18100;18279;Vierzon;;;2.100255;47.210228
18279_1070_00023;23;;Rue des Donneaux;18100;18279;Vierzon;;;2.044794;47.226103
18279_1730_00008;8;;Avenue Henri Brisson;18100;18279;Vierzon;;;2.061684;47.225402
18279_0866_00002_bis;2;bis;Avenue du Colonel Manhes;18100;18279;Vierzon;;;2.075334;47.224579
18279_0710_00036;36;;Rue du Champanet;18100;18279;Vierzon;;;2.062571;47.220597
18279_2190_00019;19;;Rue Marcel Perrin;18100;18279;Vierzon;;;2.071057;47.225094
18279_0542_00009;9;;Rue du Bourdoiseau;18100;18279;Vierzon;;;2.063505;47.231257
18279_3133_00012;12;;Route de Tours;18100;18279;Vierzon;;;2.039531;47.23289
18279_0650_00004;4;;Rue du Cavalier;18100;18279;Vierzon;;;2.061975;47.227039
18279_0500_00001_b;1;b;Rue Boitard;18100;18279;Vierzon;;;2.068936;47.215154
18279_3133_00036;36;;Route de Tours;18100;18279;Vierzon;;;2.0375;47.234142
18279_2770_00047;47;;Rue de la Plaisance;18100;18279;Vierzon;;;2.094104;47.221221
18279_2260_00053;53;;Route de Méreau;18100;18279;Vierzon;;;2.060845;47.2054
18279_3091_00016;16;;Chemin des Tailles;18100;18279;Vierzon;;;2.058118;47.238927
18279_2220_00001;1;;Rue du Maréchal Joffre;18100;18279;Vierzon;;;2.068224;47.223235
18279_0866_00044_b;44;b;Avenue du Colonel Manhes;18100;18279;Vierzon;;;2.081716;47.223308
18279_0600_00003;3;;Petite Rue du Camp;18100;18279;Vierzon;;;2.067927;47.206495
18279_0085_00011;11;;Imp Ancienne Cite de la Verrerie;18100;18279;Vierzon;;;2.100698;47.210404
18279_0120_00077;77;;Rue André Ribaud;18100;18279;Vierzon;;;2.069837;47.233427
18279_3141_00004;4;;Chemin de la Trietterie;18100;18279;Vierzon;;;2.095418;47.242519
18279_1380_00004;4;;Rue des Francs Tireurs;18100;18279;Vierzon;;;2.105202;47.217307
18279_2720_00002_bis;2;bis;Rue Pierre Dupont;18100;18279;Vierzon;;;2.047407;47.234765
18279_1930_00022_a;22;a;Rue de Jérusalem;18100;18279;Vierzon;;;2.066066;47.217721
18279_0082_00048;48;;Petite Rue Anatole France;18100;18279;Vierzon;;;2.049134;47.222581
18279_1255_00039;39;;Rue Evariste Galois;18100;18279;Vierzon;;;2.084356;47.201175
18279_3133_00083_b;83;b;Route de Tours;18100;18279;Vierzon;;;2.031915;47.237263
18279_1870_00038;38;;Rue Jean Jacques Rousseau;18100;18279;Vierzon;;;2.075635;47.218097
18279_0290_00056;56;;Rue Barbès;18100;18279;Vierzon;;;2.056393;47.235862
18279_2410_00016;16;;Boulevard de la Nation;18100;18279;Vierzon;;;2.0597;47.215769
18279_2188_00008;8;;Rue Marcel Pagnol;18100;18279;Vierzon;;;2.077012;47.21104
18279_2910_00029_bis;29;bis;Avenue du 14 Juillet;18100;18279;Vierzon;;;2.064242;47.214122
18279_0120_00099;99;;Rue André Ribaud;18100;18279;Vierzon;;;2.071858;47.234583
18279_0110_00012;12;;Rue André Hènault;18100;18279;Vierzon;;;2.063166;47.2155
18279_2735_00019;19;;Rue Pierre Ferdonnet;18100;18279;Vierzon;;;2.090566;47.226849
18279_3073_00041;41;;Rue de la Société Française;18100;18279;Vierzon;;;2.057449;47.225996
18279_1834_00011;11;;Rue Jacques Richard;18100;18279;Vierzon;;;2.080444;47.200209
18279_2795_00072_c;72;c;Rue des Ponts;18100;18279;Vierzon;;;2.066616;47.218516
18279_1128_00023_c;23;c;Avenue Edouard Vaillant;18100;18279;Vierzon;;;2.061189;47.230895
18279_0140_00013_b;13;b;Rue Antonin Lerault;18100;18279;Vierzon;;;2.067586;47.215412
18279_0080_00018;18;;Rue Anatole France;18100;18279;Vierzon;;;2.058969;47.221142
18279_1120_00036;36;;Rue Edouard Branly;18100;18279;Vierzon;;;2.104333;47.218961
18279_2735_00015;15;;Rue Pierre Ferdonnet;18100;18279;Vierzon;;;2.090611;47.227214
18279_2583_00021;21;;Rue Paul Eluard;18100;18279;Vierzon;;;2.084869;47.200853
18279_2945_00006;6;;Rue de Rendsburg;18100;18279;Vierzon;;;2.086391;47.200957
18279_1230_00126;126;;Rue Etienne Marcel;18100;18279;Vierzon;;;2.104396;47.215932
18279_1832_00031;31;;Square Jacques Duclos;18100;18279;Vierzon;;;2.087572;47.20132
18279_1158_00001;1;;Rue du Square Emile Peraudin;18100;18279;Vierzon;;;2.064013;47.223787
18279_0400_00009;9;;Rue des Berlurettes;18100;18279;Vierzon;;;2.06226;47.235834
18279_0275_00004_a;4;a;Rue Bara;18100;18279;Vierzon;;;2.045481;47.231338
18279_0417_00025;25;;Rue Berty Albrecht;18100;18279;Vierzon;;;2.055883;47.2101
18279_2685_00007;7;;Avenue Pierre Billes;18100;18279;Vierzon;;;2.112498;47.202283
18279_1895_00003;3;;Rue Jean Moulin;18100;18279;Vierzon;;;2.063316;47.233906
18279_3076_00011;11;;Route des Souchènes;18100;18279;Vierzon;;;2.034422;47.213624
18279_2270_00011;11;;Rue Meunier;18100;18279;Vierzon;;;2.04529;47.229721
18279_0290_00055;55;;Rue Barbès;18100;18279;Vierzon;;;2.055101;47.235407
18279_2155_00016;16;;Avenue du 8 Mai 1945;18100;18279;Vierzon;;;2.076514;47.227657
18279_1840_00025;25;;Rue Jean-baptiste Clément;18100;18279;Vierzon;;;2.071144;47.229238
18279_0435_00047;47;;Rue de Bitterfeld;18100;18279;Vierzon;;;2.086288;47.201931
18279_1760_00010;10;;Rue d'Héry;18100;18279;Vierzon;;;2.069963;47.213396
18279_2070_00029;29;;Boulevard de la Liberté;18100;18279;Vierzon;;;2.065389;47.227154
18279_2795_00066_a;66;a;Rue des Ponts;18100;18279;Vierzon;;;2.0664;47.218729
18279_1630_00003;3;;Impasse du Grelet;18100;18279;Vierzon;;;2.050105;47.231007
18279_0482_00026;26;;Rue du Bois d'Yèvre;18100;18279;Vierzon;;;2.069488;47.217445
18279_1538_00007;7;;Rue Georges Rousseau;18100;18279;Vierzon;;;2.057426;47.213432
18279_0942_00022;22;;Impasse de la Craillo;18100;18279;Vierzon;;;2.067572;47.236969
18279_3280_00022;22;;Rue de Villeneuve;18100;18279;Vierzon;;;2.071675;47.212232
18279_2025_00098;98;;avenue maréchal jean de lattre de tassigny;18100;18279;Vierzon;;;2.077149;47.202511
18279_2190_00042;42;;Rue Marcel Perrin;18100;18279;Vierzon;;;2.071032;47.225818
18279_1950_00022;22;;Avenue du Jonc;18100;18279;Vierzon;;;2.0673;47.209909
18279_2260_00032;32;;Route de Méreau;18100;18279;Vierzon;;;2.061618;47.207631
18279_0080_00012;12;;Rue Anatole France;18100;18279;Vierzon;;;2.059504;47.221028
18279_1980_00028_d;28;d;Rue Jules Guesde;18100;18279;Vierzon;;;2.046417;47.227808
18279_2211_00001;1;;rue du maréchal foch;18100;18279;Vierzon;;;2.067465;47.222451
18279_a070_00021;21;;Residence des Bruyeres;18100;18279;Vierzon;;;2.065275;47.205677
18279_1070_00025;25;;Rue des Donneaux;18100;18279;Vierzon;;;2.044752;47.225927
18279_1520_00011_bis;11;bis;Rue George Sand;18100;18279;Vierzon;;;2.067189;47.22587
18279_3133_00053;53;;Route de Tours;18100;18279;Vierzon;;;2.036048;47.234808
18279_2500_00029;29;;Rue des Ormes;18100;18279;Vierzon;;;2.078697;47.23275
18279_3048_00002;2;;Route de Saint Laurent;18100;18279;Vierzon;;;2.11597;47.216153
18279_0942_00004;4;;Impasse de la Craillo;18100;18279;Vierzon;;;2.068341;47.237062
18279_1720_00022_a;22;a;Rue Henri Barbusse;18100;18279;Vierzon;;;2.064206;47.230416
18279_2188_00029;29;;Rue Marcel Pagnol;18100;18279;Vierzon;;;2.076184;47.209483
18279_0082_00035;35;;Petite Rue Anatole France;18100;18279;Vierzon;;;2.049029;47.222511
18279_le1ny7_00004;4;;Rue Jeanne Labourbe;18100;18279;Vierzon;;;2.059487;47.231229
18279_1840_00048;48;;Rue Jean-baptiste Clément;18100;18279;Vierzon;;;2.071486;47.230332
18279_0435_00034;34;;Rue de Bitterfeld;18100;18279;Vierzon;;;2.086113;47.201766
18279_0890_00183;183;;Rue de la Convention;18100;18279;Vierzon;;;2.110118;47.228092
18279_0951_00020;20;;Chemin des Grandes Crêles;18100;18279;Vierzon;;;2.070337;47.204023
18279_2870_00176;176;;Route de Puits Berteau;18100;18279;Vierzon;;;2.063767;47.239441
18279_0160_00014;14;;Rue Armand Bazile;18100;18279;Vierzon;;;2.071556;47.217613
18279_1990_00007;7;;Rue Jules Louis Breton;18100;18279;Vierzon;;;2.074817;47.221129
18279_0650_00004_b;4;b;Rue du Cavalier;18100;18279;Vierzon;;;2.062512;47.226847
18279_3290_00003;3;;Passage Voltaire;18100;18279;Vierzon;;;2.068127;47.221378
18279_3133_00092;92;;Route de Tours;18100;18279;Vierzon;;;2.027637;47.23877
18279_1877_00002;2;;Avenue Jean Jaurès;18100;18279;Vierzon;;;2.049162;47.230334
18279_0740_00033;33;;Rue Charles Hurvoy;18100;18279;Vierzon;;;2.068106;47.227752
18279_0740_00019;19;;Rue Charles Hurvoy;18100;18279;Vierzon;;;2.069084;47.227524
18279_2630_00027;27;;Rue du Péry;18100;18279;Vierzon;;;2.08511;47.225137
18279_0420_00021;21;;Rue de la Bidauderie;18100;18279;Vierzon;;;2.079976;47.235061
18279_2770_00045;45;;Rue de la Plaisance;18100;18279;Vierzon;;;2.093928;47.221289
18279_2990_00015;15;;Rue Robespierre;18100;18279;Vierzon;;;2.096362;47.219521
18279_1990_00037_a;37;a;Rue Jules Louis Breton;18100;18279;Vierzon;;;2.078842;47.220714
18279_1700_00058;58;;Rue Gustave Flourens;18100;18279;Vierzon;;;2.053473;47.231808
18279_1128_00005;5;;Avenue Edouard Vaillant;18100;18279;Vierzon;;;2.061233;47.229711
18279_3130_00003;3;;Rue Théodore Roosevelt;18100;18279;Vierzon;;;2.0683;47.223474
18279_0080_00088_c;88;c;Rue Anatole France;18100;18279;Vierzon;;;2.052879;47.223094
18279_3060_00025;25;;Rue du Sergent Bobillot;18100;18279;Vierzon;;;2.046874;47.227828
18279_0835_00003;3;;Rue Claude Chevalier;18100;18279;Vierzon;;;2.062809;47.222404
18279_1700_00001;1;;Rue Gustave Flourens;18100;18279;Vierzon;;;2.058134;47.230451
18279_1150_00047;47;;Rue Emile Bouleau;18100;18279;Vierzon;;;2.067656;47.217318
18279_1370_00015;15;;Rue Fourier;18100;18279;Vierzon;;;2.059709;47.230187
18279_1700_00056;56;;Rue Gustave Flourens;18100;18279;Vierzon;;;2.053632;47.23174
18279_2260_00027;27;;Route de Méreau;18100;18279;Vierzon;;;2.061857;47.207875
18279_2330_00001;1;;Rue Mirabeau;18100;18279;Vierzon;;;2.056733;47.213423
18279_0160_00013;13;;Rue Armand Bazile;18100;18279;Vierzon;;;2.071302;47.217622
18279_2500_00012;12;;Rue des Ormes;18100;18279;Vierzon;;;2.076503;47.232127
18279_1210_00011;11;;Rue Etienne Desroches;18100;18279;Vierzon;;;2.100794;47.221347
18279_1320_00024;24;;Route de Foëcy;18100;18279;Vierzon;;;2.102581;47.209351
18279_0170_00063;63;;Rue Armand Brunet;18100;18279;Vierzon;;;2.072675;47.221248
18279_1210_00013;13;;Rue Etienne Desroches;18100;18279;Vierzon;;;2.100961;47.221223
18279_0075_00009;9;;Rue Ambroise Croizat;18100;18279;Vierzon;;;2.069749;47.235371
18279_1020_00018;18;;Rue Descartes;18100;18279;Vierzon;;;2.080363;47.216219
18279_2830_00062;62;;Rue du President Wilson;18100;18279;Vierzon;;;2.053691;47.216612
18279_0054_00003;3;;Rue Albert Schweitzer;18100;18279;Vierzon;;;2.096478;47.224659
18279_3084_00025;25;;Chemin du Stade Constant Duval;18100;18279;Vierzon;;;2.056026;47.241429
18279_3047_00051;51;;Rue Saint Exupéry;18100;18279;Vierzon;;;2.067887;47.203172
18279_0160_00075_bis;75;bis;Rue Armand Bazile;18100;18279;Vierzon;;;2.076998;47.216045
18279_3290_00011;11;;Passage Voltaire;18100;18279;Vierzon;;;2.067689;47.221344
18279_2770_00010;10;;Rue de la Plaisance;18100;18279;Vierzon;;;2.091508;47.219837
18279_0400_00020;20;;Rue des Berlurettes;18100;18279;Vierzon;;;2.06391;47.236279
18279_0290_00044_b;44;b;Rue Barbès;18100;18279;Vierzon;;;2.055954;47.235261
18279_1072_00011_a;11;a;Petite Rue des Donneaux;18100;18279;Vierzon;;;2.04631;47.22655
18279_2005_00004;4;;Rue Julian Grimau;18100;18279;Vierzon;;;2.085984;47.201183
18279_1290_00036;36;;Rue Félix Pyat;18100;18279;Vierzon;;;2.082779;47.228669
18279_2055_00023;23;;Rue Lénine;18100;18279;Vierzon;;;2.063424;47.23339
18279_0497_00044;44;;Chemin de Bois Marteau;18100;18279;Vierzon;;;2.052267;47.242625
18279_1170_01255;1255;;Rue des Epinettes;18100;18279;Vierzon;;;2.069273;47.225539
18279_1790_00005;5;;Rue de l'Hospice;18100;18279;Vierzon;;;2.052217;47.226669
18279_0817_00012;12;;Chemin du Chevry;18100;18279;Vierzon;;;2.117436;47.215273
18279_0745_00003;3;;Chemin de Charnay;18100;18279;Vierzon;;;2.029299;47.239437
18279_3060_00008;8;;Rue du Sergent Bobillot;18100;18279;Vierzon;;;2.04822;47.229234
18279_0370_00052;52;;Route de Bellon;18100;18279;Vierzon;;;2.075833;47.212788
18279_b215_00006;6;;Petit Chemin de Bois Marteau;18100;18279;Vierzon;;;2.057075;47.238535
18279_0370_00098_c;98;c;Route de Bellon;18100;18279;Vierzon;;;2.07837;47.207751
18279_2990_00036;36;;Rue Robespierre;18100;18279;Vierzon;;;2.098623;47.220944
18279_1990_00019;19;;Rue Jules Louis Breton;18100;18279;Vierzon;;;2.076652;47.221025
18279_66j5mf_00025_ter;25;ter;Chemin des Noues;18100;18279;Vierzon;;;2.044477;47.210905
18279_1526_00014;14;;Square Georges Brassens;18100;18279;Vierzon;;;2.077127;47.20176
18279_0512_00010_bis;10;bis;Route de Bonègue;18100;18279;Vierzon;;;2.072203;47.238333
18279_3045_00015_bis;15;bis;Chemin Ruisseau des Rechignardes;18100;18279;Vierzon;;;2.077769;47.231784
18279_1605_00018;18;;Chemin des Gdes Noues Fontaines;18100;18279;Vierzon;;;2.045174;47.208242
18279_2360_00011;11;;Rue de la Monnaie;18100;18279;Vierzon;;;2.070348;47.222721
18279_0545_00006;6;;Route de Bourges;18100;18279;Vierzon;;;2.109382;47.215191
18279_2125_00008;8;;Rue Louise Michel;18100;18279;Vierzon;;;2.070833;47.235234
18279_1536_00068;68;;Rue Georges Politzer;18100;18279;Vierzon;;;2.080347;47.203211
18279_1480_00050;50;;Rue de la Gaucherie;18100;18279;Vierzon;;;2.063862;47.223408
18279_1775_00018_a;18;a;Rue des Hortensias;18100;18279;Vierzon;;;2.053347;47.233297
18279_0110_00041_bis;41;bis;Rue André Hènault;18100;18279;Vierzon;;;2.06077;47.215716
18279_2583_00012;12;;Rue Paul Eluard;18100;18279;Vierzon;;;2.083886;47.20107
18279_2720_00005;5;;Rue Pierre Dupont;18100;18279;Vierzon;;;2.047485;47.234817
18279_3055_00017;17;;Chemin de Saint Priest;18100;18279;Vierzon;;;2.034058;47.230452
18279_0225_00001;1;;Allée Auguste Rodin;18100;18279;Vierzon;;;2.080736;47.232668
18279_0435_00014;14;;Rue de Bitterfeld;18100;18279;Vierzon;;;2.084529;47.20267
18279_3076_00005;5;;Route des Souchènes;18100;18279;Vierzon;;;2.037084;47.213433
18279_1841_00076_b;76;b;square jean-baptiste clément;18100;18279;Vierzon;;;2.074607;47.23224
18279_2714_00015;15;;Allée Pierre de Coubertin;18100;18279;Vierzon;;;2.076648;47.209072
18279_2025_00060;60;;avenue maréchal jean de lattre de tassigny;18100;18279;Vierzon;;;2.069344;47.206291
18279_1128_00067;67;;Avenue Edouard Vaillant;18100;18279;Vierzon;;;2.061059;47.234199
18279_2870_00093;93;;Route de Puits Berteau;18100;18279;Vierzon;;;2.072162;47.237168
18279_2080_00039;39;;Route de la Loeuf;18100;18279;Vierzon;;;2.038264;47.216472
18279_0500_00001_a;1;a;Rue Boitard;18100;18279;Vierzon;;;2.069646;47.214915
18279_1720_00092;92;;Rue Henri Barbusse;18100;18279;Vierzon;;;2.065884;47.238158
18279_1405_00011;11;;Rue Gagarine;18100;18279;Vierzon;;;2.08043;47.225326
18279_0420_00029_a;29;a;Rue de la Bidauderie;18100;18279;Vierzon;;;2.08107;47.23592
18279_2980_00005;5;;Rue Riparia;18100;18279;Vierzon;;;2.060428;47.214813
18279_2870_00056;56;;Route de Puits Berteau;18100;18279;Vierzon;;;2.077405;47.235939
18279_0120_00019;19;;Rue André Ribaud;18100;18279;Vierzon;;;2.066448;47.230303
18279_0400_00014;14;;Rue des Berlurettes;18100;18279;Vierzon;;;2.063329;47.236008
18279_p07zqe_00057;57;;Chemin du Pre d’Anet;18100;18279;Vierzon;;;2.080366;47.218633
18279_1150_00044;44;;Rue Emile Bouleau;18100;18279;Vierzon;;;2.067903;47.217723
18279_0310_00067_b;67;b;Rue du Bas de Grange;18100;18279;Vierzon;;;2.052401;47.22492
18279_2560_00056;56;;Rue Pasteur;18100;18279;Vierzon;;;2.089494;47.219331
18279_0080_00039;39;;Rue Anatole France;18100;18279;Vierzon;;;2.057691;47.221338
18279_2720_00039_bis;39;bis;Rue Pierre Dupont;18100;18279;Vierzon;;;2.044519;47.236755
18279_1560_00046_a;46;a;Rue Gourdon;18100;18279;Vierzon;;;2.063175;47.224599
18279_2290_00019;19;;Rue des Meunières;18100;18279;Vierzon;;;2.055962;47.234531
18279_1549_00026;26;;Chemin de la Giraudiere;18100;18279;Vierzon;;;2.028526;47.236547
18279_1065_00010;10;;Cour des Donneaux;18100;18279;Vierzon;;;2.044305;47.227529
18279_1170_00036;36;;Rue des Epinettes;18100;18279;Vierzon;;;2.0697;47.226505
18279_0420_00054_b;54;b;Rue de la Bidauderie;18100;18279;Vierzon;;;2.083374;47.236786
18279_0080_00103_bis;103;bis;Rue Anatole France;18100;18279;Vierzon;;;2.050311;47.222531
18279_2776_00008_b;8;b;Rue du Plessis;18100;18279;Vierzon;;;2.093123;47.229943
18279_0435_00050;50;;Rue de Bitterfeld;18100;18279;Vierzon;;;2.08768;47.200753
18279_1990_00026;26;;Rue Jules Louis Breton;18100;18279;Vierzon;;;2.076315;47.221165
18279_1877_00020;20;;Avenue Jean Jaurès;18100;18279;Vierzon;;;2.047601;47.23052
18279_1280_00043_a;43;a;Rue de Fay;18100;18279;Vierzon;;;2.049891;47.237904
18279_1490_00011;11;;Chemin des Gaudrets;18100;18279;Vierzon;;;2.088766;47.221514
18279_1128_00057_d;57;d;Avenue Edouard Vaillant;18100;18279;Vierzon;;;2.061076;47.233612
18279_0370_00069;69;;Route de Bellon;18100;18279;Vierzon;;;2.076688;47.212621
18279_0542_00025;25;;Rue du Bourdoiseau;18100;18279;Vierzon;;;2.062818;47.23266
18279_0082_00034;34;;Petite Rue Anatole France;18100;18279;Vierzon;;;2.048572;47.221564
18279_0890_00070_bis;70;bis;Rue de la Convention;18100;18279;Vierzon;;;2.107198;47.220584
18279_3202_00004;4;;Avenue de Verdun;18100;18279;Vierzon;;;2.071842;47.224133
18279_2330_00070;70;;Rue Mirabeau;18100;18279;Vierzon;;;2.053392;47.210598
18279_1362_00001;1;;Chemin des Fougeres;18100;18279;Vierzon;;;2.03094;47.239491
18279_3052_00010;10;;Route de Saint Lazare;18100;18279;Vierzon;;;2.097367;47.208668
18279_2510_00075;75;;Rue de la Paix;18100;18279;Vierzon;;;2.054231;47.216943
18279_2503_00016;16;;Rue Pablo Picasso;18100;18279;Vierzon;;;2.083453;47.200667
18279_0963_00048;48;;Route de la Croix;18100;18279;Vierzon;;;2.10767;47.229349
18279_1950_00027_f;27;f;Avenue du Jonc;18100;18279;Vierzon;;;2.066201;47.210164
18279_2300_00010_c;10;c;Rue Michelet;18100;18279;Vierzon;;;2.073772;47.217745
18279_1670_00005;5;;Rue du Gros Caillou;18100;18279;Vierzon;;;2.069174;47.222436
18279_1250_00017;17;;Rue Eugène Pottier;18100;18279;Vierzon;;;2.099471;47.21923
18279_1210_00024;24;;Rue Etienne Desroches;18100;18279;Vierzon;;;2.101647;47.220743
18279_2335_00009_b;9;b;Rue Miranda de Ebro;18100;18279;Vierzon;;;2.065244;47.218774
18279_2190_00047;47;;Rue Marcel Perrin;18100;18279;Vierzon;;;2.071256;47.226811
18279_1160_00019;19;;Rue Emile Zola;18100;18279;Vierzon;;;2.035224;47.225962
18279_1060_00027;27;;Rue du Docteur Lobligeois;18100;18279;Vierzon;;;2.05619;47.217214
18279_2055_00006;6;;Rue Lénine;18100;18279;Vierzon;;;2.064249;47.232933
18279_3073_00025;25;;Rue de la Société Française;18100;18279;Vierzon;;;2.058103;47.225632
18279_a255_00009;9;;Residence d’Hery;18100;18279;Vierzon;;;2.074707;47.208796
18279_1730_00021;21;;Avenue Henri Brisson;18100;18279;Vierzon;;;2.061406;47.227433
18279_0890_00150;150;;Rue de la Convention;18100;18279;Vierzon;;;2.110213;47.22747
18279_1605_00004;4;;Chemin des Gdes Noues Fontaines;18100;18279;Vierzon;;;2.0488;47.208994
18279_1700_00008;8;;Rue Gustave Flourens;18100;18279;Vierzon;;;2.058019;47.230537
18279_2770_00011;11;;Rue de la Plaisance;18100;18279;Vierzon;;;2.091186;47.219955
18279_2595_00012;12;;Rue Paul Verlaine;18100;18279;Vierzon;;;2.064465;47.239573
18279_1391_00003_a;3;a;Rue de la Fringale;18100;18279;Vierzon;;;2.040791;47.232453
18279_3280_00040;40;;Rue de Villeneuve;18100;18279;Vierzon;;;2.071075;47.211049
18279_0844_00014;14;;Impasse du Clos Chabot;18100;18279;Vierzon;;;2.080761;47.229471
18279_2640_00036;36;;Route du Petit Râteau;18100;18279;Vierzon;;;2.097282;47.233116
18279_1980_00031;31;;Rue Jules Guesde;18100;18279;Vierzon;;;2.046234;47.227974
18279_2210_00010_a;10;a;Place du Maréchal Foch;18100;18279;Vierzon;;;2.067305;47.222887
18279_2770_00048;48;;Rue de la Plaisance;18100;18279;Vierzon;;;2.094934;47.221056
18279_2040_00030;30;;Avenue Mal Philippe Leclerc de Ha;18100;18279;Vierzon;;;2.055364;47.209066
18279_3048_00029;29;;Route de Saint Laurent;18100;18279;Vierzon;;;2.11899;47.219035
18279_1834_00010;10;;Rue Jacques Richard;18100;18279;Vierzon;;;2.080241;47.200394
18279_3251_00002;2;;Rue du Village Aubry;18100;18279;Vierzon;;;2.099362;47.21784
18279_3055_00001;1;;Chemin de Saint Priest;18100;18279;Vierzon;;;2.034603;47.226281
18279_0080_00056;56;;Rue Anatole France;18100;18279;Vierzon;;;2.055543;47.221879
18279_2330_00058;58;;Rue Mirabeau;18100;18279;Vierzon;;;2.054291;47.211209
18279_0710_00036_c;36;c;Rue du Champanet;18100;18279;Vierzon;;;2.062665;47.220592
18279_0817_00053;53;;Chemin du Chevry;18100;18279;Vierzon;;;2.122278;47.214576
18279_0720_00010_bis;10;bis;Rue des Changes;18100;18279;Vierzon;;;2.068844;47.223728
18279_0095_00006;6;;Rue André Gide;18100;18279;Vierzon;;;2.094691;47.223097
18279_0650_00044;44;;Rue du Cavalier;18100;18279;Vierzon;;;2.066413;47.225682
18279_2710_00004;4;;Rue Pierre Debournou;18100;18279;Vierzon;;;2.061745;47.222387
