id;numero;rep;nom_voie;code_postal;code_insee;nom_commune;nom_ancienne_commune;nom_ld;lon;lat
97112_jecipl_00016;16;;Chemin des crabes sémafot;97112;97112;Grand-Bourg;;;-61.319717;15.893724
97112_f9e3d2_01840;1840;;Route de Beaufils;97112;97112;Grand-Bourg;;;-61.279447;15.885186
97112_y80k6x_00493;493;;Route Nationale N9 STL - CPT;97112;97112;Grand-Bourg;;;-61.308294;15.883777
97112_aibsrp_00151;151;;Chemin des Carapates;97112;97112;Grand-Bourg;;;-61.2968;15.895594
97112_0217_00062;62;;Avenue Sabliers Joinville;97112;97112;Grand-Bourg;;;-61.311483;15.880448
97112_f9e3d2_00428;428;;Route de Beaufils;97112;97112;Grand-Bourg;;;-61.284781;15.874746
97112_vg3685_00828;828;;Chemin du Grand-Fond;97112;97112;Grand-Bourg;;;-61.271816;15.891474
97112_0207_00004;4;;Rue Leon Gontrand Damas;97112;97112;Grand-Bourg;;;-61.31879;15.885379
97112_0212_00012;12;;Rue Hubert Rousseau;97112;97112;Grand-Bourg;;;-61.318448;15.88544
97112_r9e5ut_00842;842;;Route de Buckingham;97112;97112;Grand-Bourg;;;-61.319272;15.906763
97112_a240_01464;1464;;Lot les Hauts de Beaufils;97112;97112;Grand-Bourg;;;-61.287341;15.878121
97112_a031_00004;4;;Lotissement des Basses;97112;97112;Grand-Bourg;;;-61.280263;15.87228
97112_0217_00024;24;;Avenue Sabliers Joinville;97112;97112;Grand-Bourg;;;-61.313376;15.881363
97112_52us24_00007;7;;Rue Toussaint-Louverture;97112;97112;Grand-Bourg;;;-61.314496;15.883085
97112_su2fwx_00231;231;;Chemin Coulée Oubliée;97112;97112;Grand-Bourg;;;-61.286018;15.896217
97112_g5vfst_01986;1986;;Route N203 vers Capesterre;97112;97112;Grand-Bourg;;;-61.293815;15.873348
97112_cmeyup_05252;5252;;Route N204 vers Port-Louis;97112;97112;Grand-Bourg;;;-61.286247;15.911734
97112_g5vfst_00743;743;;Route N203 vers Capesterre;97112;97112;Grand-Bourg;;;-61.304606;15.876676
97112_4sxdra_02808;2808;;Route de Thibault;97112;97112;Grand-Bourg;;;-61.256034;15.888461
97112_teaya6_00640;640;;Chemin Fleur de Canne;97112;97112;Grand-Bourg;;;-61.317006;15.917403
97112_0133_00016;16;;Rue Alonzo;97112;97112;Grand-Bourg;;;-61.314151;15.886272
97112_y80k6x_06654;6654;;Route Nationale N9 STL - CPT;97112;97112;Grand-Bourg;;;-61.263833;15.906949
97112_pm12jy_00759;759;;Route Ravine David;97112;97112;Grand-Bourg;;;-61.32172;15.907717
97112_klz5ay_00001;1;;Chemin Adé GUIBOURDIN;97112;97112;Grand-Bourg;;;-61.302596;15.911682
97112_r9e5ut_01043;1043;;Route de Buckingham;97112;97112;Grand-Bourg;;;-61.31759;15.907625
97112_4sxdra_02836;2836;;Route de Thibault;97112;97112;Grand-Bourg;;;-61.255164;15.888392
97112_28h59g_00074;74;;Chemin man Félicien;97112;97112;Grand-Bourg;;;-61.283118;15.9057
97112_0144_00029;29;;Rue de la Liberté;97112;97112;Grand-Bourg;;;-61.317328;15.883398
97112_0i8qps_01883;1883;;Route de LaTreille;97112;97112;Grand-Bourg;;;-61.304824;15.900048
97112_0217_00032;32;;Avenue Sabliers Joinville;97112;97112;Grand-Bourg;;;-61.313062;15.881172
97112_0205_00008;8;;Rue Francois Antenor Habazac;97112;97112;Grand-Bourg;;;-61.316482;15.883647
97112_d9jzdl_00637;637;;Route de Vanniers;97112;97112;Grand-Bourg;;;-61.280361;15.91227
97112_d9jzdl_01041;1041;;Route de Vanniers;97112;97112;Grand-Bourg;;;-61.279719;15.91592
97112_y30g79_00526;526;;Chemin Fond Moco;97112;97112;Grand-Bourg;;;-61.263102;15.913919
97112_tt4e92_00002;2;;Rue Beaurenon;97112;97112;Grand-Bourg;;;-61.31592;15.882883
97112_y80k6x_02444;2444;;Route Nationale N9 STL - CPT;97112;97112;Grand-Bourg;;;-61.296508;15.895022
97112_c7abqg_00012;12;;Avenue Patrice TIROLIEN;97112;97112;Grand-Bourg;;;-61.313903;15.8829
97112_u40fl2_00982;982;;Route des Manguiers;97112;97112;Grand-Bourg;;;-61.267292;15.907072
97112_ysb4gi_00001;1;;Chemin Kanpèch;97112;97112;Grand-Bourg;;;-61.28473;15.907408
97112_gw1i5u_00817;817;;Route Nationale N9;97112;97112;Grand-Bourg;;;-61.319368;15.893061
97112_y80k6x_02678;2678;;Route Nationale N9 STL - CPT;97112;97112;Grand-Bourg;;;-61.294347;15.896482
97112_0121_00019;19;;Avenue Marcel Etzol;97112;97112;Grand-Bourg;;;-61.314001;15.881225
97112_0203_00005;5;;Rue Pablo Neruda;97112;97112;Grand-Bourg;;;-61.316928;15.886005
97112_v1swfp_01476;1476;;Route de Moringlane;97112;97112;Grand-Bourg;;;-61.303981;15.922529
97112_edhfqx_00659;659;;Route de Murat;97112;97112;Grand-Bourg;;;-61.299411;15.879885
97112_fyawef_00148;148;;Chemin Sapotiller;97112;97112;Grand-Bourg;;;-61.269532;15.897434
97112_g5vfst_00617;617;;Route N203 vers Capesterre;97112;97112;Grand-Bourg;;;-61.305447;15.877489
97112_0134_00009;9;;Rue Alamanda;97112;97112;Grand-Bourg;;;-61.31336;15.886349
97112_i4tg5h_00723;723;;Route de Gagneron;97112;97112;Grand-Bourg;;;-61.265367;15.911845
97112_f59tc5_00424;424;;Chemin Rousseau BERNARDIN;97112;97112;Grand-Bourg;;;-61.282288;15.922696
97112_bk9kbu_00194;194;;Chemin des Mancenilliers;97112;97112;Grand-Bourg;;;-61.289329;15.871497
97112_cmeyup_04937;4937;;Route N204 vers Port-Louis;97112;97112;Grand-Bourg;;;-61.288701;15.913274
97112_0096_00016;16;;Rue du Fort;97112;97112;Grand-Bourg;;;-61.316254;15.881906
97112_p03avt_01916;1916;;Route Lamy;97112;97112;Grand-Bourg;;;-61.320549;15.904531
97112_0304_00008;8;;Rue Hegesippe Legitimus;97112;97112;Grand-Bourg;;;-61.311649;15.886938
97112_gp4zlx_00193;193;;Route de Saint-Marc;97112;97112;Grand-Bourg;;;-61.273928;15.908485
97112_0217_00040;40;;Avenue Sabliers Joinville;97112;97112;Grand-Bourg;;;-61.31274;15.880989
97112_b3jtj2_00323;323;;Chemin Hérisson;97112;97112;Grand-Bourg;;;-61.272907;15.901961
97112_0i8qps_00217;217;;Route de LaTreille;97112;97112;Grand-Bourg;;;-61.314284;15.888703
97112_v22cp5_00343;343;;Chemin Cognet;97112;97112;Grand-Bourg;;;-61.310726;15.921481
97112_0040_00037;37;;Passage des Braves;97112;97112;Grand-Bourg;;;-61.314668;15.88412
97112_cmeyup_03313;3313;;Route N204 vers Port-Louis;97112;97112;Grand-Bourg;;;-61.301199;15.909602
97112_edhfqx_01104;1104;;Route de Murat;97112;97112;Grand-Bourg;;;-61.300839;15.883721
97112_4sxdra_02055;2055;;Route de Thibault;97112;97112;Grand-Bourg;;;-61.260839;15.884417
97112_4i24e7_00852;852;;Route de Morne Rouge;97112;97112;Grand-Bourg;;;-61.297218;15.883918
97112_gp4zlx_00393;393;;Route de Saint-Marc;97112;97112;Grand-Bourg;;;-61.272783;15.909589
97112_pm12jy_00907;907;;Route Ravine David;97112;97112;Grand-Bourg;;;-61.320665;15.907027
97112_0134_00001;1;;Rue Alamanda;97112;97112;Grand-Bourg;;;-61.313773;15.885619
97112_pgsyup_02592;2592;;Chemin de Kato;97112;97112;Grand-Bourg;;;-61.291367;15.890142
97112_p03avt_00545;545;;Route Lamy;97112;97112;Grand-Bourg;;;-61.316181;15.894688
97112_52us24_00004;4;;Rue Toussaint-Louverture;97112;97112;Grand-Bourg;;;-61.314723;15.883046
97112_0133_00010;10;;Rue Alonzo;97112;97112;Grand-Bourg;;;-61.314451;15.88636
97112_i4tg5h_01111;1111;;Route de Gagneron;97112;97112;Grand-Bourg;;;-61.262103;15.913057
97112_v1swfp_00192;192;;Route de Moringlane;97112;97112;Grand-Bourg;;;-61.310967;15.928655
97112_0009_00010;10;;Rue Emile Bambuck;97112;97112;Grand-Bourg;;;-61.312362;15.88163
97112_0149_00045;45;;Rue Marcel Lollia;97112;97112;Grand-Bourg;;;-61.313763;15.886465
97112_6m8tbw_00140;140;;Chemin du moulin de Bonneval;97112;97112;Grand-Bourg;;;-61.318243;15.893459
97112_odyy2d_00033;33;;Rue du Docteur Marcel ETZOL;97112;97112;Grand-Bourg;;;-61.316144;15.882326
97112_0009_00030;30;;Rue Emile Bambuck;97112;97112;Grand-Bourg;;;-61.311719;15.88313
97112_cmeyup_03337;3337;;Route N204 vers Port-Louis;97112;97112;Grand-Bourg;;;-61.301093;15.909409
97112_g5vfst_03182;3182;;Route N203 vers Capesterre;97112;97112;Grand-Bourg;;;-61.283135;15.870321
97112_9gfr6p_00016;16;;Chemin Murato;97112;97112;Grand-Bourg;;;-61.303009;15.875403
97112_9gfr6p_00197;197;;Chemin Murato;97112;97112;Grand-Bourg;;;-61.3023;15.876883
97112_i4tg5h_00703;703;;Route de Gagneron;97112;97112;Grand-Bourg;;;-61.265606;15.911851
97112_gw1i5u_00646;646;;Route Nationale N9;97112;97112;Grand-Bourg;;;-61.318474;15.891763
97112_0009_00029;29;;Rue Emile Bambuck;97112;97112;Grand-Bourg;;;-61.312354;15.882375
97112_0017_00019;19;;Rue du Docteur Felix Selbonne;97112;97112;Grand-Bourg;;;-61.315806;15.883474
97112_y80k6x_02434;2434;;Route Nationale N9 STL - CPT;97112;97112;Grand-Bourg;;;-61.296238;15.895421
97112_0145_00003;3;;Rue Hibiscus;97112;97112;Grand-Bourg;;;-61.313878;15.885712
97112_0153_00006;6;;Rue Martin Luther King;97112;97112;Grand-Bourg;;;-61.314377;15.884446
97112_mrv1lu_00365;365;;Route René GLORIEUX;97112;97112;Grand-Bourg;;;-61.295728;15.894152
97112_d9jzdl_01635;1635;;Route de Vanniers;97112;97112;Grand-Bourg;;;-61.280132;15.921141
97112_sv0tjd_01764;1764;;Chemin de Beauregard;97112;97112;Grand-Bourg;;;-61.253326;15.897476
97112_g5vfst_02273;2273;;Route N203 vers Capesterre;97112;97112;Grand-Bourg;;;-61.291273;15.8725
97112_0133_00005;5;;Rue Alonzo;97112;97112;Grand-Bourg;;;-61.314464;15.88652
97112_lp4f8p_00352;352;;Chemin de mon Repos;97112;97112;Grand-Bourg;;;-61.290556;15.915776
97112_0212_00002;2;;Rue Hubert Rousseau;97112;97112;Grand-Bourg;;;-61.318972;15.88452
97112_0303_00006;6;;Rue Mulatresse Solitude;97112;97112;Grand-Bourg;;;-61.314392;15.887911
97112_0210_00015;15;;Rue Henry Rinaldo;97112;97112;Grand-Bourg;;;-61.318169;15.884737
97112_cmeyup_00041;41;;Route N204 vers Port-Louis;97112;97112;Grand-Bourg;;;-61.327876;15.91395
97112_zkvspv_00438;438;;Route de Bambara;97112;97112;Grand-Bourg;;;-61.31024;15.887558
97112_cxrgxr_01490;1490;;Chemin de la mare Toubois;97112;97112;Grand-Bourg;;;-61.258813;15.894242
97112_r9e5ut_01357;1357;;Route de Buckingham;97112;97112;Grand-Bourg;;;-61.31538;15.909234
97112_y30g79_00560;560;;Chemin Fond Moco;97112;97112;Grand-Bourg;;;-61.262867;15.913657
97112_pm12jy_00401;401;;Route Ravine David;97112;97112;Grand-Bourg;;;-61.323714;15.909933
97112_o0c4pu_00162;162;;Route de Boisneuf;97112;97112;Grand-Bourg;;;-61.277641;15.919088
97112_0208_00006;6;;Rue de la République;97112;97112;Grand-Bourg;;;-61.315321;15.881532
97112_2fqfdz_00001;1;;Chemin Lucover;97112;97112;Grand-Bourg;;;-61.256213;15.890683
97112_cmeyup_00490;490;;Route N204 vers Port-Louis;97112;97112;Grand-Bourg;;;-61.323908;15.914625
97112_o0c4pu_01126;1126;;Route de Boisneuf;97112;97112;Grand-Bourg;;;-61.269132;15.916141
97112_g5vfst_02879;2879;;Route N203 vers Capesterre;97112;97112;Grand-Bourg;;;-61.285877;15.87098
97112_cmeyup_04336;4336;;Route N204 vers Port-Louis;97112;97112;Grand-Bourg;;;-61.293985;15.911696
97112_4sxdra_00772;772;;Route de Thibault;97112;97112;Grand-Bourg;;;-61.265303;15.875497
97112_odyy2d_00034;34;;Rue du Docteur Marcel ETZOL;97112;97112;Grand-Bourg;;;-61.316374;15.882602
97112_v1swfp_02372;2372;;Route de Moringlane;97112;97112;Grand-Bourg;;;-61.305096;15.915451
97112_u40fl2_00607;607;;Route des Manguiers;97112;97112;Grand-Bourg;;;-61.269774;15.90536
97112_sj4v5l_00001;1;;Chemin Acacias;97112;97112;Grand-Bourg;;;-61.269155;15.900645
97112_cmeyup_03657;3657;;Route N204 vers Port-Louis;97112;97112;Grand-Bourg;;;-61.298903;15.908183
97112_0133_00004;4;;Rue Alonzo;97112;97112;Grand-Bourg;;;-61.3147;15.886355
97112_0302_00011;11;;Rue Gerty ARCHIMEDE;97112;97112;Grand-Bourg;;;-61.311589;15.886686
97112_r9e5ut_00433;433;;Route de Buckingham;97112;97112;Grand-Bourg;;;-61.322053;15.905631
97112_gw1i5u_07075;7075;;Route Nationale N9;97112;97112;Grand-Bourg;;;-61.312393;15.934987
97112_0134_00015;15;;Rue Alamanda;97112;97112;Grand-Bourg;;;-61.313296;15.886495
97112_05j9q3_02222;2222;;L'Hermitage;97112;97112;Grand-Bourg;;;-61.298904;15.890927
97112_sj4v5l_00218;218;;Chemin Acacias;97112;97112;Grand-Bourg;;;-61.269771;15.898936
97112_95we8v_00001;1;;Chemin Prèmyé JERNIVAL;97112;97112;Grand-Bourg;;;-61.279534;15.911943
97112_rwz44x_00322;322;;Chemin Pannyon;97112;97112;Grand-Bourg;;;-61.264852;15.898367
97112_0i8qps_01013;1013;;Route de LaTreille;97112;97112;Grand-Bourg;;;-61.310558;15.894903
97112_pza574_00131;131;;Chemin Duranchel CONFIAC;97112;97112;Grand-Bourg;;;-61.315955;15.889432
97112_0201_00010;10;;Rue Saint John Perse;97112;97112;Grand-Bourg;;;-61.317028;15.886786
97112_cmeyup_04240;4240;;Route N204 vers Port-Louis;97112;97112;Grand-Bourg;;;-61.29479;15.911309
97112_7chq57_00294;294;;Chemin des Racoons;97112;97112;Grand-Bourg;;;-61.277798;15.921787
97112_0217_00030;30;;Avenue Sabliers Joinville;97112;97112;Grand-Bourg;;;-61.313146;15.881224
97112_0i8qps_01153;1153;;Route de LaTreille;97112;97112;Grand-Bourg;;;-61.309629;15.895722
97112_22fx0i_00072;72;;Chemin Tras Tibonm;97112;97112;Grand-Bourg;;;-61.253332;15.895431
97112_4sxdra_02612;2612;;Route de Thibault;97112;97112;Grand-Bourg;;;-61.256977;15.886591
97112_zh40nc_00001;1;;Route de Houelche;97112;97112;Grand-Bourg;;;-61.266834;15.894701
97112_uerzzn_01445;1445;;Route de Petite Banane;97112;97112;Grand-Bourg;;;-61.308925;15.915959
97112_tttrhi_01274;1274;;Chemin du moulin de Saint-Michel;97112;97112;Grand-Bourg;;;-61.272544;15.883971
97112_0208_00010;10;;Rue de la République;97112;97112;Grand-Bourg;;;-61.315263;15.881641
97112_cmeyup_00402;402;;Route N204 vers Port-Louis;97112;97112;Grand-Bourg;;;-61.324626;15.91447
97112_0303_00010;10;;Rue Mulatresse Solitude;97112;97112;Grand-Bourg;;;-61.31429;15.887866
97112_teaya6_00455;455;;Chemin Fleur de Canne;97112;97112;Grand-Bourg;;;-61.316498;15.915832
97112_r9e5ut_03087;3087;;Route de Buckingham;97112;97112;Grand-Bourg;;;-61.304266;15.904092
97112_v1swfp_00323;323;;Route de Moringlane;97112;97112;Grand-Bourg;;;-61.309743;15.928512
97112_d9jzdl_03030;3030;;Route de Vanniers;97112;97112;Grand-Bourg;;;-61.282236;15.931364
97112_4i24e7_00410;410;;Route de Morne Rouge;97112;97112;Grand-Bourg;;;-61.302211;15.883994
97112_7chq57_00296;296;;Chemin des Racoons;97112;97112;Grand-Bourg;;;-61.277473;15.92172
97112_4sxdra_01293;1293;;Route de Thibault;97112;97112;Grand-Bourg;;;-61.264753;15.879759
97112_4sxdra_02476;2476;;Route de Thibault;97112;97112;Grand-Bourg;;;-61.257737;15.886132
97112_8e15hd_00056;56;;Route Michel JOSEPHINE;97112;97112;Grand-Bourg;;;-61.29961;15.893817
97112_d9jzdl_02233;2233;;Route de Vanniers;97112;97112;Grand-Bourg;;;-61.279472;15.926454
97112_8e15hd_00200;200;;Route Michel JOSEPHINE;97112;97112;Grand-Bourg;;;-61.299113;15.892399
97112_cmeyup_04251;4251;;Route N204 vers Port-Louis;97112;97112;Grand-Bourg;;;-61.29472;15.911453
97112_0218_00004;4;;Rue Achille Rene Boisneuf;97112;97112;Grand-Bourg;;;-61.312232;15.886553
97112_y80k6x_03626;3626;;Route Nationale N9 STL - CPT;97112;97112;Grand-Bourg;;;-61.286484;15.89938
97112_su2fwx_00001;1;;Chemin Coulée Oubliée;97112;97112;Grand-Bourg;;;-61.288079;15.895647
97112_pyw5rp_02197;2197;;Route de Morne Lalane;97112;97112;Grand-Bourg;;;-61.271032;15.883622
97112_tt4e92_00034;34;;Rue Beaurenon;97112;97112;Grand-Bourg;;;-61.314766;15.882194
97112_0210_00009;9;;Rue Henry Rinaldo;97112;97112;Grand-Bourg;;;-61.317534;15.885855
97112_c7abqg_00029;29;;Avenue Patrice TIROLIEN;97112;97112;Grand-Bourg;;;-61.313841;15.883524
97112_tmpfck_00225;225;;Chemin Boustabak;97112;97112;Grand-Bourg;;;-61.310231;15.891175
97112_69lpf3_00005;5;;Rue RABOT-SAGET;97112;97112;Grand-Bourg;;;-61.317539;15.884531
97112_0134_00006;6;;Rue Alamanda;97112;97112;Grand-Bourg;;;-61.313545;15.885772
97112_0080_01234;1234;;Chemin de l'Étang Jonc;97112;97112;Grand-Bourg;;;-61.287665;15.923516
97112_g5vfst_00375;375;;Route N203 vers Capesterre;97112;97112;Grand-Bourg;;;-61.307118;15.878927
97112_cmeyup_05430;5430;;Route N204 vers Port-Louis;97112;97112;Grand-Bourg;;;-61.28486;15.91205
97112_0002_00005;5;;Allee Poirier;97112;97112;Grand-Bourg;;;-61.315155;15.885217
97112_0i8qps_02150;2150;;Route de LaTreille;97112;97112;Grand-Bourg;;;-61.303586;15.90211
97112_r9e5ut_00472;472;;Route de Buckingham;97112;97112;Grand-Bourg;;;-61.322189;15.905135
97112_y80k6x_00110;110;;Route Nationale N9 STL - CPT;97112;97112;Grand-Bourg;;;-61.310029;15.88101
97112_g5vfst_00085;85;;Route N203 vers Capesterre;97112;97112;Grand-Bourg;;;-61.30961;15.879961
97112_05tb0n_00009;9;;Rue Joseph IGNACE;97112;97112;Grand-Bourg;;;-61.311384;15.885243
97112_4sxdra_02610;2610;;Route de Thibault;97112;97112;Grand-Bourg;;;-61.257111;15.886638
97112_teaya6_00512;512;;Chemin Fleur de Canne;97112;97112;Grand-Bourg;;;-61.31635;15.916469
97112_4i24e7_01733;1733;;Route de Morne Rouge;97112;97112;Grand-Bourg;;;-61.292994;15.890664
97112_93xpqj_00001;1;;Route de Mauraille;97112;97112;Grand-Bourg;;;-61.260714;15.907068
97112_0145_00008;8;;Rue Hibiscus;97112;97112;Grand-Bourg;;;-61.313898;15.885592
97112_g5vfst_00297;297;;Route N203 vers Capesterre;97112;97112;Grand-Bourg;;;-61.307822;15.879173
97112_sv0tjd_00912;912;;Chemin de Beauregard;97112;97112;Grand-Bourg;;;-61.258451;15.894121
97112_4sxdra_01077;1077;;Route de Thibault;97112;97112;Grand-Bourg;;;-61.266058;15.878098
97112_qttlxt_00814;814;;Chemin de la Bruyère;97112;97112;Grand-Bourg;;;-61.307031;15.936806
97112_y80k6x_06213;6213;;Route Nationale N9 STL - CPT;97112;97112;Grand-Bourg;;;-61.267972;15.907383
97112_teaya6_00510;510;;Chemin Fleur de Canne;97112;97112;Grand-Bourg;;;-61.316526;15.916358
97112_05tb0n_00010;10;;Rue Joseph IGNACE;97112;97112;Grand-Bourg;;;-61.31132;15.88463
97112_i4tg5h_01478;1478;;Route de Gagneron;97112;97112;Grand-Bourg;;;-61.259034;15.914264
97112_0009_00012;12;;Rue Emile Bambuck;97112;97112;Grand-Bourg;;;-61.312317;15.881748
97112_g5vfst_02171;2171;;Route N203 vers Capesterre;97112;97112;Grand-Bourg;;;-61.292136;15.872859
97112_siykho_00148;148;;Chemin de la Cible;97112;97112;Grand-Bourg;;;-61.318305;15.88837
97112_9d9e8z_00045;45;;Chemin des Pêcheurs;97112;97112;Grand-Bourg;;;-61.305141;15.877718
97112_gw1i5u_00511;511;;Route Nationale N9;97112;97112;Grand-Bourg;;;-61.318317;15.890547
97112_tttrhi_01271;1271;;Chemin du moulin de Saint-Michel;97112;97112;Grand-Bourg;;;-61.272439;15.882818
97112_cmeyup_00301;301;;Route N204 vers Port-Louis;97112;97112;Grand-Bourg;;;-61.325561;15.914345
97112_0135_00015;15;;Rue Furcie Tirolien;97112;97112;Grand-Bourg;;;-61.315682;15.882413
97112_cmeyup_04528;4528;;Route N204 vers Port-Louis;97112;97112;Grand-Bourg;;;-61.291769;15.912288
97112_g5vfst_01185;1185;;Route N203 vers Capesterre;97112;97112;Grand-Bourg;;;-61.301144;15.874878
97112_v1swfp_02166;2166;;Route de Moringlane;97112;97112;Grand-Bourg;;;-61.305674;15.917228
97112_g5vfst_03939;3939;;Route N203 vers Capesterre;97112;97112;Grand-Bourg;;;-61.276049;15.869808
97112_u40fl2_00651;651;;Route des Manguiers;97112;97112;Grand-Bourg;;;-61.269641;15.905738
97112_r9e5ut_02141;2141;;Route de Buckingham;97112;97112;Grand-Bourg;;;-61.311012;15.904041
97112_d9jzdl_00827;827;;Route de Vanniers;97112;97112;Grand-Bourg;;;-61.281233;15.914467
97112_n2v8wm_00578;578;;Route Jadin Bo Kaz;97112;97112;Grand-Bourg;;;-61.304484;15.879423
97112_r9e5ut_03203;3203;;Route de Buckingham;97112;97112;Grand-Bourg;;;-61.303338;15.903044
97112_qttlxt_00031;31;;Chemin de la Bruyère;97112;97112;Grand-Bourg;;;-61.311962;15.935032
97112_05j9q3_01944;1944;;L'Hermitage;97112;97112;Grand-Bourg;;;-61.300082;15.889771
97112_0009_00036;36;;Rue Emile Bambuck;97112;97112;Grand-Bourg;;;-61.311449;15.883686
97112_p03avt_01985;1985;;Route Lamy;97112;97112;Grand-Bourg;;;-61.320169;15.905083
97112_p03avt_00375;375;;Route Lamy;97112;97112;Grand-Bourg;;;-61.31506;15.893804
97112_g5vfst_03867;3867;;Route N203 vers Capesterre;97112;97112;Grand-Bourg;;;-61.276716;15.869793
97112_0144_00031;31;;Rue de la Liberté;97112;97112;Grand-Bourg;;;-61.317491;15.883426
97112_0205_00004;4;;Rue Francois Antenor Habazac;97112;97112;Grand-Bourg;;;-61.316538;15.883513
97112_v1swfp_01987;1987;;Route de Moringlane;97112;97112;Grand-Bourg;;;-61.304353;15.918352
97112_0208_00018;18;;Rue de la République;97112;97112;Grand-Bourg;;;-61.315035;15.88207
97112_cmeyup_02481;2481;;Route N204 vers Port-Louis;97112;97112;Grand-Bourg;;;-61.306056;15.915188
97112_r9e5ut_01545;1545;;Route de Buckingham;97112;97112;Grand-Bourg;;;-61.313412;15.908844
97112_0208_00019;19;;Rue de la République;97112;97112;Grand-Bourg;;;-61.315076;15.882233
97112_gw1i5u_05756;5756;;Route Nationale N9;97112;97112;Grand-Bourg;;;-61.317136;15.926154
97112_gb4xqp_00001;1;;Chemin du Gouffre;97112;97112;Grand-Bourg;;;-61.287694;15.898279
97112_76q0wq_00245;245;;Chemin Laman;97112;97112;Grand-Bourg;;;-61.281563;15.925647
97112_mrv1lu_00673;673;;Route René GLORIEUX;97112;97112;Grand-Bourg;;;-61.294103;15.895319
97112_gw1i5u_07293;7293;;Route Nationale N9;97112;97112;Grand-Bourg;;;-61.312157;15.936975
97112_0133_00030;30;;Rue Alonzo;97112;97112;Grand-Bourg;;;-61.313717;15.886041
97112_mrv1lu_00688;688;;Route René GLORIEUX;97112;97112;Grand-Bourg;;;-61.294157;15.8955
97112_d9jzdl_01827;1827;;Route de Vanniers;97112;97112;Grand-Bourg;;;-61.280326;15.922924
97112_f9e3d2_03928;3928;;Route de Beaufils;97112;97112;Grand-Bourg;;;-61.276989;15.902296
97112_0264_00003;3;;Passage Vatable;97112;97112;Grand-Bourg;;;-61.313789;15.881464
97112_g5vfst_01839;1839;;Route N203 vers Capesterre;97112;97112;Grand-Bourg;;;-61.295135;15.873644
97112_cmeyup_03003;3003;;Route N204 vers Port-Louis;97112;97112;Grand-Bourg;;;-61.302747;15.911937
97112_0121_00025;25;;Avenue Marcel Etzol;97112;97112;Grand-Bourg;;;-61.314245;15.88134
97112_0009_00016;16;;Rue Emile Bambuck;97112;97112;Grand-Bourg;;;-61.312246;15.88194
97112_0065_00018;18;;Avenue Delgres;97112;97112;Grand-Bourg;;;-61.313884;15.886814
97112_y80k6x_02593;2593;;Route Nationale N9 STL - CPT;97112;97112;Grand-Bourg;;;-61.295052;15.896216
97112_bk9kbu_00090;90;;Chemin des Mancenilliers;97112;97112;Grand-Bourg;;;-61.290278;15.871667
97112_0i8qps_00912;912;;Route de LaTreille;97112;97112;Grand-Bourg;;;-61.310784;15.893964
97112_0i8qps_00954;954;;Route de LaTreille;97112;97112;Grand-Bourg;;;-61.31059;15.894355
97112_0041_00014;14;;Rue des Freres Brisacier;97112;97112;Grand-Bourg;;;-61.319013;15.885385
97112_0017_00038;38;;Rue du Docteur Felix Selbonne;97112;97112;Grand-Bourg;;;-61.315687;15.883353
97112_0065_00026;26;;Avenue Delgres;97112;97112;Grand-Bourg;;;-61.313142;15.886385
97112_y80k6x_05480;5480;;Route Nationale N9 STL - CPT;97112;97112;Grand-Bourg;;;-61.274675;15.906892
97112_0188_00004;4;;Rue Pasteur;97112;97112;Grand-Bourg;;;-61.31533;15.883502
97112_qttlxt_00709;709;;Chemin de la Bruyère;97112;97112;Grand-Bourg;;;-61.307737;15.937362
97112_y80k6x_04151;4151;;Route Nationale N9 STL - CPT;97112;97112;Grand-Bourg;;;-61.284992;15.904219
97112_rnk6fw_00672;672;;Chemin Chatelard;97112;97112;Grand-Bourg;;;-61.267258;15.921801
97112_p03avt_00576;576;;Route Lamy;97112;97112;Grand-Bourg;;;-61.31615;15.894983
97112_r9e5ut_01288;1288;;Route de Buckingham;97112;97112;Grand-Bourg;;;-61.315417;15.908295
97112_1iua2i_00025;25;;Chemin Rabi;97112;97112;Grand-Bourg;;;-61.262037;15.906825
97112_qttlxt_00754;754;;Chemin de la Bruyère;97112;97112;Grand-Bourg;;;-61.307454;15.93707
97112_cmeyup_03038;3038;;Route N204 vers Port-Louis;97112;97112;Grand-Bourg;;;-61.302668;15.91164
97112_i4tg5h_00098;98;;Route de Gagneron;97112;97112;Grand-Bourg;;;-61.26969;15.908414
97112_0i8qps_02836;2836;;Route de LaTreille;97112;97112;Grand-Bourg;;;-61.300234;15.907113
97112_i4tg5h_00705;705;;Route de Gagneron;97112;97112;Grand-Bourg;;;-61.265509;15.912667
97112_zkvspv_00396;396;;Route de Bambara;97112;97112;Grand-Bourg;;;-61.310454;15.887849
97112_g5vfst_01044;1044;;Route N203 vers Capesterre;97112;97112;Grand-Bourg;;;-61.302444;15.874949
97112_i4tg5h_01805;1805;;Route de Gagneron;97112;97112;Grand-Bourg;;;-61.256537;15.913281
97112_0303_00015;15;;Rue Mulatresse Solitude;97112;97112;Grand-Bourg;;;-61.313872;15.887842
97112_f30531_04054;4054;;Route de Folle-Anse;97112;97112;Grand-Bourg;;;-61.324069;15.946518
97112_0221_00011;11;;Rue Sony Rupaire;97112;97112;Grand-Bourg;;;-61.317264;15.887506
97112_r9e5ut_02416;2416;;Route de Buckingham;97112;97112;Grand-Bourg;;;-61.30886;15.903385
97112_ofyk7p_00194;194;;Route Pointe de Folle Anse;97112;97112;Grand-Bourg;;;-61.336056;15.939527
97112_p03avt_01284;1284;;Route Lamy;97112;97112;Grand-Bourg;;;-61.317173;15.90058
97112_0217_00025;25;;Avenue Sabliers Joinville;97112;97112;Grand-Bourg;;;-61.310769;15.880428
97112_tt4e92_00040;40;;Rue Beaurenon;97112;97112;Grand-Bourg;;;-61.314609;15.882122
97112_cufhff_00030;30;;Chemin Sandragon;97112;97112;Grand-Bourg;;;-61.309995;15.881536
97112_pyw5rp_01766;1766;;Route de Morne Lalane;97112;97112;Grand-Bourg;;;-61.274246;15.881368
97112_0134_00011;11;;Rue Alamanda;97112;97112;Grand-Bourg;;;-61.313334;15.886415
97112_y80k6x_02892;2892;;Route Nationale N9 STL - CPT;97112;97112;Grand-Bourg;;;-61.292485;15.897104
97112_gw1i5u_06362;6362;;Route Nationale N9;97112;97112;Grand-Bourg;;;-61.312634;15.928674
97112_tttrhi_01249;1249;;Chemin du moulin de Saint-Michel;97112;97112;Grand-Bourg;;;-61.27054;15.884421
97112_0i8qps_00348;348;;Route de LaTreille;97112;97112;Grand-Bourg;;;-61.31355;15.889665
97112_4sxdra_00925;925;;Route de Thibault;97112;97112;Grand-Bourg;;;-61.265959;15.876726
97112_d9jzdl_02185;2185;;Route de Vanniers;97112;97112;Grand-Bourg;;;-61.279634;15.926038
97112_u40fl2_00276;276;;Route des Manguiers;97112;97112;Grand-Bourg;;;-61.272153;15.904589
97112_0018_00002;2;;Rue Albert BEVILLE;97112;97112;Grand-Bourg;;;-61.318692;15.885857
97112_e2301p_00921;921;;Route de Bielle;97112;97112;Grand-Bourg;;;-61.268396;15.915071
97112_0009_00028;28;;Rue Emile Bambuck;97112;97112;Grand-Bourg;;;-61.311907;15.882703
97112_93xpqj_00955;955;;Route de Mauraille;97112;97112;Grand-Bourg;;;-61.25307;15.909823
97112_pd8j1u_00046;46;;Chemin Fond Corossol;97112;97112;Grand-Bourg;;;-61.285035;15.905466
97112_0i8qps_01165;1165;;Route de LaTreille;97112;97112;Grand-Bourg;;;-61.310074;15.896368
97112_0040_00029;29;;Passage des Braves;97112;97112;Grand-Bourg;;;-61.314951;15.88397
97112_1b8ltr_00061;61;;Boulevard de la Caraibe;97112;97112;Grand-Bourg;;;-61.313727;15.880529
97112_r9e5ut_01239;1239;;Route de Buckingham;97112;97112;Grand-Bourg;;;-61.315881;15.908188
97112_05j9q3_00011;11;;L'Hermitage;97112;97112;Grand-Bourg;;;-61.299098;15.890042
97112_gw1i5u_00544;544;;Route Nationale N9;97112;97112;Grand-Bourg;;;-61.318255;15.890933
97112_d9jzdl_01318;1318;;Route de Vanniers;97112;97112;Grand-Bourg;;;-61.279194;15.918365
97112_pyw5rp_01752;1752;;Route de Morne Lalane;97112;97112;Grand-Bourg;;;-61.274361;15.88127
97112_0121_00017;17;;Avenue Marcel Etzol;97112;97112;Grand-Bourg;;;-61.313917;15.881176
97112_cmeyup_04992;4992;;Route N204 vers Port-Louis;97112;97112;Grand-Bourg;;;-61.288336;15.912826
97112_0218_00009;9;;Rue Achille Rene Boisneuf;97112;97112;Grand-Bourg;;;-61.311816;15.886508
97112_d9jzdl_02420;2420;;Route de Vanniers;97112;97112;Grand-Bourg;;;-61.279512;15.928086
97112_0017_00010;10;;Rue du Docteur Felix Selbonne;97112;97112;Grand-Bourg;;;-61.316285;15.882347
97112_cmeyup_04122;4122;;Route N204 vers Port-Louis;97112;97112;Grand-Bourg;;;-61.295515;15.910564
97112_cmeyup_05254;5254;;Route N204 vers Port-Louis;97112;97112;Grand-Bourg;;;-61.286245;15.911554
97112_g5vfst_01157;1157;;Route N203 vers Capesterre;97112;97112;Grand-Bourg;;;-61.301407;15.874903
97112_g5vfst_04000;4000;;Route N203 vers Capesterre;97112;97112;Grand-Bourg;;;-61.275496;15.869694
97112_0002_00012;12;;Allee Poirier;97112;97112;Grand-Bourg;;;-61.314947;15.884544
97112_0002_00014;14;;Allee Poirier;97112;97112;Grand-Bourg;;;-61.31491;15.884618
97112_0218_00011;11;;Rue Achille Rene Boisneuf;97112;97112;Grand-Bourg;;;-61.311702;15.886457
97112_1b8ltr_00055;55;;Boulevard de la Caraibe;97112;97112;Grand-Bourg;;;-61.313932;15.880616
97112_gw1i5u_02854;2854;;Route Nationale N9;97112;97112;Grand-Bourg;;;-61.32671;15.909527
97112_gpwjz3_00811;811;;Route Durocher;97112;97112;Grand-Bourg;;;-61.274493;15.913497
97112_qttlxt_00950;950;;Chemin de la Bruyère;97112;97112;Grand-Bourg;;;-61.305896;15.93615
97112_zkvspv_00602;602;;Route de Bambara;97112;97112;Grand-Bourg;;;-61.309046;15.886697
97112_0303_00059;59;;Rue Mulatresse Solitude;97112;97112;Grand-Bourg;;;-61.311888;15.88683
97112_0017_00044;44;;Rue du Docteur Felix Selbonne;97112;97112;Grand-Bourg;;;-61.315608;15.883481
97112_ofyk7p_00756;756;;Route Pointe de Folle Anse;97112;97112;Grand-Bourg;;;-61.336273;15.942167
97112_0203_00003;3;;Rue Pablo Neruda;97112;97112;Grand-Bourg;;;-61.31706;15.886049
97112_cxrgxr_00194;194;;Chemin de la mare Toubois;97112;97112;Grand-Bourg;;;-61.259864;15.905255
97112_y80k6x_00001;1;;Route Nationale N9 STL - CPT;97112;97112;Grand-Bourg;;;-61.310451;15.880168
97112_4i24e7_00168;168;;Route de Morne Rouge;97112;97112;Grand-Bourg;;;-61.304925;15.88353
97112_05j9q3_01956;1956;;L'Hermitage;97112;97112;Grand-Bourg;;;-61.29946;15.891199
97112_0i8qps_02483;2483;;Route de LaTreille;97112;97112;Grand-Bourg;;;-61.301667;15.904285
97112_0i8qps_02297;2297;;Route de LaTreille;97112;97112;Grand-Bourg;;;-61.302612;15.903022
97112_cmeyup_03471;3471;;Route N204 vers Port-Louis;97112;97112;Grand-Bourg;;;-61.300458;15.908419
97112_u40fl2_00096;96;;Route des Manguiers;97112;97112;Grand-Bourg;;;-61.273546;15.906456
97112_mrv1lu_00035;35;;Route René GLORIEUX;97112;97112;Grand-Bourg;;;-61.298727;15.894141
97112_0017_00033;33;;Rue du Docteur Felix Selbonne;97112;97112;Grand-Bourg;;;-61.315456;15.884096
97112_y80k6x_05481;5481;;Route Nationale N9 STL - CPT;97112;97112;Grand-Bourg;;;-61.274642;15.906963
97112_8e15hd_00054;54;;Route Michel JOSEPHINE;97112;97112;Grand-Bourg;;;-61.299471;15.893574
97112_f30531_00001;1;;Route de Folle-Anse;97112;97112;Grand-Bourg;;;-61.330055;15.917178
97112_cmeyup_03780;3780;;Route N204 vers Port-Louis;97112;97112;Grand-Bourg;;;-61.297802;15.908521
97112_y80k6x_05610;5610;;Route Nationale N9 STL - CPT;97112;97112;Grand-Bourg;;;-61.273424;15.907021
97112_c7abqg_00018;18;;Avenue Patrice TIROLIEN;97112;97112;Grand-Bourg;;;-61.312543;15.884893
97112_gw1i5u_03546;3546;;Route Nationale N9;97112;97112;Grand-Bourg;;;-61.326135;15.916515
97112_cmeyup_04456;4456;;Route N204 vers Port-Louis;97112;97112;Grand-Bourg;;;-61.293001;15.912135
97112_pyw5rp_02803;2803;;Route de Morne Lalane;97112;97112;Grand-Bourg;;;-61.266196;15.886282
97112_05tb0n_00020;20;;Rue Joseph IGNACE;97112;97112;Grand-Bourg;;;-61.31091;15.884978
97112_sv0tjd_01207;1207;;Chemin de Beauregard;97112;97112;Grand-Bourg;;;-61.255729;15.893837
97112_0071_00002;2;;Place de l'Eglise;97112;97112;Grand-Bourg;;;-61.315276;15.882647
97112_u40fl2_00189;189;;Route des Manguiers;97112;97112;Grand-Bourg;;;-61.27283;15.906033
97112_f30531_00812;812;;Route de Folle-Anse;97112;97112;Grand-Bourg;;;-61.333495;15.923517
97112_vg3685_00511;511;;Chemin du Grand-Fond;97112;97112;Grand-Bourg;;;-61.268964;15.891294
97112_cmeyup_05055;5055;;Route N204 vers Port-Louis;97112;97112;Grand-Bourg;;;-61.287827;15.913361
97112_ofyk7p_00654;654;;Route Pointe de Folle Anse;97112;97112;Grand-Bourg;;;-61.335465;15.942787
97112_s9xg93_00136;136;;Chemin de Pafory;97112;97112;Grand-Bourg;;;-61.308631;15.935295
97112_i4tg5h_00746;746;;Route de Gagneron;97112;97112;Grand-Bourg;;;-61.265181;15.911848
97112_0096_00010;10;;Rue du Fort;97112;97112;Grand-Bourg;;;-61.316575;15.882105
97112_0206_00001;1;;Rue Pierre LEROY;97112;97112;Grand-Bourg;;;-61.31698;15.882635
97112_0217_00034;34;;Avenue Sabliers Joinville;97112;97112;Grand-Bourg;;;-61.312981;15.881122
97112_4i24e7_00282;282;;Route de Morne Rouge;97112;97112;Grand-Bourg;;;-61.303517;15.883688
97112_6hmed2_00003;3;;Cour Tirolien;97112;97112;Grand-Bourg;;;-61.316072;15.884171
97112_0203_00008;8;;Rue Pablo Neruda;97112;97112;Grand-Bourg;;;-61.316611;15.885762
97112_y80k6x_00037;37;;Route Nationale N9 STL - CPT;97112;97112;Grand-Bourg;;;-61.310382;15.880478
97112_gw1i5u_06503;6503;;Route Nationale N9;97112;97112;Grand-Bourg;;;-61.313267;15.929808
97112_4i24e7_01009;1009;;Route de Morne Rouge;97112;97112;Grand-Bourg;;;-61.286565;15.884082
97112_cmeyup_04266;4266;;Route N204 vers Port-Louis;97112;97112;Grand-Bourg;;;-61.294584;15.911419
97112_4sxdra_00861;861;;Route de Thibault;97112;97112;Grand-Bourg;;;-61.266685;15.876181
97112_1b8ltr_00019;19;;Boulevard de la Caraibe;97112;97112;Grand-Bourg;;;-61.315356;15.881287
97112_pyw5rp_00270;270;;Route de Morne Lalane;97112;97112;Grand-Bourg;;;-61.280908;15.872281
97112_cmeyup_02216;2216;;Route N204 vers Port-Louis;97112;97112;Grand-Bourg;;;-61.308535;15.914726
97112_y80k6x_00491;491;;Route Nationale N9 STL - CPT;97112;97112;Grand-Bourg;;;-61.307915;15.883956
97112_0080_00639;639;;Chemin de l'Étang Jonc;97112;97112;Grand-Bourg;;;-61.283793;15.92028
97112_cmeyup_04121;4121;;Route N204 vers Port-Louis;97112;97112;Grand-Bourg;;;-61.295631;15.9106
97112_0145_00014;14;;Rue Hibiscus;97112;97112;Grand-Bourg;;;-61.313595;15.885396
97112_xvywep_00347;347;;Chemin du moulin quatrième Portel;97112;97112;Grand-Bourg;;;-61.304737;15.909583
97112_qttlxt_00544;544;;Chemin de la Bruyère;97112;97112;Grand-Bourg;;;-61.308633;15.937043
97112_0221_00016;16;;Rue Sony Rupaire;97112;97112;Grand-Bourg;;;-61.31773;15.887964
97112_cmeyup_02485;2485;;Route N204 vers Port-Louis;97112;97112;Grand-Bourg;;;-61.305643;15.915878
97112_qhhqw7_00517;517;;Chemin du Frangipanier;97112;97112;Grand-Bourg;;;-61.288192;15.893564
97112_gw1i5u_00085;85;;Route Nationale N9;97112;97112;Grand-Bourg;;;-61.315768;15.887682
97112_cmeyup_02392;2392;;Route N204 vers Port-Louis;97112;97112;Grand-Bourg;;;-61.306955;15.914818
97112_uerzzn_00100;100;;Route de Petite Banane;97112;97112;Grand-Bourg;;;-61.315187;15.925284
97112_f9e3d2_00569;569;;Route de Beaufils;97112;97112;Grand-Bourg;;;-61.284993;15.875746
97112_1b8ltr_00039;39;;Boulevard de la Caraibe;97112;97112;Grand-Bourg;;;-61.314572;15.88089
97112_9d9e8z_00176;176;;Chemin des Pêcheurs;97112;97112;Grand-Bourg;;;-61.30398;15.877908
97112_rwz44x_00825;825;;Chemin Pannyon;97112;97112;Grand-Bourg;;;-61.26129;15.89649
97112_0i8qps_01830;1830;;Route de LaTreille;97112;97112;Grand-Bourg;;;-61.304963;15.899566
97112_0217_00005;5;;Avenue Sabliers Joinville;97112;97112;Grand-Bourg;;;-61.314189;15.88205
97112_0208_00001;1;;Rue de la République;97112;97112;Grand-Bourg;;;-61.315449;15.881462
97112_g5vfst_00667;667;;Route N203 vers Capesterre;97112;97112;Grand-Bourg;;;-61.305119;15.877166
97112_siykho_00089;89;;Chemin de la Cible;97112;97112;Grand-Bourg;;;-61.317767;15.88855
97112_0018_00003;3;;Rue Albert BEVILLE;97112;97112;Grand-Bourg;;;-61.318765;15.886125
97112_gw1i5u_00597;597;;Route Nationale N9;97112;97112;Grand-Bourg;;;-61.318499;15.891303
97112_0065_00005;5;;Avenue Delgres;97112;97112;Grand-Bourg;;;-61.314489;15.887295
97112_0149_00041;41;;Rue Marcel Lollia;97112;97112;Grand-Bourg;;;-61.313763;15.886465
97112_0272_00026;26;;Rue du Vieil Arbre;97112;97112;Grand-Bourg;;;-61.313866;15.880943
97112_0040_00001;1;;Passage des Braves;97112;97112;Grand-Bourg;;;-61.317161;15.885111
97112_p03avt_02024;2024;;Route Lamy;97112;97112;Grand-Bourg;;;-61.319822;15.905134
97112_i4tg5h_00314;314;;Route de Gagneron;97112;97112;Grand-Bourg;;;-61.267463;15.908672
97112_38f266_00114;114;;Route du Moulin Beaurenon;97112;97112;Grand-Bourg;;;-61.309382;15.883038
97112_odyy2d_00028;28;;Rue du Docteur Marcel ETZOL;97112;97112;Grand-Bourg;;;-61.31599;15.882356
97112_cmeyup_04386;4386;;Route N204 vers Port-Louis;97112;97112;Grand-Bourg;;;-61.293567;15.911888
97112_g5vfst_02009;2009;;Route N203 vers Capesterre;97112;97112;Grand-Bourg;;;-61.293624;15.873391
97112_cmeyup_03811;3811;;Route N204 vers Port-Louis;97112;97112;Grand-Bourg;;;-61.297534;15.908745
97112_y80k6x_01092;1092;;Route Nationale N9 STL - CPT;97112;97112;Grand-Bourg;;;-61.30493;15.887619
97112_g5vfst_01113;1113;;Route N203 vers Capesterre;97112;97112;Grand-Bourg;;;-61.301819;15.874939
97112_0080_00496;496;;Chemin de l'Étang Jonc;97112;97112;Grand-Bourg;;;-61.282619;15.919763
97112_0017_00001;1;;Rue du Docteur Felix Selbonne;97112;97112;Grand-Bourg;;;-61.316634;15.88202
97112_0121_00036;36;;Avenue Marcel Etzol;97112;97112;Grand-Bourg;;;-61.314092;15.881451
97112_g5vfst_00017;17;;Route N203 vers Capesterre;97112;97112;Grand-Bourg;;;-61.310214;15.880102
97112_siykho_00503;503;;Chemin de la Cible;97112;97112;Grand-Bourg;;;-61.320191;15.885765
97112_gp4zlx_00372;372;;Route de Saint-Marc;97112;97112;Grand-Bourg;;;-61.272953;15.909565
97112_0301_00010;10;;Rue Frantz Fanon;97112;97112;Grand-Bourg;;;-61.312304;15.886901
97112_klz5ay_00152;152;;Chemin Adé GUIBOURDIN;97112;97112;Grand-Bourg;;;-61.301425;15.912348
97112_4i24e7_02258;2258;;Route de Morne Rouge;97112;97112;Grand-Bourg;;;-61.29368;15.89431
97112_c7abqg_00003;3;;Avenue Patrice TIROLIEN;97112;97112;Grand-Bourg;;;-61.314939;15.881288
97112_tt4e92_00032;32;;Rue Beaurenon;97112;97112;Grand-Bourg;;;-61.3148;15.882216
97112_cmeyup_00427;427;;Route N204 vers Port-Louis;97112;97112;Grand-Bourg;;;-61.324424;15.914609
97112_0056_00009;9;;Rue du Commandant Mortenol;97112;97112;Grand-Bourg;;;-61.314685;15.882701
97112_gw1i5u_00258;258;;Route Nationale N9;97112;97112;Grand-Bourg;;;-61.316886;15.88879
97112_gw1i5u_00079;79;;Route Nationale N9;97112;97112;Grand-Bourg;;;-61.315723;15.88761
97112_g5vfst_00674;674;;Route N203 vers Capesterre;97112;97112;Grand-Bourg;;;-61.30514;15.877043
97112_r9e5ut_02318;2318;;Route de Buckingham;97112;97112;Grand-Bourg;;;-61.309919;15.902992
97112_0133_00018;18;;Rue Alonzo;97112;97112;Grand-Bourg;;;-61.314084;15.886238
97112_f9e3d2_03445;3445;;Route de Beaufils;97112;97112;Grand-Bourg;;;-61.27749;15.898377
97112_0212_00006;6;;Rue Hubert Rousseau;97112;97112;Grand-Bourg;;;-61.318836;15.884785
97112_4i24e7_00210;210;;Route de Morne Rouge;97112;97112;Grand-Bourg;;;-61.304042;15.884274
97112_v1swfp_01121;1121;;Route de Moringlane;97112;97112;Grand-Bourg;;;-61.303517;15.925723
97112_g5vfst_01769;1769;;Route N203 vers Capesterre;97112;97112;Grand-Bourg;;;-61.295795;15.873784
97112_g5vfst_03070;3070;;Route N203 vers Capesterre;97112;97112;Grand-Bourg;;;-61.284244;15.870531
97112_g5vfst_00412;412;;Route N203 vers Capesterre;97112;97112;Grand-Bourg;;;-61.306818;15.878691
97112_0040_00022;22;;Passage des Braves;97112;97112;Grand-Bourg;;;-61.31559;15.884186
97112_vg3685_00001;1;;Chemin du Grand-Fond;97112;97112;Grand-Bourg;;;-61.266861;15.894677
97112_r9e5ut_02076;2076;;Route de Buckingham;97112;97112;Grand-Bourg;;;-61.311433;15.904495
97112_d9jzdl_01098;1098;;Route de Vanniers;97112;97112;Grand-Bourg;;;-61.279513;15.916393
97112_uerzzn_00542;542;;Route de Petite Banane;97112;97112;Grand-Bourg;;;-61.313259;15.921961
97112_0017_00066;66;;Rue du Docteur Felix Selbonne;97112;97112;Grand-Bourg;;;-61.315297;15.884038
97112_uerzzn_00298;298;;Route de Petite Banane;97112;97112;Grand-Bourg;;;-61.314451;15.923787
97112_2qcudz_00121;121;;Chemin Agénor QUISOIR;97112;97112;Grand-Bourg;;;-61.314057;15.927883
97112_i4tg5h_01289;1289;;Route de Gagneron;97112;97112;Grand-Bourg;;;-61.260724;15.914006
97112_0080_00559;559;;Chemin de l'Étang Jonc;97112;97112;Grand-Bourg;;;-61.283193;15.919881
97112_u40fl2_00363;363;;Route des Manguiers;97112;97112;Grand-Bourg;;;-61.271519;15.905219
97112_g0nv9l_01555;1555;;Route de la Source;97112;97112;Grand-Bourg;;;-61.286372;15.873181
97112_f9e3d2_02429;2429;;Route de Beaufils;97112;97112;Grand-Bourg;;;-61.277788;15.88974
97112_0212_00005;5;;Rue Hubert Rousseau;97112;97112;Grand-Bourg;;;-61.319034;15.884846
97112_0009_00002;2;;Rue Emile Bambuck;97112;97112;Grand-Bourg;;;-61.312462;15.881255
97112_g5vfst_02852;2852;;Route N203 vers Capesterre;97112;97112;Grand-Bourg;;;-61.286145;15.870899
97112_g5vfst_01219;1219;;Route N203 vers Capesterre;97112;97112;Grand-Bourg;;;-61.300824;15.874856
97112_95we8v_00395;395;;Chemin Prèmyé JERNIVAL;97112;97112;Grand-Bourg;;;-61.277764;15.914948
97112_1b8ltr_00013;13;;Boulevard de la Caraibe;97112;97112;Grand-Bourg;;;-61.315574;15.881399
97112_gan0my_00204;204;;Chemin Vétiver;97112;97112;Grand-Bourg;;;-61.296247;15.875358
97112_05tb0n_00011;11;;Rue Joseph IGNACE;97112;97112;Grand-Bourg;;;-61.311361;15.885371
97112_cmeyup_03980;3980;;Route N204 vers Port-Louis;97112;97112;Grand-Bourg;;;-61.296136;15.909453
97112_gw1i5u_02152;2152;;Route Nationale N9;97112;97112;Grand-Bourg;;;-61.32558;15.90334
97112_i4tg5h_00025;25;;Route de Gagneron;97112;97112;Grand-Bourg;;;-61.270018;15.907821
97112_1b8ltr_00063;63;;Boulevard de la Caraibe;97112;97112;Grand-Bourg;;;-61.313631;15.88049
97112_g5vfst_04228;4228;;Route N203 vers Capesterre;97112;97112;Grand-Bourg;;;-61.273388;15.869694
97112_cmeyup_02780;2780;;Route N204 vers Port-Louis;97112;97112;Grand-Bourg;;;-61.30404;15.913559
97112_cmeyup_05056;5056;;Route N204 vers Port-Louis;97112;97112;Grand-Bourg;;;-61.288262;15.912136
97112_0303_00037;37;;Rue Mulatresse Solitude;97112;97112;Grand-Bourg;;;-61.312866;15.887362
97112_i4tg5h_00312;312;;Route de Gagneron;97112;97112;Grand-Bourg;;;-61.267856;15.908805
97112_0017_00013;13;;Rue du Docteur Felix Selbonne;97112;97112;Grand-Bourg;;;-61.315988;15.883206
97112_cmeyup_04411;4411;;Route N204 vers Port-Louis;97112;97112;Grand-Bourg;;;-61.293383;15.912077
97112_zh40nc_01232;1232;;Route de Houelche;97112;97112;Grand-Bourg;;;-61.271187;15.904141
97112_6m8tbw_00124;124;;Chemin du moulin de Bonneval;97112;97112;Grand-Bourg;;;-61.318395;15.893489
97112_o9eyeu_00216;216;;Chemin du Fond Charbonnier;97112;97112;Grand-Bourg;;;-61.266059;15.900941
97112_i4tg5h_00315;315;;Route de Gagneron;97112;97112;Grand-Bourg;;;-61.268686;15.910073
97112_tn00tz_00702;702;;Route du Charron;97112;97112;Grand-Bourg;;;-61.282085;15.899004
97112_0080_01712;1712;;Chemin de l'Étang Jonc;97112;97112;Grand-Bourg;;;-61.291335;15.923131
97112_r9e5ut_00102;102;;Route de Buckingham;97112;97112;Grand-Bourg;;;-61.32505;15.904752
97112_cmeyup_00045;45;;Route N204 vers Port-Louis;97112;97112;Grand-Bourg;;;-61.328076;15.914759
97112_f9e3d2_03998;3998;;Route de Beaufils;97112;97112;Grand-Bourg;;;-61.276401;15.90261
97112_f30531_04578;4578;;Route de Folle-Anse;97112;97112;Grand-Bourg;;;-61.320964;15.950062
97112_cmeyup_01629;1629;;Route N204 vers Port-Louis;97112;97112;Grand-Bourg;;;-61.313635;15.91308
97112_r9e5ut_01355;1355;;Route de Buckingham;97112;97112;Grand-Bourg;;;-61.315209;15.909042
97112_v1swfp_01254;1254;;Route de Moringlane;97112;97112;Grand-Bourg;;;-61.303695;15.924559
97112_pyw5rp_02773;2773;;Route de Morne Lalane;97112;97112;Grand-Bourg;;;-61.266447;15.886125
97112_g0nv9l_01224;1224;;Route de la Source;97112;97112;Grand-Bourg;;;-61.288982;15.873401
97112_g5vfst_02746;2746;;Route N203 vers Capesterre;97112;97112;Grand-Bourg;;;-61.287081;15.870758
97112_d9jzdl_01528;1528;;Route de Vanniers;97112;97112;Grand-Bourg;;;-61.279305;15.920219
97112_g5vfst_00099;99;;Route N203 vers Capesterre;97112;97112;Grand-Bourg;;;-61.309511;15.879812
97112_d9jzdl_00846;846;;Route de Vanniers;97112;97112;Grand-Bourg;;;-61.279565;15.914235
97112_0i8qps_01545;1545;;Route de LaTreille;97112;97112;Grand-Bourg;;;-61.30869;15.897914
97112_7chq57_00388;388;;Chemin des Racoons;97112;97112;Grand-Bourg;;;-61.277319;15.922487
97112_0202_00004;4;;Rue GAYOTTE;97112;97112;Grand-Bourg;;;-61.316951;15.886251
97112_zh40nc_01120;1120;;Route de Houelche;97112;97112;Grand-Bourg;;;-61.270744;15.9032
97112_0121_00042;42;;Avenue Marcel Etzol;97112;97112;Grand-Bourg;;;-61.314341;15.881585
97112_i4tg5h_01470;1470;;Route de Gagneron;97112;97112;Grand-Bourg;;;-61.259167;15.914317
97112_cmeyup_01633;1633;;Route N204 vers Port-Louis;97112;97112;Grand-Bourg;;;-61.313175;15.9133
97112_y30g79_00001;1;;Chemin Fond Moco;97112;97112;Grand-Bourg;;;-61.267184;15.915755
97112_r9e5ut_02245;2245;;Route de Buckingham;97112;97112;Grand-Bourg;;;-61.310359;15.903449
97112_y80k6x_02436;2436;;Route Nationale N9 STL - CPT;97112;97112;Grand-Bourg;;;-61.296078;15.895216
97112_0303_00031;31;;Rue Mulatresse Solitude;97112;97112;Grand-Bourg;;;-61.313136;15.887485
97112_y30g79_00248;248;;Chemin Fond Moco;97112;97112;Grand-Bourg;;;-61.26526;15.915136
97112_cmeyup_02740;2740;;Route N204 vers Port-Louis;97112;97112;Grand-Bourg;;;-61.304278;15.913839
97112_d9jzdl_00371;371;;Route de Vanniers;97112;97112;Grand-Bourg;;;-61.280125;15.910139
97112_g5vfst_01850;1850;;Route N203 vers Capesterre;97112;97112;Grand-Bourg;;;-61.295067;15.873538
97112_g5vfst_00407;407;;Route N203 vers Capesterre;97112;97112;Grand-Bourg;;;-61.306831;15.878831
97112_c7abqg_00019;19;;Avenue Patrice TIROLIEN;97112;97112;Grand-Bourg;;;-61.31426;15.882646
97112_gw1i5u_02436;2436;;Route Nationale N9;97112;97112;Grand-Bourg;;;-61.326257;15.905795
97112_0133_00035;35;;Rue Alonzo;97112;97112;Grand-Bourg;;;-61.313029;15.88597
97112_1b8ltr_00007;7;;Boulevard de la Caraibe;97112;97112;Grand-Bourg;;;-61.315704;15.881487
97112_sv0tjd_00371;371;;Chemin de Beauregard;97112;97112;Grand-Bourg;;;-61.263434;15.895045
97112_cmeyup_04360;4360;;Route N204 vers Port-Louis;97112;97112;Grand-Bourg;;;-61.293792;15.911803
97112_r9e5ut_00723;723;;Route de Buckingham;97112;97112;Grand-Bourg;;;-61.320096;15.906033
97112_mrv1lu_00071;71;;Route René GLORIEUX;97112;97112;Grand-Bourg;;;-61.298442;15.894049
97112_d9jzdl_00825;825;;Route de Vanniers;97112;97112;Grand-Bourg;;;-61.28118;15.914114
97112_0217_00066;66;;Avenue Sabliers Joinville;97112;97112;Grand-Bourg;;;-61.311325;15.88039
97112_0201_00004;4;;Rue Saint John Perse;97112;97112;Grand-Bourg;;;-61.31792;15.887226
97112_0303_00046;46;;Rue Mulatresse Solitude;97112;97112;Grand-Bourg;;;-61.312619;15.887034
97112_tmpfck_00275;275;;Chemin Boustabak;97112;97112;Grand-Bourg;;;-61.309875;15.890904
97112_gp4zlx_00001;1;;Route de Saint-Marc;97112;97112;Grand-Bourg;;;-61.274741;15.906991
97112_odyy2d_00008;8;;Rue du Docteur Marcel ETZOL;97112;97112;Grand-Bourg;;;-61.314955;15.881837
97112_0i8qps_02564;2564;;Route de LaTreille;97112;97112;Grand-Bourg;;;-61.300994;15.904768
97112_g5vfst_00564;564;;Route N203 vers Capesterre;97112;97112;Grand-Bourg;;;-61.305838;15.877782
97112_0017_00032;32;;Rue du Docteur Felix Selbonne;97112;97112;Grand-Bourg;;;-61.315794;15.883197
97112_g5vfst_02612;2612;;Route N203 vers Capesterre;97112;97112;Grand-Bourg;;;-61.288366;15.871423
97112_g5vfst_01886;1886;;Route N203 vers Capesterre;97112;97112;Grand-Bourg;;;-61.294753;15.8735
97112_v1swfp_02074;2074;;Route de Moringlane;97112;97112;Grand-Bourg;;;-61.306401;15.918934
97112_klz5ay_00088;88;;Chemin Adé GUIBOURDIN;97112;97112;Grand-Bourg;;;-61.301966;15.912086
97112_0i8qps_00909;909;;Route de LaTreille;97112;97112;Grand-Bourg;;;-61.311334;15.894206
97112_rh7aqe_00507;507;;Chemin de L'école;97112;97112;Grand-Bourg;;;-61.278466;15.907153
97112_0205_00010;10;;Rue Francois Antenor Habazac;97112;97112;Grand-Bourg;;;-61.316419;15.883751
97112_g5vfst_00677;677;;Route N203 vers Capesterre;97112;97112;Grand-Bourg;;;-61.305037;15.877082
97112_d9jzdl_02044;2044;;Route de Vanniers;97112;97112;Grand-Bourg;;;-61.279653;15.924734
97112_0218_00005;5;;Rue Achille Rene Boisneuf;97112;97112;Grand-Bourg;;;-61.311957;15.886576
97112_0009_00026;26;;Rue Emile Bambuck;97112;97112;Grand-Bourg;;;-61.312105;15.88237
97112_cufhff_00018;18;;Chemin Sandragon;97112;97112;Grand-Bourg;;;-61.309883;15.881483
97112_4sxdra_01994;1994;;Route de Thibault;97112;97112;Grand-Bourg;;;-61.260972;15.883893
97112_tn00tz_00001;1;;Route du Charron;97112;97112;Grand-Bourg;;;-61.277825;15.900907
97112_0133_00003;3;;Rue Alonzo;97112;97112;Grand-Bourg;;;-61.314537;15.886539
97112_1b8ltr_00001;1;;Boulevard de la Caraibe;97112;97112;Grand-Bourg;;;-61.315907;15.881752
97112_y80k6x_04437;4437;;Route Nationale N9 STL - CPT;97112;97112;Grand-Bourg;;;-61.283364;15.906203
97112_cmeyup_01725;1725;;Route N204 vers Port-Louis;97112;97112;Grand-Bourg;;;-61.312788;15.913249
97112_gw1i5u_00159;159;;Route Nationale N9;97112;97112;Grand-Bourg;;;-61.316237;15.888119
97112_gan0my_00132;132;;Chemin Vétiver;97112;97112;Grand-Bourg;;;-61.295762;15.874955
97112_sv0tjd_00776;776;;Chemin de Beauregard;97112;97112;Grand-Bourg;;;-61.259728;15.894218
97112_0065_00007;7;;Avenue Delgres;97112;97112;Grand-Bourg;;;-61.314414;15.887254
97112_gpwjz3_00749;749;;Route Durocher;97112;97112;Grand-Bourg;;;-61.274778;15.913002
97112_tt4e92_00016;16;;Rue Beaurenon;97112;97112;Grand-Bourg;;;-61.315597;15.882698
97112_f59tc5_00447;447;;Chemin Rousseau BERNARDIN;97112;97112;Grand-Bourg;;;-61.282516;15.92269
97112_tn00tz_00438;438;;Route du Charron;97112;97112;Grand-Bourg;;;-61.280994;15.899273
97112_i4tg5h_02324;2324;;Route de Gagneron;97112;97112;Grand-Bourg;;;-61.252431;15.911275
97112_d9jzdl_00874;874;;Route de Vanniers;97112;97112;Grand-Bourg;;;-61.279664;15.914461
97112_edhfqx_00810;810;;Route de Murat;97112;97112;Grand-Bourg;;;-61.299639;15.881405
97112_rh7aqe_00001;1;;Chemin de L'école;97112;97112;Grand-Bourg;;;-61.281053;15.907947
97112_0301_00009;9;;Rue Frantz Fanon;97112;97112;Grand-Bourg;;;-61.311729;15.888065
97112_i4tg5h_00828;828;;Route de Gagneron;97112;97112;Grand-Bourg;;;-61.264441;15.911886
97112_76q0wq_00223;223;;Chemin Laman;97112;97112;Grand-Bourg;;;-61.281382;15.925584
97112_xobdeb_00042;42;;Chemin Anacardiers;97112;97112;Grand-Bourg;;;-61.265244;15.894462
97112_0210_00003;3;;Rue Henry Rinaldo;97112;97112;Grand-Bourg;;;-61.317283;15.88638
97112_gw1i5u_00441;441;;Route Nationale N9;97112;97112;Grand-Bourg;;;-61.317996;15.889996
97112_9d9e8z_00552;552;;Chemin des Pêcheurs;97112;97112;Grand-Bourg;;;-61.302682;15.880558
97112_cmeyup_05749;5749;;Route N204 vers Port-Louis;97112;97112;Grand-Bourg;;;-61.284334;15.908581
97112_y80k6x_04127;4127;;Route Nationale N9 STL - CPT;97112;97112;Grand-Bourg;;;-61.28509;15.904024
97112_2qcudz_00241;241;;Chemin Agénor QUISOIR;97112;97112;Grand-Bourg;;;-61.313041;15.928402
97112_g5vfst_01259;1259;;Route N203 vers Capesterre;97112;97112;Grand-Bourg;;;-61.300443;15.87483
97112_05j9q3_01928;1928;;L'Hermitage;97112;97112;Grand-Bourg;;;-61.29878;15.891758
97112_0065_00015;15;;Avenue Delgres;97112;97112;Grand-Bourg;;;-61.312934;15.886761
97112_4sxdra_00322;322;;Route de Thibault;97112;97112;Grand-Bourg;;;-61.26888;15.872383
97112_g5vfst_00002;2;;Route N203 vers Capesterre;97112;97112;Grand-Bourg;;;-61.310423;15.880061
97112_sv0tjd_00956;956;;Chemin de Beauregard;97112;97112;Grand-Bourg;;;-61.257965;15.89392
97112_gw1i5u_05841;5841;;Route Nationale N9;97112;97112;Grand-Bourg;;;-61.316403;15.926328
97112_0133_00041;41;;Rue Alonzo;97112;97112;Grand-Bourg;;;-61.312389;15.885591
97112_1w2ger_00028;28;;ignace;97112;97112;Grand-Bourg;;;-61.283719;15.909221
97112_0303_00041;41;;Rue Mulatresse Solitude;97112;97112;Grand-Bourg;;;-61.312691;15.887271
97112_d9jzdl_00055;55;;Route de Vanniers;97112;97112;Grand-Bourg;;;-61.281706;15.907896
97112_0146_00003;3;;Rue Flamboyant;97112;97112;Grand-Bourg;;;-61.313447;15.885629
97112_y80k6x_02578;2578;;Route Nationale N9 STL - CPT;97112;97112;Grand-Bourg;;;-61.295143;15.89606
97112_0096_00018;18;;Rue du Fort;97112;97112;Grand-Bourg;;;-61.31618;15.881864
97112_g5vfst_01417;1417;;Route N203 vers Capesterre;97112;97112;Grand-Bourg;;;-61.298986;15.874561
97112_gw1i5u_06461;6461;;Route Nationale N9;97112;97112;Grand-Bourg;;;-61.312828;15.929531
97112_0121_00022;22;;Avenue Marcel Etzol;97112;97112;Grand-Bourg;;;-61.313479;15.881185
97112_0217_00038;38;;Avenue Sabliers Joinville;97112;97112;Grand-Bourg;;;-61.312822;15.881032
97112_f59tc5_00425;425;;Chemin Rousseau BERNARDIN;97112;97112;Grand-Bourg;;;-61.282427;15.922416
97112_v1swfp_00460;460;;Route de Moringlane;97112;97112;Grand-Bourg;;;-61.308597;15.928067
97112_0221_00017;17;;Rue Sony Rupaire;97112;97112;Grand-Bourg;;;-61.317831;15.887807
97112_tt4e92_00022;22;;Rue Beaurenon;97112;97112;Grand-Bourg;;;-61.315232;15.882471
97112_xmv04b_00094;94;;Chemin Bagatelle;97112;97112;Grand-Bourg;;;-61.315835;15.899853
97112_g0nv9l_01443;1443;;Route de la Source;97112;97112;Grand-Bourg;;;-61.287065;15.872797
97112_cxrgxr_00016;16;;Chemin de la mare Toubois;97112;97112;Grand-Bourg;;;-61.260003;15.906688
97112_0303_00045;45;;Rue Mulatresse Solitude;97112;97112;Grand-Bourg;;;-61.31251;15.887175
97112_cmeyup_05901;5901;;Route N204 vers Port-Louis;97112;97112;Grand-Bourg;;;-61.284756;15.907258
97112_no6vic_00001;1;;Chemin 14 détours;97112;97112;Grand-Bourg;;;-61.285695;15.922323
97112_0040_00023;23;;Passage des Braves;97112;97112;Grand-Bourg;;;-61.316251;15.884883
97112_g5vfst_01557;1557;;Route N203 vers Capesterre;97112;97112;Grand-Bourg;;;-61.297733;15.874268
97112_ajvmqo_00169;169;;Chemin de Gay;97112;97112;Grand-Bourg;;;-61.312682;15.925914
97112_0071_00009;9;;Place de l'Eglise;97112;97112;Grand-Bourg;;;-61.315293;15.883195
97112_tt4e92_00024;24;;Rue Beaurenon;97112;97112;Grand-Bourg;;;-61.315171;15.882442
97112_0304_00002;2;;Rue Hegesippe Legitimus;97112;97112;Grand-Bourg;;;-61.311858;15.887118
97112_e2301p_01058;1058;;Route de Bielle;97112;97112;Grand-Bourg;;;-61.26726;15.915454
97112_zkvspv_00110;110;;Route de Bambara;97112;97112;Grand-Bourg;;;-61.312591;15.889348
97112_pgsyup_02512;2512;;Chemin de Kato;97112;97112;Grand-Bourg;;;-61.290589;15.890039
97112_klz5ay_00447;447;;Chemin Adé GUIBOURDIN;97112;97112;Grand-Bourg;;;-61.301182;15.914582
97112_cmeyup_05426;5426;;Route N204 vers Port-Louis;97112;97112;Grand-Bourg;;;-61.284839;15.911465
97112_0009_00006;6;;Rue Emile Bambuck;97112;97112;Grand-Bourg;;;-61.312411;15.881463
97112_0017_00050;50;;Rue du Docteur Felix Selbonne;97112;97112;Grand-Bourg;;;-61.31547;15.883732
97112_0272_00046;46;;Rue du Vieil Arbre;97112;97112;Grand-Bourg;;;-61.313058;15.880633
97112_0009_00034;34;;Rue Emile Bambuck;97112;97112;Grand-Bourg;;;-61.311611;15.883388
97112_4i24e7_02175;2175;;Route de Morne Rouge;97112;97112;Grand-Bourg;;;-61.293118;15.89385
97112_38f266_00038;38;;Route du Moulin Beaurenon;97112;97112;Grand-Bourg;;;-61.308687;15.88281
97112_gpwjz3_00707;707;;Route Durocher;97112;97112;Grand-Bourg;;;-61.275088;15.912902
97112_7chq57_00567;567;;Chemin des Racoons;97112;97112;Grand-Bourg;;;-61.276615;15.923816
97112_0080_00001;1;;Chemin de l'Étang Jonc;97112;97112;Grand-Bourg;;;-61.279566;15.916869
97112_0272_00044;44;;Rue du Vieil Arbre;97112;97112;Grand-Bourg;;;-61.31313;15.880662
97112_pyw5rp_00361;361;;Route de Morne Lalane;97112;97112;Grand-Bourg;;;-61.281318;15.872961
97112_y80k6x_02723;2723;;Route Nationale N9 STL - CPT;97112;97112;Grand-Bourg;;;-61.294495;15.897361
97112_0153_00003;3;;Rue Martin Luther King;97112;97112;Grand-Bourg;;;-61.3144;15.884694
97112_69lpf3_00007;7;;Rue RABOT-SAGET;97112;97112;Grand-Bourg;;;-61.317639;15.884335
97112_qftviv_00043;43;;Chemin Valsaint;97112;97112;Grand-Bourg;;;-61.311691;15.913952
97112_mrv1lu_00448;448;;Route René GLORIEUX;97112;97112;Grand-Bourg;;;-61.295013;15.893877
97112_v1swfp_01274;1274;;Route de Moringlane;97112;97112;Grand-Bourg;;;-61.30491;15.924789
97112_gw1i5u_00771;771;;Route Nationale N9;97112;97112;Grand-Bourg;;;-61.31919;15.892678
97112_tt4e92_00017;17;;Rue Beaurenon;97112;97112;Grand-Bourg;;;-61.315071;15.882513
97112_9d9e8z_00240;240;;Chemin des Pêcheurs;97112;97112;Grand-Bourg;;;-61.303371;15.87811
97112_0217_00056;56;;Avenue Sabliers Joinville;97112;97112;Grand-Bourg;;;-61.311689;15.880542
97112_tttrhi_00544;544;;Chemin du moulin de Saint-Michel;97112;97112;Grand-Bourg;;;-61.269947;15.88412
97112_05j9q3_01996;1996;;L'Hermitage;97112;97112;Grand-Bourg;;;-61.301122;15.891804
97112_0065_00038;38;;Avenue Delgres;97112;97112;Grand-Bourg;;;-61.311565;15.885558
97112_0135_00001;1;;Rue Furcie Tirolien;97112;97112;Grand-Bourg;;;-61.316177;15.881582
97112_gpwjz3_00289;289;;Route Durocher;97112;97112;Grand-Bourg;;;-61.276153;15.909933
97112_gw1i5u_00368;368;;Route Nationale N9;97112;97112;Grand-Bourg;;;-61.317548;15.889514
97112_gw1i5u_00232;232;;Route Nationale N9;97112;97112;Grand-Bourg;;;-61.316771;15.88868
97112_0080_01541;1541;;Chemin de l'Étang Jonc;97112;97112;Grand-Bourg;;;-61.289755;15.922813
97112_0214_00004;4;;Rue Charles PORTECOP;97112;97112;Grand-Bourg;;;-61.314282;15.883797
97112_0212_00017;17;;Rue Hubert Rousseau;97112;97112;Grand-Bourg;;;-61.318275;15.886157
97112_0i8qps_00545;545;;Route de LaTreille;97112;97112;Grand-Bourg;;;-61.312701;15.891211
97112_e2301p_01060;1060;;Route de Bielle;97112;97112;Grand-Bourg;;;-61.267431;15.915321
97112_0264_00002;2;;Passage Vatable;97112;97112;Grand-Bourg;;;-61.313847;15.881066
97112_y80k6x_00559;559;;Route Nationale N9 STL - CPT;97112;97112;Grand-Bourg;;;-61.306991;15.883605
97112_0121_00005;5;;Avenue Marcel Etzol;97112;97112;Grand-Bourg;;;-61.313379;15.880919
97112_gam7cw_00003;3;;Chemin Maïbois;97112;97112;Grand-Bourg;;;-61.274159;15.885732
97112_i4tg5h_00310;310;;Route de Gagneron;97112;97112;Grand-Bourg;;;-61.268202;15.909672
97112_0040_00011;11;;Passage des Braves;97112;97112;Grand-Bourg;;;-61.316521;15.885133
97112_cmeyup_04451;4451;;Route N204 vers Port-Louis;97112;97112;Grand-Bourg;;;-61.293057;15.912225
97112_g5vfst_00092;92;;Route N203 vers Capesterre;97112;97112;Grand-Bourg;;;-61.309646;15.879742
97112_pd8j1u_00132;132;;Chemin Fond Corossol;97112;97112;Grand-Bourg;;;-61.285838;15.905271
97112_p03avt_00331;331;;Route Lamy;97112;97112;Grand-Bourg;;;-61.31461;15.893707
97112_0210_00007;7;;Rue Henry Rinaldo;97112;97112;Grand-Bourg;;;-61.317464;15.886034
97112_gw1i5u_00086;86;;Route Nationale N9;97112;97112;Grand-Bourg;;;-61.315669;15.887724
97112_pm12jy_00689;689;;Route Ravine David;97112;97112;Grand-Bourg;;;-61.321916;15.908337
97112_f30531_04580;4580;;Route de Folle-Anse;97112;97112;Grand-Bourg;;;-61.320958;15.949474
97112_y30g79_00302;302;;Chemin Fond Moco;97112;97112;Grand-Bourg;;;-61.264763;15.915036
97112_pyw5rp_03855;3855;;Route de Morne Lalane;97112;97112;Grand-Bourg;;;-61.261166;15.893671
97112_0272_00030;30;;Rue du Vieil Arbre;97112;97112;Grand-Bourg;;;-61.31368;15.880887
97112_g5vfst_03744;3744;;Route N203 vers Capesterre;97112;97112;Grand-Bourg;;;-61.277913;15.869688
97112_pm12jy_00868;868;;Route Ravine David;97112;97112;Grand-Bourg;;;-61.321077;15.907049
97112_f9e3d2_02055;2055;;Route de Beaufils;97112;97112;Grand-Bourg;;;-61.278182;15.886711
97112_0134_00008;8;;Rue Alamanda;97112;97112;Grand-Bourg;;;-61.3133;15.886149
97112_2qcudz_00001;1;;Chemin Agénor QUISOIR;97112;97112;Grand-Bourg;;;-61.313848;15.926872
97112_1b8ltr_00057;57;;Boulevard de la Caraibe;97112;97112;Grand-Bourg;;;-61.313867;15.880585
97112_9d9e8z_00368;368;;Chemin des Pêcheurs;97112;97112;Grand-Bourg;;;-61.302762;15.879089
97112_0272_00034;34;;Rue du Vieil Arbre;97112;97112;Grand-Bourg;;;-61.313559;15.880833
97112_g5vfst_02311;2311;;Route N203 vers Capesterre;97112;97112;Grand-Bourg;;;-61.290946;15.872357
97112_gw1i5u_03029;3029;;Route Nationale N9;97112;97112;Grand-Bourg;;;-61.327391;15.910998
97112_p03avt_02075;2075;;Route Lamy;97112;97112;Grand-Bourg;;;-61.319736;15.905546
97112_qttlxt_00466;466;;Chemin de la Bruyère;97112;97112;Grand-Bourg;;;-61.309597;15.937034
97112_teaya6_00189;189;;Chemin Fleur de Canne;97112;97112;Grand-Bourg;;;-61.315374;15.913321
97112_umdfqp_00001;1;;Chemin Benjamin;97112;97112;Grand-Bourg;;;-61.295018;15.873619
97112_b3jtj2_00095;95;;Chemin Hérisson;97112;97112;Grand-Bourg;;;-61.271818;15.903355
97112_tt4e92_00025;25;;Rue Beaurenon;97112;97112;Grand-Bourg;;;-61.314893;15.882408
97112_umdfqp_00191;191;;Chemin Benjamin;97112;97112;Grand-Bourg;;;-61.294412;15.875207
97112_0153_00011;11;;Rue Martin Luther King;97112;97112;Grand-Bourg;;;-61.313709;15.884491
97112_0149_00046;46;;Rue Marcel Lollia;97112;97112;Grand-Bourg;;;-61.313763;15.886465
97112_0133_00019;19;;Rue Alonzo;97112;97112;Grand-Bourg;;;-61.313739;15.886192
97112_0188_00008;8;;Rue Pasteur;97112;97112;Grand-Bourg;;;-61.315416;15.883538
97112_05tb0n_00028;28;;Rue Joseph IGNACE;97112;97112;Grand-Bourg;;;-61.310918;15.886159
97112_05j9q3_01719;1719;;L'Hermitage;97112;97112;Grand-Bourg;;;-61.301291;15.891415
97112_gw1i5u_03874;3874;;Route Nationale N9;97112;97112;Grand-Bourg;;;-61.329244;15.918065
97112_0017_00003;3;;Rue du Docteur Felix Selbonne;97112;97112;Grand-Bourg;;;-61.316194;15.882779
97112_0217_00015;15;;Avenue Sabliers Joinville;97112;97112;Grand-Bourg;;;-61.313291;15.881651
97112_g5vfst_02634;2634;;Route N203 vers Capesterre;97112;97112;Grand-Bourg;;;-61.288235;15.870354
97112_0301_00002;2;;Rue Frantz Fanon;97112;97112;Grand-Bourg;;;-61.312544;15.886505
97112_y80k6x_04571;4571;;Route Nationale N9 STL - CPT;97112;97112;Grand-Bourg;;;-61.282415;15.906964
97112_0144_00023;23;;Rue de la Liberté;97112;97112;Grand-Bourg;;;-61.316982;15.883258
97112_05tb0n_00008;8;;Rue Joseph IGNACE;97112;97112;Grand-Bourg;;;-61.311061;15.884492
97112_0i8qps_01163;1163;;Route de LaTreille;97112;97112;Grand-Bourg;;;-61.309935;15.896223
97112_u40fl2_00942;942;;Route des Manguiers;97112;97112;Grand-Bourg;;;-61.26752;15.906855
97112_0208_00009;9;;Rue de la République;97112;97112;Grand-Bourg;;;-61.315338;15.881712
97112_r9e5ut_01887;1887;;Route de Buckingham;97112;97112;Grand-Bourg;;;-61.311824;15.906191
97112_cmeyup_01368;1368;;Route N204 vers Port-Louis;97112;97112;Grand-Bourg;;;-61.316082;15.912706
97112_v1swfp_01364;1364;;Route de Moringlane;97112;97112;Grand-Bourg;;;-61.303756;15.923559
97112_0135_00021;21;;Rue Furcie Tirolien;97112;97112;Grand-Bourg;;;-61.315568;15.882575
97112_ndaajn_00004;4;;Rue Octave GAREL;97112;97112;Grand-Bourg;;;-61.318125;15.884487
97112_umdfqp_00234;234;;Chemin Benjamin;97112;97112;Grand-Bourg;;;-61.294178;15.87553
97112_cmeyup_01730;1730;;Route N204 vers Port-Louis;97112;97112;Grand-Bourg;;;-61.312706;15.913181
97112_cmeyup_00712;712;;Route N204 vers Port-Louis;97112;97112;Grand-Bourg;;;-61.321926;15.914159
97112_9gfr6p_00076;76;;Chemin Murato;97112;97112;Grand-Bourg;;;-61.302722;15.875862
97112_pza574_00111;111;;Chemin Duranchel CONFIAC;97112;97112;Grand-Bourg;;;-61.316021;15.889307
97112_y80k6x_02639;2639;;Route Nationale N9 STL - CPT;97112;97112;Grand-Bourg;;;-61.294711;15.896414
97112_0134_00005;5;;Rue Alamanda;97112;97112;Grand-Bourg;;;-61.313717;15.885692
97112_69lpf3_00001;1;;Rue RABOT-SAGET;97112;97112;Grand-Bourg;;;-61.316965;15.885488
97112_tn00tz_00720;720;;Route du Charron;97112;97112;Grand-Bourg;;;-61.282512;15.898183
97112_f59tc5_00054;54;;Chemin Rousseau BERNARDIN;97112;97112;Grand-Bourg;;;-61.280305;15.920907
97112_0096_00004;4;;Rue du Fort;97112;97112;Grand-Bourg;;;-61.316988;15.882358
97112_gpwjz3_00732;732;;Route Durocher;97112;97112;Grand-Bourg;;;-61.274838;15.912885
97112_zkvspv_00311;311;;Route de Bambara;97112;97112;Grand-Bourg;;;-61.310917;15.888519
97112_0133_00015;15;;Rue Alonzo;97112;97112;Grand-Bourg;;;-61.313887;15.886282
97112_52us24_00014;14;;Rue Toussaint-Louverture;97112;97112;Grand-Bourg;;;-61.314392;15.882921
97112_0210_00004;4;;Rue Henry Rinaldo;97112;97112;Grand-Bourg;;;-61.317512;15.886612
97112_0272_00038;38;;Rue du Vieil Arbre;97112;97112;Grand-Bourg;;;-61.313379;15.880765
97112_umdfqp_00024;24;;Chemin Benjamin;97112;97112;Grand-Bourg;;;-61.294932;15.873774
97112_cmeyup_02800;2800;;Route N204 vers Port-Louis;97112;97112;Grand-Bourg;;;-61.303981;15.91346
97112_xmv04b_00408;408;;Chemin Bagatelle;97112;97112;Grand-Bourg;;;-61.314499;15.901914
97112_y80k6x_05449;5449;;Route Nationale N9 STL - CPT;97112;97112;Grand-Bourg;;;-61.274917;15.907047
97112_1b8ltr_00059;59;;Boulevard de la Caraibe;97112;97112;Grand-Bourg;;;-61.31381;15.880562
97112_0065_00013;13;;Avenue Delgres;97112;97112;Grand-Bourg;;;-61.313103;15.886785
97112_cmeyup_04532;4532;;Route N204 vers Port-Louis;97112;97112;Grand-Bourg;;;-61.291265;15.912399
97112_pd8j1u_00192;192;;Chemin Fond Corossol;97112;97112;Grand-Bourg;;;-61.286227;15.90482
97112_y80k6x_02941;2941;;Route Nationale N9 STL - CPT;97112;97112;Grand-Bourg;;;-61.292088;15.897282
97112_d9jzdl_02143;2143;;Route de Vanniers;97112;97112;Grand-Bourg;;;-61.279721;15.925656
97112_pyw5rp_02766;2766;;Route de Morne Lalane;97112;97112;Grand-Bourg;;;-61.26649;15.886028
97112_9gfr6p_00011;11;;Chemin Murato;97112;97112;Grand-Bourg;;;-61.303086;15.875401
97112_0080_00694;694;;Chemin de l'Étang Jonc;97112;97112;Grand-Bourg;;;-61.284136;15.920752
97112_0201_00022;22;;Rue Saint John Perse;97112;97112;Grand-Bourg;;;-61.316557;15.886083
97112_s9xg93_00090;90;;Chemin de Pafory;97112;97112;Grand-Bourg;;;-61.308766;15.935656
97112_0133_00002;2;;Rue Alonzo;97112;97112;Grand-Bourg;;;-61.314777;15.886289
97112_9d9e8z_00570;570;;Chemin des Pêcheurs;97112;97112;Grand-Bourg;;;-61.303292;15.880242
97112_0208_00016;16;;Rue de la République;97112;97112;Grand-Bourg;;;-61.315082;15.881996
97112_7chq57_00397;397;;Chemin des Racoons;97112;97112;Grand-Bourg;;;-61.277344;15.9226
97112_0217_00007;7;;Avenue Sabliers Joinville;97112;97112;Grand-Bourg;;;-61.314147;15.882022
97112_r9e5ut_00685;685;;Route de Buckingham;97112;97112;Grand-Bourg;;;-61.320321;15.905829
97112_teaya6_00330;330;;Chemin Fleur de Canne;97112;97112;Grand-Bourg;;;-61.315356;15.915371
97112_cmeyup_04433;4433;;Route N204 vers Port-Louis;97112;97112;Grand-Bourg;;;-61.293269;15.91219
97112_cmeyup_04847;4847;;Route N204 vers Port-Louis;97112;97112;Grand-Bourg;;;-61.289566;15.913427
97112_0017_00028;28;;Rue du Docteur Felix Selbonne;97112;97112;Grand-Bourg;;;-61.315838;15.883109
97112_0133_00045;45;;Rue Alonzo;97112;97112;Grand-Bourg;;;-61.311801;15.885289
97112_0121_00011;11;;Avenue Marcel Etzol;97112;97112;Grand-Bourg;;;-61.313593;15.881009
97112_p03avt_01936;1936;;Route Lamy;97112;97112;Grand-Bourg;;;-61.320445;15.904701
97112_0121_00009;9;;Avenue Marcel Etzol;97112;97112;Grand-Bourg;;;-61.313518;15.880997
97112_0065_00017;17;;Avenue Delgres;97112;97112;Grand-Bourg;;;-61.312337;15.886312
97112_0217_00074;74;;Avenue Sabliers Joinville;97112;97112;Grand-Bourg;;;-61.310886;15.880218
97112_0080_01749;1749;;Chemin de l'Étang Jonc;97112;97112;Grand-Bourg;;;-61.291669;15.923026
97112_y80k6x_02947;2947;;Route Nationale N9 STL - CPT;97112;97112;Grand-Bourg;;;-61.29185;15.897803
97112_8evxbs_00115;115;;Chemin des arbres à pain;97112;97112;Grand-Bourg;;;-61.30744;15.882147
97112_gw1i5u_01308;1308;;Route Nationale N9;97112;97112;Grand-Bourg;;;-61.32034;15.897464
97112_0206_00004;4;;Rue Pierre LEROY;97112;97112;Grand-Bourg;;;-61.316531;15.883008
97112_0303_00026;26;;Rue Mulatresse Solitude;97112;97112;Grand-Bourg;;;-61.313377;15.887423
97112_g5vfst_02253;2253;;Route N203 vers Capesterre;97112;97112;Grand-Bourg;;;-61.291462;15.872584
97112_g5vfst_00639;639;;Route N203 vers Capesterre;97112;97112;Grand-Bourg;;;-61.305307;15.877346
97112_y80k6x_06924;6924;;Route Nationale N9 STL - CPT;97112;97112;Grand-Bourg;;;-61.261297;15.906998
97112_a240_01464_p;1464;p;Lot les Hauts de Beaufils;97112;97112;Grand-Bourg;;;-61.287353;15.878083
97112_0301_00014;14;;Rue Frantz Fanon;97112;97112;Grand-Bourg;;;-61.312115;15.887114
97112_93xpqj_00943;943;;Route de Mauraille;97112;97112;Grand-Bourg;;;-61.25317;15.909815
97112_0009_00004;4;;Rue Emile Bambuck;97112;97112;Grand-Bourg;;;-61.312438;15.881369
97112_xmv04b_00711;711;;Chemin Bagatelle;97112;97112;Grand-Bourg;;;-61.312259;15.903365
97112_g5vfst_03960;3960;;Route N203 vers Capesterre;97112;97112;Grand-Bourg;;;-61.275868;15.869692
97112_0i8qps_00103;103;;Route de LaTreille;97112;97112;Grand-Bourg;;;-61.31487;15.887837
97112_pyw5rp_02511;2511;;Route de Morne Lalane;97112;97112;Grand-Bourg;;;-61.268364;15.884623
97112_0080_00462;462;;Chemin de l'Étang Jonc;97112;97112;Grand-Bourg;;;-61.282316;15.919674
97112_cmeyup_03314;3314;;Route N204 vers Port-Louis;97112;97112;Grand-Bourg;;;-61.302366;15.909162
97112_pm12jy_00922;922;;Route Ravine David;97112;97112;Grand-Bourg;;;-61.320559;15.906914
97112_4sxdra_00466;466;;Route de Thibault;97112;97112;Grand-Bourg;;;-61.268009;15.873216
97112_0205_00012;12;;Rue Francois Antenor Habazac;97112;97112;Grand-Bourg;;;-61.316342;15.883923
97112_y80k6x_03356;3356;;Route Nationale N9 STL - CPT;97112;97112;Grand-Bourg;;;-61.288194;15.89791
97112_0017_00052;52;;Rue du Docteur Felix Selbonne;97112;97112;Grand-Bourg;;;-61.315448;15.883766
97112_teaya6_00641;641;;Chemin Fleur de Canne;97112;97112;Grand-Bourg;;;-61.317089;15.917417
97112_52us24_00006;6;;Rue Toussaint-Louverture;97112;97112;Grand-Bourg;;;-61.314667;15.883042
97112_mrv1lu_00277;277;;Route René GLORIEUX;97112;97112;Grand-Bourg;;;-61.29653;15.894285
97112_r9e5ut_00750;750;;Route de Buckingham;97112;97112;Grand-Bourg;;;-61.319855;15.906208
97112_qftviv_00207;207;;Chemin Valsaint;97112;97112;Grand-Bourg;;;-61.310299;15.914749
97112_g5vfst_00309;309;;Route N203 vers Capesterre;97112;97112;Grand-Bourg;;;-61.307699;15.879137
97112_r9e5ut_01553;1553;;Route de Buckingham;97112;97112;Grand-Bourg;;;-61.313329;15.908778
97112_y80k6x_02949;2949;;Route Nationale N9 STL - CPT;97112;97112;Grand-Bourg;;;-61.291622;15.898178
97112_0i8qps_01958;1958;;Route de LaTreille;97112;97112;Grand-Bourg;;;-61.304401;15.900606
97112_g5vfst_03184;3184;;Route N203 vers Capesterre;97112;97112;Grand-Bourg;;;-61.283216;15.87012
97112_0002_00046;46;;Allee Poirier;97112;97112;Grand-Bourg;;;-61.315206;15.886897
97112_95we8v_00447;447;;Chemin Prèmyé JERNIVAL;97112;97112;Grand-Bourg;;;-61.277424;15.915266
97112_g5vfst_02808;2808;;Route N203 vers Capesterre;97112;97112;Grand-Bourg;;;-61.286551;15.870977
97112_d9jzdl_01701;1701;;Route de Vanniers;97112;97112;Grand-Bourg;;;-61.280039;15.921713
97112_1b8ltr_00065;65;;Boulevard de la Caraibe;97112;97112;Grand-Bourg;;;-61.313552;15.880462
97112_93xpqj_00957;957;;Route de Mauraille;97112;97112;Grand-Bourg;;;-61.253001;15.910622
97112_gw1i5u_05236;5236;;Route Nationale N9;97112;97112;Grand-Bourg;;;-61.321672;15.924616
97112_0303_00063;63;;Rue Mulatresse Solitude;97112;97112;Grand-Bourg;;;-61.311704;15.886715
97112_0121_00027;27;;Avenue Marcel Etzol;97112;97112;Grand-Bourg;;;-61.314332;15.881389
97112_0040_00034;34;;Passage des Braves;97112;97112;Grand-Bourg;;;-61.314455;15.883524
97112_zkvspv_00906;906;;Route de Bambara;97112;97112;Grand-Bourg;;;-61.307016;15.884828
97112_0303_00044;44;;Rue Mulatresse Solitude;97112;97112;Grand-Bourg;;;-61.312685;15.887077
97112_aibsrp_00187;187;;Chemin des Carapates;97112;97112;Grand-Bourg;;;-61.296466;15.89558
97112_1b8ltr_00003;3;;Boulevard de la Caraibe;97112;97112;Grand-Bourg;;;-61.315848;15.881658
97112_0i8qps_02430;2430;;Route de LaTreille;97112;97112;Grand-Bourg;;;-61.301655;15.903776
97112_r9e5ut_01258;1258;;Route de Buckingham;97112;97112;Grand-Bourg;;;-61.3157;15.908162
97112_0217_00044;44;;Avenue Sabliers Joinville;97112;97112;Grand-Bourg;;;-61.31237;15.880834
97112_cmeyup_04204;4204;;Route N204 vers Port-Louis;97112;97112;Grand-Bourg;;;-61.295055;15.911171
97112_0205_00029;29;;Rue Francois Antenor Habazac;97112;97112;Grand-Bourg;;;-61.316043;15.88537
97112_y80k6x_00172;172;;Route Nationale N9 STL - CPT;97112;97112;Grand-Bourg;;;-61.309618;15.881413
97112_0121_00012;12;;Avenue Marcel Etzol;97112;97112;Grand-Bourg;;;-61.313065;15.88097
97112_0133_00029;29;;Rue Alonzo;97112;97112;Grand-Bourg;;;-61.313241;15.885936
97112_gb4xqp_00469;469;;Chemin du Gouffre;97112;97112;Grand-Bourg;;;-61.288208;15.894228
97112_9gfr6p_00358;358;;Chemin Murato;97112;97112;Grand-Bourg;;;-61.301666;15.878166
97112_1b8ltr_00073;73;;Boulevard de la Caraibe;97112;97112;Grand-Bourg;;;-61.31319;15.880338
97112_qttlxt_00713;713;;Chemin de la Bruyère;97112;97112;Grand-Bourg;;;-61.306943;15.937771
97112_y80k6x_02725;2725;;Route Nationale N9 STL - CPT;97112;97112;Grand-Bourg;;;-61.294255;15.897751
97112_zkvspv_00880;880;;Route de Bambara;97112;97112;Grand-Bourg;;;-61.307186;15.885006
97112_g5vfst_00397;397;;Route N203 vers Capesterre;97112;97112;Grand-Bourg;;;-61.306959;15.879542
97112_0056_00008;8;;Rue du Commandant Mortenol;97112;97112;Grand-Bourg;;;-61.31469;15.882582
97112_0i8qps_00292;292;;Route de LaTreille;97112;97112;Grand-Bourg;;;-61.313834;15.889241
97112_1w2ger_00054;54;;ignace;97112;97112;Grand-Bourg;;;-61.283677;15.908839
97112_0080_00668;668;;Chemin de l'Étang Jonc;97112;97112;Grand-Bourg;;;-61.283965;15.920631
97112_g5vfst_00490;490;;Route N203 vers Capesterre;97112;97112;Grand-Bourg;;;-61.306268;15.878297
97112_0056_00001;1;;Rue du Commandant Mortenol;97112;97112;Grand-Bourg;;;-61.314898;15.882817
97112_ajvmqo_00049;49;;Chemin de Gay;97112;97112;Grand-Bourg;;;-61.313317;15.926711
97112_gw1i5u_01310;1310;;Route Nationale N9;97112;97112;Grand-Bourg;;;-61.320113;15.897641
97112_tn00tz_00125;125;;Route du Charron;97112;97112;Grand-Bourg;;;-61.278306;15.899978
97112_0i8qps_00515;515;;Route de LaTreille;97112;97112;Grand-Bourg;;;-61.312843;15.890986
97112_no4cu3_00373;373;;Chemin Calebasse;97112;97112;Grand-Bourg;;;-61.31524;15.924494
97112_0i8qps_00023;23;;Route de LaTreille;97112;97112;Grand-Bourg;;;-61.315227;15.887246
97112_0121_00016;16;;Avenue Marcel Etzol;97112;97112;Grand-Bourg;;;-61.313222;15.881048
97112_g5vfst_00133;133;;Route N203 vers Capesterre;97112;97112;Grand-Bourg;;;-61.309237;15.879714
97112_vg3685_00022;22;;Chemin du Grand-Fond;97112;97112;Grand-Bourg;;;-61.266998;15.894749
97112_0209_00003;3;;Rue Jacques Romain;97112;97112;Grand-Bourg;;;-61.318578;15.886436
97112_xvywep_00001;1;;Chemin du moulin quatrième Portel;97112;97112;Grand-Bourg;;;-61.302169;15.910938
97112_d9jzdl_02068;2068;;Route de Vanniers;97112;97112;Grand-Bourg;;;-61.279672;15.924966
97112_y80k6x_01059;1059;;Route Nationale N9 STL - CPT;97112;97112;Grand-Bourg;;;-61.305129;15.887437
97112_g0nv9l_01376;1376;;Route de la Source;97112;97112;Grand-Bourg;;;-61.28768;15.873006
97112_y80k6x_01030;1030;;Route Nationale N9 STL - CPT;97112;97112;Grand-Bourg;;;-61.305129;15.88712
97112_1b8ltr_00008;8;;Boulevard de la Caraibe;97112;97112;Grand-Bourg;;;-61.310588;15.879881
97112_lp4f8p_00713;713;;Chemin de mon Repos;97112;97112;Grand-Bourg;;;-61.290618;15.917851
97112_n2v8wm_00793;793;;Route Jadin Bo Kaz;97112;97112;Grand-Bourg;;;-61.302591;15.878724
97112_0017_00042;42;;Rue du Docteur Felix Selbonne;97112;97112;Grand-Bourg;;;-61.315632;15.883442
97112_69lpf3_00004;4;;Rue RABOT-SAGET;97112;97112;Grand-Bourg;;;-61.317709;15.884693
97112_0217_00058;58;;Avenue Sabliers Joinville;97112;97112;Grand-Bourg;;;-61.311619;15.880512
97112_0002_00026;26;;Allee Poirier;97112;97112;Grand-Bourg;;;-61.314465;15.885761
97112_kefpy2_00509;509;;Chemin Pichelin;97112;97112;Grand-Bourg;;;-61.290322;15.903007
97112_gjqdqg_00199;199;;Chemin Fond Marin;97112;97112;Grand-Bourg;;;-61.281475;15.90454
97112_d9jzdl_03224;3224;;Route de Vanniers;97112;97112;Grand-Bourg;;;-61.283874;15.932072
97112_bk9kbu_00188;188;;Chemin des Mancenilliers;97112;97112;Grand-Bourg;;;-61.289412;15.871509
97112_gam7cw_00005;5;;Chemin Maïbois;97112;97112;Grand-Bourg;;;-61.272655;15.885903
97112_cmeyup_02904;2904;;Route N204 vers Port-Louis;97112;97112;Grand-Bourg;;;-61.303388;15.912635
97112_e2301p_01048;1048;;Route de Bielle;97112;97112;Grand-Bourg;;;-61.267468;15.915587
97112_gpwjz3_00001;1;;Route Durocher;97112;97112;Grand-Bourg;;;-61.276436;15.907485
97112_gw1i5u_00036;36;;Route Nationale N9;97112;97112;Grand-Bourg;;;-61.315418;15.887334
97112_93xpqj_00187;187;;Route de Mauraille;97112;97112;Grand-Bourg;;;-61.258996;15.907234
97112_0065_00009;9;;Avenue Delgres;97112;97112;Grand-Bourg;;;-61.313501;15.887117
97112_ajvmqo_00089;89;;Chemin de Gay;97112;97112;Grand-Bourg;;;-61.312968;15.926568
97112_gw1i5u_00694;694;;Route Nationale N9;97112;97112;Grand-Bourg;;;-61.318648;15.892166
97112_sv0tjd_00958;958;;Chemin de Beauregard;97112;97112;Grand-Bourg;;;-61.258064;15.89357
97112_r9e5ut_00431;431;;Route de Buckingham;97112;97112;Grand-Bourg;;;-61.322347;15.905488
97112_tmpfck_00300;300;;Chemin Boustabak;97112;97112;Grand-Bourg;;;-61.309911;15.890687
97112_uerzzn_00096;96;;Route de Petite Banane;97112;97112;Grand-Bourg;;;-61.314673;15.925542
97112_g5vfst_01093;1093;;Route N203 vers Capesterre;97112;97112;Grand-Bourg;;;-61.301993;15.874952
97112_gw1i5u_00772;772;;Route Nationale N9;97112;97112;Grand-Bourg;;;-61.319075;15.892735
97112_o0c4pu_00284;284;;Route de Boisneuf;97112;97112;Grand-Bourg;;;-61.277049;15.918398
97112_y80k6x_06882;6882;;Route Nationale N9 STL - CPT;97112;97112;Grand-Bourg;;;-61.261669;15.906988
97112_pgsyup_01870;1870;;Chemin de Kato;97112;97112;Grand-Bourg;;;-61.287441;15.887146
97112_1w2ger_00011;11;;ignace;97112;97112;Grand-Bourg;;;-61.283452;15.910292
97112_y30g79_00452;452;;Chemin Fond Moco;97112;97112;Grand-Bourg;;;-61.263637;15.914285
97112_p03avt_02106;2106;;Route Lamy;97112;97112;Grand-Bourg;;;-61.319676;15.905784
97112_0065_00016;16;;Avenue Delgres;97112;97112;Grand-Bourg;;;-61.313991;15.886862
97112_0201_00024;24;;Rue Saint John Perse;97112;97112;Grand-Bourg;;;-61.316371;15.886115
97112_0002_00016;16;;Allee Poirier;97112;97112;Grand-Bourg;;;-61.314848;15.884705
97112_05tb0n_00024;24;;Rue Joseph IGNACE;97112;97112;Grand-Bourg;;;-61.310985;15.885265
97112_0205_00014;14;;Rue Francois Antenor Habazac;97112;97112;Grand-Bourg;;;-61.316257;15.88419
97112_0i8qps_00736;736;;Route de LaTreille;97112;97112;Grand-Bourg;;;-61.311661;15.892656
97112_tt4e92_00003;3;;Rue Beaurenon;97112;97112;Grand-Bourg;;;-61.315819;15.882934
97112_05tb0n_00022;22;;Rue Joseph IGNACE;97112;97112;Grand-Bourg;;;-61.311118;15.885329
97112_0i8qps_00087;87;;Route de LaTreille;97112;97112;Grand-Bourg;;;-61.314939;15.887687
97112_tn00tz_00507;507;;Route du Charron;97112;97112;Grand-Bourg;;;-61.280449;15.898318
97112_69lpf3_00003;3;;Rue RABOT-SAGET;97112;97112;Grand-Bourg;;;-61.31707;15.885265
97112_r9e5ut_01843;1843;;Route de Buckingham;97112;97112;Grand-Bourg;;;-61.311998;15.906621
97112_fyawef_00221;221;;Chemin Sapotiller;97112;97112;Grand-Bourg;;;-61.269335;15.896797
97112_cmeyup_05449;5449;;Route N204 vers Port-Louis;97112;97112;Grand-Bourg;;;-61.284597;15.910661
97112_tt4e92_00011;11;;Rue Beaurenon;97112;97112;Grand-Bourg;;;-61.315659;15.882848
97112_gw1i5u_02301;2301;;Route Nationale N9;97112;97112;Grand-Bourg;;;-61.326072;15.904577
97112_cmeyup_01255;1255;;Route N204 vers Port-Louis;97112;97112;Grand-Bourg;;;-61.317065;15.912864
97112_a031_00001;1;;Lotissement des Basses;97112;97112;Grand-Bourg;;;-61.283878;15.871849
97112_4i24e7_02011;2011;;Route de Morne Rouge;97112;97112;Grand-Bourg;;;-61.29212;15.892801
97112_u40fl2_00921;921;;Route des Manguiers;97112;97112;Grand-Bourg;;;-61.267662;15.906685
97112_qhhqw7_00280;280;;Chemin du Frangipanier;97112;97112;Grand-Bourg;;;-61.290353;15.893538
97112_gw1i5u_03859;3859;;Route Nationale N9;97112;97112;Grand-Bourg;;;-61.32945;15.91799
97112_f9e3d2_03328;3328;;Route de Beaufils;97112;97112;Grand-Bourg;;;-61.277502;15.897276
97112_1b8ltr_00037;37;;Boulevard de la Caraibe;97112;97112;Grand-Bourg;;;-61.314634;15.88091
97112_4i24e7_00001;1;;Route de Morne Rouge;97112;97112;Grand-Bourg;;;-61.305937;15.884266
97112_0144_00019;19;;Rue de la Liberté;97112;97112;Grand-Bourg;;;-61.316801;15.883336
97112_0002_00010;10;;Allee Poirier;97112;97112;Grand-Bourg;;;-61.314989;15.884464
97112_pm12jy_00959;959;;Route Ravine David;97112;97112;Grand-Bourg;;;-61.320244;15.906803
97112_0135_00012;12;;Rue Furcie Tirolien;97112;97112;Grand-Bourg;;;-61.31554;15.882379
97112_qhhqw7_00111;111;;Chemin du Frangipanier;97112;97112;Grand-Bourg;;;-61.291861;15.893943
97112_g5vfst_00076;76;;Route N203 vers Capesterre;97112;97112;Grand-Bourg;;;-61.30976;15.879795
97112_f9e3d2_02464;2464;;Route de Beaufils;97112;97112;Grand-Bourg;;;-61.277822;15.890177
97112_0i8qps_01978;1978;;Route de LaTreille;97112;97112;Grand-Bourg;;;-61.3041;15.90064
97112_g5vfst_03142;3142;;Route N203 vers Capesterre;97112;97112;Grand-Bourg;;;-61.283494;15.870281
97112_1b8ltr_00047;47;;Boulevard de la Caraibe;97112;97112;Grand-Bourg;;;-61.314237;15.880736
97112_uerzzn_01054;1054;;Route de Petite Banane;97112;97112;Grand-Bourg;;;-61.31094;15.918172
97112_y80k6x_04063;4063;;Route Nationale N9 STL - CPT;97112;97112;Grand-Bourg;;;-61.285312;15.903469
97112_4sxdra_00864;864;;Route de Thibault;97112;97112;Grand-Bourg;;;-61.265128;15.876193
97112_1b8ltr_00011;11;;Boulevard de la Caraibe;97112;97112;Grand-Bourg;;;-61.315608;15.881425
97112_cmeyup_04534;4534;;Route N204 vers Port-Louis;97112;97112;Grand-Bourg;;;-61.290938;15.912767
97112_klz5ay_00131;131;;Chemin Adé GUIBOURDIN;97112;97112;Grand-Bourg;;;-61.30161;15.91234
97112_umdfqp_00268;268;;Chemin Benjamin;97112;97112;Grand-Bourg;;;-61.294045;15.875798
97112_uerzzn_01481;1481;;Route de Petite Banane;97112;97112;Grand-Bourg;;;-61.308843;15.915713
97112_0217_00060;60;;Avenue Sabliers Joinville;97112;97112;Grand-Bourg;;;-61.311558;15.880485
97112_0217_00017;17;;Avenue Sabliers Joinville;97112;97112;Grand-Bourg;;;-61.312532;15.881089
97112_gw1i5u_03657;3657;;Route Nationale N9;97112;97112;Grand-Bourg;;;-61.329559;15.916206
97112_0002_00028;28;;Allee Poirier;97112;97112;Grand-Bourg;;;-61.314907;15.885267
97112_cmeyup_04327;4327;;Route N204 vers Port-Louis;97112;97112;Grand-Bourg;;;-61.294118;15.911742
97112_o9eyeu_00495;495;;Chemin du Fond Charbonnier;97112;97112;Grand-Bourg;;;-61.267257;15.902546
97112_v22cp5_00001;1;;Chemin Cognet;97112;97112;Grand-Bourg;;;-61.311045;15.918513
97112_y80k6x_00065;65;;Route Nationale N9 STL - CPT;97112;97112;Grand-Bourg;;;-61.310301;15.880707
97112_xobdeb_00066;66;;Chemin Anacardiers;97112;97112;Grand-Bourg;;;-61.265195;15.89423
97112_7avmtj_00058;58;;Chemin Céleste;97112;97112;Grand-Bourg;;;-61.300108;15.905942
97112_gjqdqg_00197;197;;Chemin Fond Marin;97112;97112;Grand-Bourg;;;-61.281432;15.904487
97112_0303_00024;24;;Rue Mulatresse Solitude;97112;97112;Grand-Bourg;;;-61.313574;15.887481
97112_d9jzdl_01025;1025;;Route de Vanniers;97112;97112;Grand-Bourg;;;-61.27977;15.915773
97112_gw1i5u_03340;3340;;Route Nationale N9;97112;97112;Grand-Bourg;;;-61.329193;15.913251
97112_qttlxt_00848;848;;Chemin de la Bruyère;97112;97112;Grand-Bourg;;;-61.306734;15.93667
97112_i4tg5h_01208;1208;;Route de Gagneron;97112;97112;Grand-Bourg;;;-61.261318;15.913537
97112_v1swfp_01207;1207;;Route de Moringlane;97112;97112;Grand-Bourg;;;-61.303587;15.924986
97112_0203_00010;10;;Rue Pablo Neruda;97112;97112;Grand-Bourg;;;-61.316525;15.885836
97112_76q0wq_00453;453;;Chemin Laman;97112;97112;Grand-Bourg;;;-61.283496;15.925677
97112_0065_00030;30;;Avenue Delgres;97112;97112;Grand-Bourg;;;-61.312857;15.886169
97112_g5vfst_01087;1087;;Route N203 vers Capesterre;97112;97112;Grand-Bourg;;;-61.30206;15.874963
97112_d9jzdl_00319;319;;Route de Vanniers;97112;97112;Grand-Bourg;;;-61.280267;15.909745
97112_05tb0n_00014;14;;Rue Joseph IGNACE;97112;97112;Grand-Bourg;;;-61.311161;15.884862
97112_y80k6x_05920;5920;;Route Nationale N9 STL - CPT;97112;97112;Grand-Bourg;;;-61.270685;15.907585
97112_r9e5ut_00435;435;;Route de Buckingham;97112;97112;Grand-Bourg;;;-61.321212;15.906007
97112_mrv1lu_00422;422;;Route René GLORIEUX;97112;97112;Grand-Bourg;;;-61.29532;15.893594
97112_0272_00024;24;;Rue du Vieil Arbre;97112;97112;Grand-Bourg;;;-61.313995;15.880992
97112_4i24e7_00343;343;;Route de Morne Rouge;97112;97112;Grand-Bourg;;;-61.302819;15.884195
97112_d9jzdl_00582;582;;Route de Vanniers;97112;97112;Grand-Bourg;;;-61.279152;15.911731
97112_c7abqg_00051;51;;Avenue Patrice TIROLIEN;97112;97112;Grand-Bourg;;;-61.312795;15.885756
97112_0272_00028;28;;Rue du Vieil Arbre;97112;97112;Grand-Bourg;;;-61.313749;15.88091
97112_y80k6x_06618;6618;;Route Nationale N9 STL - CPT;97112;97112;Grand-Bourg;;;-61.264664;15.906256
97112_teaya6_00379;379;;Chemin Fleur de Canne;97112;97112;Grand-Bourg;;;-61.316689;15.915046
97112_gw1i5u_07263;7263;;Route Nationale N9;97112;97112;Grand-Bourg;;;-61.312199;15.936681
97112_1b8ltr_00023;23;;Boulevard de la Caraibe;97112;97112;Grand-Bourg;;;-61.315246;15.881226
97112_gan0my_00114;114;;Chemin Vétiver;97112;97112;Grand-Bourg;;;-61.295825;15.874798
97112_g5vfst_01351;1351;;Route N203 vers Capesterre;97112;97112;Grand-Bourg;;;-61.299594;15.874684
97112_0272_00048;48;;Rue du Vieil Arbre;97112;97112;Grand-Bourg;;;-61.312955;15.880583
97112_gw1i5u_06735;6735;;Route Nationale N9;97112;97112;Grand-Bourg;;;-61.312928;15.932065
97112_f30531_04382;4382;;Route de Folle-Anse;97112;97112;Grand-Bourg;;;-61.321848;15.94856
97112_cmeyup_02479;2479;;Route N204 vers Port-Louis;97112;97112;Grand-Bourg;;;-61.306155;15.915019
97112_4sxdra_01304;1304;;Route de Thibault;97112;97112;Grand-Bourg;;;-61.264639;15.87985
97112_gan0my_00001;1;;Chemin Vétiver;97112;97112;Grand-Bourg;;;-61.296213;15.873878
97112_05tb0n_00016;16;;Rue Joseph IGNACE;97112;97112;Grand-Bourg;;;-61.310978;15.88477
97112_cmeyup_01257;1257;;Route N204 vers Port-Louis;97112;97112;Grand-Bourg;;;-61.316955;15.912929
97112_cmeyup_03310;3310;;Route N204 vers Port-Louis;97112;97112;Grand-Bourg;;;-61.302135;15.908751
97112_gw1i5u_03873;3873;;Route Nationale N9;97112;97112;Grand-Bourg;;;-61.329382;15.918117
97112_pyw5rp_02468;2468;;Route de Morne Lalane;97112;97112;Grand-Bourg;;;-61.26858;15.884267
97112_0096_00009;9;;Rue du Fort;97112;97112;Grand-Bourg;;;-61.316097;15.881926
97112_v1swfp_02569;2569;;Route de Moringlane;97112;97112;Grand-Bourg;;;-61.304069;15.914046
97112_u40fl2_00685;685;;Route des Manguiers;97112;97112;Grand-Bourg;;;-61.269261;15.905781
97112_0218_00006;6;;Rue Achille Rene Boisneuf;97112;97112;Grand-Bourg;;;-61.31213;15.886503
97112_pza574_00482;482;;Chemin Duranchel CONFIAC;97112;97112;Grand-Bourg;;;-61.315608;15.892486
97112_uerzzn_01146;1146;;Route de Petite Banane;97112;97112;Grand-Bourg;;;-61.310227;15.917674
97112_xmv04b_00001;1;;Chemin Bagatelle;97112;97112;Grand-Bourg;;;-61.316543;15.899369
97112_bk9kbu_00104;104;;Chemin des Mancenilliers;97112;97112;Grand-Bourg;;;-61.290184;15.87162
97112_i4tg5h_00168;168;;Route de Gagneron;97112;97112;Grand-Bourg;;;-61.269369;15.908898
97112_d9jzdl_00679;679;;Route de Vanniers;97112;97112;Grand-Bourg;;;-61.280016;15.912774
97112_0i8qps_00463;463;;Route de LaTreille;97112;97112;Grand-Bourg;;;-61.313107;15.89056
97112_d9jzdl_00580;580;;Route de Vanniers;97112;97112;Grand-Bourg;;;-61.279474;15.911844
97112_05tb0n_00006;6;;Rue Joseph IGNACE;97112;97112;Grand-Bourg;;;-61.311176;15.884318
97112_0i8qps_01951;1951;;Route de LaTreille;97112;97112;Grand-Bourg;;;-61.305796;15.900826
97112_y80k6x_00235;235;;Route Nationale N9 STL - CPT;97112;97112;Grand-Bourg;;;-61.310136;15.882206
97112_0217_00014;14;;Avenue Sabliers Joinville;97112;97112;Grand-Bourg;;;-61.313837;15.881619
97112_0056_00012;12;;Rue du Commandant Mortenol;97112;97112;Grand-Bourg;;;-61.314495;15.882478
97112_cmeyup_02291;2291;;Route N204 vers Port-Louis;97112;97112;Grand-Bourg;;;-61.307865;15.915031
97112_d9jzdl_01650;1650;;Route de Vanniers;97112;97112;Grand-Bourg;;;-61.279969;15.921208
97112_76q0wq_00233;233;;Chemin Laman;97112;97112;Grand-Bourg;;;-61.281487;15.925623
97112_0i8qps_00489;489;;Route de LaTreille;97112;97112;Grand-Bourg;;;-61.312967;15.890791
97112_0210_00032;32;;Rue Henry Rinaldo;97112;97112;Grand-Bourg;;;-61.31879;15.88441
97112_gw1i5u_00434;434;;Route Nationale N9;97112;97112;Grand-Bourg;;;-61.317868;15.889979
97112_pza574_00213;213;;Chemin Duranchel CONFIAC;97112;97112;Grand-Bourg;;;-61.315618;15.890097
97112_tt4e92_00004;4;;Rue Beaurenon;97112;97112;Grand-Bourg;;;-61.315876;15.882857
97112_e2301p_01006;1006;;Route de Bielle;97112;97112;Grand-Bourg;;;-61.267876;15.915587
97112_0121_00004;4;;Avenue Marcel Etzol;97112;97112;Grand-Bourg;;;-61.312737;15.880815
97112_0002_00007;7;;Allee Poirier;97112;97112;Grand-Bourg;;;-61.315233;15.885591
97112_0121_00003;3;;Avenue Marcel Etzol;97112;97112;Grand-Bourg;;;-61.313295;15.880867
97112_4i24e7_00844;844;;Route de Morne Rouge;97112;97112;Grand-Bourg;;;-61.297963;15.884198
97112_y80k6x_05172;5172;;Route Nationale N9 STL - CPT;97112;97112;Grand-Bourg;;;-61.277426;15.907676
97112_0017_00058;58;;Rue du Docteur Felix Selbonne;97112;97112;Grand-Bourg;;;-61.315401;15.883864
97112_pgsyup_02739;2739;;Chemin de Kato;97112;97112;Grand-Bourg;;;-61.292518;15.890702
97112_0133_00042;42;;Rue Alonzo;97112;97112;Grand-Bourg;;;-61.311708;15.884937
97112_nfn011_00162;162;;Chemin Pwa Toultan;97112;97112;Grand-Bourg;;;-61.253402;15.913704
97112_qttlxt_00337;337;;Chemin de la Bruyère;97112;97112;Grand-Bourg;;;-61.309692;15.935866
97112_0040_00026;26;;Passage des Braves;97112;97112;Grand-Bourg;;;-61.31519;15.883986
97112_0056_00015;15;;Rue du Commandant Mortenol;97112;97112;Grand-Bourg;;;-61.314469;15.882607
97112_u40fl2_00163;163;;Route des Manguiers;97112;97112;Grand-Bourg;;;-61.272972;15.906234
97112_qhhqw7_00001;1;;Chemin du Frangipanier;97112;97112;Grand-Bourg;;;-61.29288;15.893778
97112_teaya6_00434;434;;Chemin Fleur de Canne;97112;97112;Grand-Bourg;;;-61.315456;15.91639
97112_g5vfst_04005;4005;;Route N203 vers Capesterre;97112;97112;Grand-Bourg;;;-61.275459;15.86981
97112_0217_00068;68;;Avenue Sabliers Joinville;97112;97112;Grand-Bourg;;;-61.311249;15.880351
97112_s9xg93_00346;346;;Chemin de Pafory;97112;97112;Grand-Bourg;;;-61.308061;15.93352
97112_a240_01384;1384;;Lot les Hauts de Beaufils;97112;97112;Grand-Bourg;;;-61.285064;15.877604
97112_pyw5rp_02100;2100;;Route de Morne Lalane;97112;97112;Grand-Bourg;;;-61.271676;15.883035
97112_g5vfst_00504;504;;Route N203 vers Capesterre;97112;97112;Grand-Bourg;;;-61.306189;15.878197
97112_y80k6x_04443;4443;;Route Nationale N9 STL - CPT;97112;97112;Grand-Bourg;;;-61.282809;15.906962
97112_0133_00039;39;;Rue Alonzo;97112;97112;Grand-Bourg;;;-61.312917;15.885909
97112_odyy2d_00021;21;;Rue du Docteur Marcel ETZOL;97112;97112;Grand-Bourg;;;-61.315595;15.882039
97112_f9e3d2_02937;2937;;Route de Beaufils;97112;97112;Grand-Bourg;;;-61.277287;15.89413
97112_g5vfst_00591;591;;Route N203 vers Capesterre;97112;97112;Grand-Bourg;;;-61.305606;15.877671
97112_g5vfst_03592;3592;;Route N203 vers Capesterre;97112;97112;Grand-Bourg;;;-61.279299;15.86986
97112_zkvspv_00422;422;;Route de Bambara;97112;97112;Grand-Bourg;;;-61.310308;15.88768
97112_0i8qps_01945;1945;;Route de LaTreille;97112;97112;Grand-Bourg;;;-61.304694;15.900555
97112_0133_00032;32;;Rue Alonzo;97112;97112;Grand-Bourg;;;-61.313612;15.885969
97112_u40fl2_00278;278;;Route des Manguiers;97112;97112;Grand-Bourg;;;-61.272159;15.904528
97112_xvywep_00358;358;;Chemin du moulin quatrième Portel;97112;97112;Grand-Bourg;;;-61.304897;15.909594
97112_0188_00002;2;;Rue Pasteur;97112;97112;Grand-Bourg;;;-61.315273;15.883477
97112_y80k6x_04441;4441;;Route Nationale N9 STL - CPT;97112;97112;Grand-Bourg;;;-61.283127;15.906555
97112_0212_00019;19;;Rue Hubert Rousseau;97112;97112;Grand-Bourg;;;-61.318147;15.886399
97112_gw1i5u_00098;98;;Route Nationale N9;97112;97112;Grand-Bourg;;;-61.315739;15.887837
97112_zh40nc_00253;253;;Route de Houelche;97112;97112;Grand-Bourg;;;-61.266969;15.896914
97112_52us24_00012;12;;Rue Toussaint-Louverture;97112;97112;Grand-Bourg;;;-61.314438;15.88295
97112_0065_00034;34;;Avenue Delgres;97112;97112;Grand-Bourg;;;-61.311838;15.885646
97112_2qcudz_00035;35;;Chemin Agénor QUISOIR;97112;97112;Grand-Bourg;;;-61.313927;15.927142
97112_v1swfp_02221;2221;;Route de Moringlane;97112;97112;Grand-Bourg;;;-61.305569;15.916768
97112_pza574_00093;93;;Chemin Duranchel CONFIAC;97112;97112;Grand-Bourg;;;-61.316116;15.889156
97112_g5vfst_01493;1493;;Route N203 vers Capesterre;97112;97112;Grand-Bourg;;;-61.298294;15.874397
97112_tt4e92_00010;10;;Rue Beaurenon;97112;97112;Grand-Bourg;;;-61.315749;15.882779
97112_f9e3d2_03497;3497;;Route de Beaufils;97112;97112;Grand-Bourg;;;-61.277487;15.89881
97112_c7abqg_00027;27;;Avenue Patrice TIROLIEN;97112;97112;Grand-Bourg;;;-61.31387;15.883471
97112_4sxdra_02614;2614;;Route de Thibault;97112;97112;Grand-Bourg;;;-61.257026;15.886253
97112_0002_00020;20;;Allee Poirier;97112;97112;Grand-Bourg;;;-61.314751;15.884918
97112_pd8j1u_00041;41;;Chemin Fond Corossol;97112;97112;Grand-Bourg;;;-61.284968;15.905384
97112_0221_00005;5;;Rue Sony Rupaire;97112;97112;Grand-Bourg;;;-61.31664;15.88715
97112_teaya6_00326;326;;Chemin Fleur de Canne;97112;97112;Grand-Bourg;;;-61.315559;15.915216
97112_0017_00030;30;;Rue du Docteur Felix Selbonne;97112;97112;Grand-Bourg;;;-61.315825;15.883144
97112_0080_02181;2181;;Chemin de l'Étang Jonc;97112;97112;Grand-Bourg;;;-61.294677;15.922705
97112_f9e3d2_01906;1906;;Route de Beaufils;97112;97112;Grand-Bourg;;;-61.279;15.885596
97112_0071_00012;12;;Place de l'Eglise;97112;97112;Grand-Bourg;;;-61.314627;15.883271
97112_ajvmqo_00064;64;;Chemin de Gay;97112;97112;Grand-Bourg;;;-61.313207;15.926613
97112_pgsyup_02585;2585;;Chemin de Kato;97112;97112;Grand-Bourg;;;-61.291287;15.889979
97112_g5vfst_02297;2297;;Route N203 vers Capesterre;97112;97112;Grand-Bourg;;;-61.291095;15.872422
97112_d9jzdl_02542;2542;;Route de Vanniers;97112;97112;Grand-Bourg;;;-61.279496;15.929125
97112_0201_00018;18;;Rue Saint John Perse;97112;97112;Grand-Bourg;;;-61.316487;15.886473
97112_ajvmqo_00032;32;;Chemin de Gay;97112;97112;Grand-Bourg;;;-61.313483;15.926723
97112_0040_00033;33;;Passage des Braves;97112;97112;Grand-Bourg;;;-61.314834;15.884193
97112_93xpqj_00806;806;;Route de Mauraille;97112;97112;Grand-Bourg;;;-61.253869;15.908874
97112_0207_00002;2;;Rue Leon Gontrand Damas;97112;97112;Grand-Bourg;;;-61.318563;15.885273
97112_y30g79_00668;668;;Chemin Fond Moco;97112;97112;Grand-Bourg;;;-61.261996;15.913299
97112_r9e5ut_02870;2870;;Route de Buckingham;97112;97112;Grand-Bourg;;;-61.305963;15.904562
97112_pyw5rp_00260;260;;Route de Morne Lalane;97112;97112;Grand-Bourg;;;-61.280768;15.872144
97112_0i8qps_01980;1980;;Route de LaTreille;97112;97112;Grand-Bourg;;;-61.303973;15.9006
97112_7rculx_00001;1;;Route de la Mare Dîboc;97112;97112;Grand-Bourg;;;-61.290075;15.87199
97112_jecipl_00245;245;;Chemin des crabes sémafot;97112;97112;Grand-Bourg;;;-61.321045;15.892067
97112_g5vfst_00765;765;;Route N203 vers Capesterre;97112;97112;Grand-Bourg;;;-61.30443;15.876534
97112_cufhff_00061;61;;Chemin Sandragon;97112;97112;Grand-Bourg;;;-61.310256;15.881616
97112_0009_00022;22;;Rue Emile Bambuck;97112;97112;Grand-Bourg;;;-61.312168;15.882211
97112_0017_00060;60;;Rue du Docteur Felix Selbonne;97112;97112;Grand-Bourg;;;-61.315374;15.883887
97112_0201_00013;13;;Rue Saint John Perse;97112;97112;Grand-Bourg;;;-61.316788;15.886874
97112_o9eyeu_00047;47;;Chemin du Fond Charbonnier;97112;97112;Grand-Bourg;;;-61.267193;15.899864
97112_cmeyup_06031;6031;;Route N204 vers Port-Louis;97112;97112;Grand-Bourg;;;-61.285153;15.906285
97112_0i8qps_02593;2593;;Route de LaTreille;97112;97112;Grand-Bourg;;;-61.300939;15.905052
97112_cmeyup_05499;5499;;Route N204 vers Port-Louis;97112;97112;Grand-Bourg;;;-61.284323;15.910348
97112_gw1i5u_05238;5238;;Route Nationale N9;97112;97112;Grand-Bourg;;;-61.321365;15.924614
97112_0i8qps_01735;1735;;Route de LaTreille;97112;97112;Grand-Bourg;;;-61.305537;15.898923
97112_u40fl2_00453;453;;Route des Manguiers;97112;97112;Grand-Bourg;;;-61.270758;15.904885
97112_0301_00012;12;;Rue Frantz Fanon;97112;97112;Grand-Bourg;;;-61.312201;15.887027
97112_odyy2d_00001;1;;Rue du Docteur Marcel ETZOL;97112;97112;Grand-Bourg;;;-61.314773;15.88163
97112_0040_00014;14;;Passage des Braves;97112;97112;Grand-Bourg;;;-61.315983;15.884363
97112_cmeyup_03316;3316;;Route N204 vers Port-Louis;97112;97112;Grand-Bourg;;;-61.302043;15.908528
97112_g5vfst_02630;2630;;Route N203 vers Capesterre;97112;97112;Grand-Bourg;;;-61.288276;15.871133
97112_d9jzdl_00600;600;;Route de Vanniers;97112;97112;Grand-Bourg;;;-61.279596;15.912141
97112_cmeyup_05103;5103;;Route N204 vers Port-Louis;97112;97112;Grand-Bourg;;;-61.287357;15.91253
97112_vp4x4v_00199;199;;Chemin F. Créantor dit Désir;97112;97112;Grand-Bourg;;;-61.262579;15.908451
97112_y80k6x_01159;1159;;Route Nationale N9 STL - CPT;97112;97112;Grand-Bourg;;;-61.304767;15.888274
97112_0272_00040;40;;Rue du Vieil Arbre;97112;97112;Grand-Bourg;;;-61.313307;15.880743
97112_i4tg5h_00443;443;;Route de Gagneron;97112;97112;Grand-Bourg;;;-61.267739;15.910898
97112_cmeyup_01635;1635;;Route N204 vers Port-Louis;97112;97112;Grand-Bourg;;;-61.312964;15.913306
97112_0212_00022;22;;Rue Hubert Rousseau;97112;97112;Grand-Bourg;;;-61.317903;15.886446
97112_y30g79_00474;474;;Chemin Fond Moco;97112;97112;Grand-Bourg;;;-61.263444;15.914193
97112_0221_00007;7;;Rue Sony Rupaire;97112;97112;Grand-Bourg;;;-61.316796;15.887226
97112_ajvmqo_00329;329;;Chemin de Gay;97112;97112;Grand-Bourg;;;-61.311974;15.924617
97112_odyy2d_00016;16;;Rue du Docteur Marcel ETZOL;97112;97112;Grand-Bourg;;;-61.315322;15.882016
97112_7chq57_00001;1;;Chemin des Racoons;97112;97112;Grand-Bourg;;;-61.278001;15.919306
97112_y80k6x_04561;4561;;Route Nationale N9 STL - CPT;97112;97112;Grand-Bourg;;;-61.28249;15.906903
97112_0301_00001;1;;Rue Frantz Fanon;97112;97112;Grand-Bourg;;;-61.312761;15.886646
97112_g5vfst_01683;1683;;Route N203 vers Capesterre;97112;97112;Grand-Bourg;;;-61.296569;15.873973
97112_vg3685_00641;641;;Chemin du Grand-Fond;97112;97112;Grand-Bourg;;;-61.270153;15.891205
97112_i4tg5h_02157;2157;;Route de Gagneron;97112;97112;Grand-Bourg;;;-61.253483;15.912353
97112_y80k6x_00306;306;;Route Nationale N9 STL - CPT;97112;97112;Grand-Bourg;;;-61.308689;15.882272
97112_05j9q3_01943;1943;;L'Hermitage;97112;97112;Grand-Bourg;;;-61.299854;15.889679
97112_0208_00014;14;;Rue de la République;97112;97112;Grand-Bourg;;;-61.315188;15.881786
97112_bk9kbu_00089;89;;Chemin des Mancenilliers;97112;97112;Grand-Bourg;;;-61.290249;15.871752
97112_f9e3d2_02855;2855;;Route de Beaufils;97112;97112;Grand-Bourg;;;-61.277692;15.893488
97112_gw1i5u_03544;3544;;Route Nationale N9;97112;97112;Grand-Bourg;;;-61.327499;15.916018
97112_g5vfst_02255;2255;;Route N203 vers Capesterre;97112;97112;Grand-Bourg;;;-61.291381;15.872546
97112_0002_00044;44;;Allee Poirier;97112;97112;Grand-Bourg;;;-61.315082;15.886799
97112_0i8qps_01073;1073;;Route de LaTreille;97112;97112;Grand-Bourg;;;-61.310243;15.895329
97112_0135_00017;17;;Rue Furcie Tirolien;97112;97112;Grand-Bourg;;;-61.315668;15.882438
97112_r9e5ut_00570;570;;Route de Buckingham;97112;97112;Grand-Bourg;;;-61.321164;15.905125
97112_tn00tz_00274;274;;Route du Charron;97112;97112;Grand-Bourg;;;-61.279798;15.900395
97112_1b8ltr_00069;69;;Boulevard de la Caraibe;97112;97112;Grand-Bourg;;;-61.313361;15.880396
97112_o9eyeu_00791;791;;Chemin du Fond Charbonnier;97112;97112;Grand-Bourg;;;-61.268189;15.904959
97112_v1swfp_01366;1366;;Route de Moringlane;97112;97112;Grand-Bourg;;;-61.304569;15.923278
97112_p03avt_01286;1286;;Route Lamy;97112;97112;Grand-Bourg;;;-61.316465;15.900872
97112_sv0tjd_01181;1181;;Chemin de Beauregard;97112;97112;Grand-Bourg;;;-61.255971;15.893877
97112_cxrgxr_00264;264;;Chemin de la mare Toubois;97112;97112;Grand-Bourg;;;-61.259973;15.904607
97112_ofyk7p_00378;378;;Route Pointe de Folle Anse;97112;97112;Grand-Bourg;;;-61.335741;15.941025
97112_g5vfst_00927;927;;Route N203 vers Capesterre;97112;97112;Grand-Bourg;;;-61.303394;15.875528
97112_0145_00010;10;;Rue Hibiscus;97112;97112;Grand-Bourg;;;-61.313846;15.885557
97112_f9e3d2_00553;553;;Route de Beaufils;97112;97112;Grand-Bourg;;;-61.284909;15.875637
97112_4sxdra_02838;2838;;Route de Thibault;97112;97112;Grand-Bourg;;;-61.254785;15.888474
97112_odyy2d_00018;18;;Rue du Docteur Marcel ETZOL;97112;97112;Grand-Bourg;;;-61.315421;15.882066
97112_0205_00020;20;;Rue Francois Antenor Habazac;97112;97112;Grand-Bourg;;;-61.316126;15.88443
97112_9d9e8z_00001;1;;Chemin des Pêcheurs;97112;97112;Grand-Bourg;;;-61.30553;15.877576
97112_4i24e7_02289;2289;;Route de Morne Rouge;97112;97112;Grand-Bourg;;;-61.293943;15.894465
97112_bk9kbu_00206;206;;Chemin des Mancenilliers;97112;97112;Grand-Bourg;;;-61.289227;15.871483
97112_n2v8wm_00907;907;;Route Jadin Bo Kaz;97112;97112;Grand-Bourg;;;-61.301617;15.878365
97112_e2301p_00938;938;;Route de Bielle;97112;97112;Grand-Bourg;;;-61.268255;15.91516
97112_rwz44x_00317;317;;Chemin Pannyon;97112;97112;Grand-Bourg;;;-61.264807;15.898448
97112_0017_00054;54;;Rue du Docteur Felix Selbonne;97112;97112;Grand-Bourg;;;-61.315428;15.8838
97112_g5vfst_01094;1094;;Route N203 vers Capesterre;97112;97112;Grand-Bourg;;;-61.301996;15.874862
97112_pyw5rp_01724;1724;;Route de Morne Lalane;97112;97112;Grand-Bourg;;;-61.27454;15.881129
97112_y30g79_00168;168;;Chemin Fond Moco;97112;97112;Grand-Bourg;;;-61.265924;15.91538
97112_cmeyup_01989;1989;;Route N204 vers Port-Louis;97112;97112;Grand-Bourg;;;-61.310551;15.914274
97112_cxrgxr_00103;103;;Chemin de la mare Toubois;97112;97112;Grand-Bourg;;;-61.259709;15.906062
97112_0201_00014;14;;Rue Saint John Perse;97112;97112;Grand-Bourg;;;-61.316778;15.886624
97112_pm12jy_00933;933;;Route Ravine David;97112;97112;Grand-Bourg;;;-61.320411;15.906953
97112_no4cu3_00330;330;;Chemin Calebasse;97112;97112;Grand-Bourg;;;-61.315623;15.924354
97112_a240_00041;41;;Lot les Hauts de Beaufils;97112;97112;Grand-Bourg;;;-61.285904;15.878416
97112_cxrgxr_00500;500;;Chemin de la mare Toubois;97112;97112;Grand-Bourg;;;-61.260708;15.902634
97112_0201_00026;26;;Rue Saint John Perse;97112;97112;Grand-Bourg;;;-61.316317;15.886224
97112_f30531_00161;161;;Route de Folle-Anse;97112;97112;Grand-Bourg;;;-61.330961;15.918272
97112_o9eyeu_00388;388;;Chemin du Fond Charbonnier;97112;97112;Grand-Bourg;;;-61.266319;15.902117
97112_gw1i5u_00061;61;;Route Nationale N9;97112;97112;Grand-Bourg;;;-61.315649;15.887482
97112_0208_00020;20;;Rue de la République;97112;97112;Grand-Bourg;;;-61.31501;15.882123
97112_pgsyup_02453;2453;;Chemin de Kato;97112;97112;Grand-Bourg;;;-61.290039;15.889999
97112_gw1i5u_00310;310;;Route Nationale N9;97112;97112;Grand-Bourg;;;-61.31719;15.889113
97112_gp4zlx_00715;715;;Route de Saint-Marc;97112;97112;Grand-Bourg;;;-61.269874;15.908797
97112_cmeyup_05057;5057;;Route N204 vers Port-Louis;97112;97112;Grand-Bourg;;;-61.287903;15.913973
97112_cmeyup_01326;1326;;Route N204 vers Port-Louis;97112;97112;Grand-Bourg;;;-61.284141;15.908785
97112_0i8qps_00934;934;;Route de LaTreille;97112;97112;Grand-Bourg;;;-61.310742;15.894187
97112_52us24_00008;8;;Rue Toussaint-Louverture;97112;97112;Grand-Bourg;;;-61.314583;15.883015
97112_0009_00018;18;;Rue Emile Bambuck;97112;97112;Grand-Bourg;;;-61.312221;15.882025
97112_o0c4pu_00432;432;;Route de Boisneuf;97112;97112;Grand-Bourg;;;-61.276462;15.917169
97112_gw1i5u_01388;1388;;Route Nationale N9;97112;97112;Grand-Bourg;;;-61.3211;15.897893
97112_1b8ltr_00004;4;;Boulevard de la Caraibe;97112;97112;Grand-Bourg;;;-61.311128;15.879818
97112_odyy2d_00031;31;;Rue du Docteur Marcel ETZOL;97112;97112;Grand-Bourg;;;-61.316094;15.882294
97112_vp4x4v_00275;275;;Chemin F. Créantor dit Désir;97112;97112;Grand-Bourg;;;-61.262883;15.909078
97112_0071_00003;3;;Place de l'Eglise;97112;97112;Grand-Bourg;;;-61.31546;15.882877
97112_0071_00017;17;;Place de l'Eglise;97112;97112;Grand-Bourg;;;-61.315107;15.883719
97112_9gfr6p_00023;23;;Chemin Murato;97112;97112;Grand-Bourg;;;-61.303033;15.875479
97112_76q0wq_00094;94;;Chemin Laman;97112;97112;Grand-Bourg;;;-61.280428;15.926259
97112_0i8qps_01161;1161;;Route de LaTreille;97112;97112;Grand-Bourg;;;-61.309927;15.896125
97112_qttlxt_00546;546;;Chemin de la Bruyère;97112;97112;Grand-Bourg;;;-61.308273;15.937011
97112_p03avt_01143;1143;;Route Lamy;97112;97112;Grand-Bourg;;;-61.317004;15.899376
97112_su2fwx_00080;80;;Chemin Coulée Oubliée;97112;97112;Grand-Bourg;;;-61.287381;15.895791
97112_xvywep_00017;17;;Chemin du moulin quatrième Portel;97112;97112;Grand-Bourg;;;-61.302228;15.910911
97112_y80k6x_03105;3105;;Route Nationale N9 STL - CPT;97112;97112;Grand-Bourg;;;-61.290516;15.897255
97112_0080_01139;1139;;Chemin de l'Étang Jonc;97112;97112;Grand-Bourg;;;-61.286957;15.922962
97112_g5vfst_00638;638;;Route N203 vers Capesterre;97112;97112;Grand-Bourg;;;-61.305385;15.877275
97112_0303_00022;22;;Rue Mulatresse Solitude;97112;97112;Grand-Bourg;;;-61.313644;15.887564
97112_gw1i5u_01360;1360;;Route Nationale N9;97112;97112;Grand-Bourg;;;-61.321004;15.897685
97112_gpwjz3_00493;493;;Route Durocher;97112;97112;Grand-Bourg;;;-61.276453;15.911612
97112_0i8qps_00496;496;;Route de LaTreille;97112;97112;Grand-Bourg;;;-61.31283;15.890855
97112_0201_00006;6;;Rue Saint John Perse;97112;97112;Grand-Bourg;;;-61.317775;15.887147
97112_0009_00027;27;;Rue Emile Bambuck;97112;97112;Grand-Bourg;;;-61.312398;15.882226
97112_0133_00027;27;;Rue Alonzo;97112;97112;Grand-Bourg;;;-61.313366;15.886
97112_g0nv9l_01605;1605;;Route de la Source;97112;97112;Grand-Bourg;;;-61.286092;15.873537
97112_gp4zlx_00250;250;;Route de Saint-Marc;97112;97112;Grand-Bourg;;;-61.273603;15.908928
97112_4i24e7_02067;2067;;Route de Morne Rouge;97112;97112;Grand-Bourg;;;-61.292462;15.893143
97112_nfn011_00001;1;;Chemin Pwa Toultan;97112;97112;Grand-Bourg;;;-61.253436;15.912331
97112_s9xg93_00339;339;;Chemin de Pafory;97112;97112;Grand-Bourg;;;-61.307969;15.933593
97112_1b8ltr_00025;25;;Boulevard de la Caraibe;97112;97112;Grand-Bourg;;;-61.315111;15.881165
97112_no4cu3_00352;352;;Chemin Calebasse;97112;97112;Grand-Bourg;;;-61.315438;15.924388
97112_0212_00010;10;;Rue Hubert Rousseau;97112;97112;Grand-Bourg;;;-61.318693;15.885088
97112_0002_00034;34;;Allee Poirier;97112;97112;Grand-Bourg;;;-61.31514;15.886493
97112_0209_00002;2;;Rue Jacques Romain;97112;97112;Grand-Bourg;;;-61.318385;15.886447
97112_g5vfst_01575;1575;;Route N203 vers Capesterre;97112;97112;Grand-Bourg;;;-61.297549;15.87421
97112_xobdeb_00438;438;;Chemin Anacardiers;97112;97112;Grand-Bourg;;;-61.263384;15.891616
97112_0017_00014;14;;Rue du Docteur Felix Selbonne;97112;97112;Grand-Bourg;;;-61.316135;15.882601
97112_edhfqx_01037;1037;;Route de Murat;97112;97112;Grand-Bourg;;;-61.300693;15.883142
97112_g5vfst_00393;393;;Route N203 vers Capesterre;97112;97112;Grand-Bourg;;;-61.306853;15.87912
97112_0133_00051;51;;Rue Alonzo;97112;97112;Grand-Bourg;;;-61.311443;15.885093
97112_cmeyup_00994;994;;Route N204 vers Port-Louis;97112;97112;Grand-Bourg;;;-61.319482;15.913176
97112_gp4zlx_00210;210;;Route de Saint-Marc;97112;97112;Grand-Bourg;;;-61.273776;15.908594
97112_0041_00001;1;;Rue des Freres Brisacier;97112;97112;Grand-Bourg;;;-61.319512;15.884899
97112_edhfqx_00908;908;;Route de Murat;97112;97112;Grand-Bourg;;;-61.299858;15.882191
97112_a240_01373;1373;;Lot les Hauts de Beaufils;97112;97112;Grand-Bourg;;;-61.287361;15.879197
97112_0303_00016;16;;Rue Mulatresse Solitude;97112;97112;Grand-Bourg;;;-61.314124;15.887794
97112_r9e5ut_00592;592;;Route de Buckingham;97112;97112;Grand-Bourg;;;-61.320966;15.90523
97112_g5vfst_03762;3762;;Route N203 vers Capesterre;97112;97112;Grand-Bourg;;;-61.277754;15.869665
97112_y30g79_00667;667;;Chemin Fond Moco;97112;97112;Grand-Bourg;;;-61.261929;15.913393
97112_0211_00002;2;;Rue Gilbert CHAMBERTRAND;97112;97112;Grand-Bourg;;;-61.3184;15.886831
97112_tmpfck_00215;215;;Chemin Boustabak;97112;97112;Grand-Bourg;;;-61.310314;15.891231
97112_0121_00046;46;;Avenue Marcel Etzol;97112;97112;Grand-Bourg;;;-61.314577;15.881689
97112_f30531_03427;3427;;Route de Folle-Anse;97112;97112;Grand-Bourg;;;-61.329024;15.94379
97112_g5vfst_00390;390;;Route N203 vers Capesterre;97112;97112;Grand-Bourg;;;-61.307039;15.878776
97112_u40fl2_00629;629;;Route des Manguiers;97112;97112;Grand-Bourg;;;-61.269714;15.905552
97112_gw1i5u_03542;3542;;Route Nationale N9;97112;97112;Grand-Bourg;;;-61.328507;15.915625
97112_g5vfst_00319;319;;Route N203 vers Capesterre;97112;97112;Grand-Bourg;;;-61.307621;15.879102
97112_1w2ger_00200;200;;ignace;97112;97112;Grand-Bourg;;;-61.28236;15.908496
97112_cmeyup_03192;3192;;Route N204 vers Port-Louis;97112;97112;Grand-Bourg;;;-61.301787;15.910541
97112_rh7aqe_00575;575;;Chemin de L'école;97112;97112;Grand-Bourg;;;-61.277775;15.907254
97112_g5vfst_00233;233;;Route N203 vers Capesterre;97112;97112;Grand-Bourg;;;-61.30841;15.879387
97112_d9jzdl_00315;315;;Route de Vanniers;97112;97112;Grand-Bourg;;;-61.280395;15.909635
97112_qhhqw7_00672;672;;Chemin du Frangipanier;97112;97112;Grand-Bourg;;;-61.287926;15.892427
97112_zkvspv_00549;549;;Route de Bambara;97112;97112;Grand-Bourg;;;-61.309378;15.887043
97112_g5vfst_00117;117;;Route N203 vers Capesterre;97112;97112;Grand-Bourg;;;-61.309362;15.879767
97112_0302_00005;5;;Rue Gerty ARCHIMEDE;97112;97112;Grand-Bourg;;;-61.311871;15.886146
97112_jecipl_00017;17;;Chemin des crabes sémafot;97112;97112;Grand-Bourg;;;-61.31968;15.893608
97112_f30531_00366;366;;Route de Folle-Anse;97112;97112;Grand-Bourg;;;-61.331931;15.919836
97112_g5vfst_02161;2161;;Route N203 vers Capesterre;97112;97112;Grand-Bourg;;;-61.292283;15.872904
97112_o9eyeu_00658;658;;Chemin du Fond Charbonnier;97112;97112;Grand-Bourg;;;-61.26758;15.903887
97112_8evxbs_00342;342;;Chemin des arbres à pain;97112;97112;Grand-Bourg;;;-61.305933;15.883002
97112_y80k6x_00038;38;;Route Nationale N9 STL - CPT;97112;97112;Grand-Bourg;;;-61.310271;15.880439
97112_tt4e92_00023;23;;Rue Beaurenon;97112;97112;Grand-Bourg;;;-61.314934;15.882429
97112_05j9q3_01957;1957;;L'Hermitage;97112;97112;Grand-Bourg;;;-61.299711;15.891355
97112_pyw5rp_02238;2238;;Route de Morne Lalane;97112;97112;Grand-Bourg;;;-61.270659;15.883723
97112_0205_00007;7;;Rue Francois Antenor Habazac;97112;97112;Grand-Bourg;;;-61.316263;15.884554
97112_xxj2vw_00001;1;;Chemin des Pincolas;97112;97112;Grand-Bourg;;;-61.301451;15.892397
97112_0302_00001;1;;Rue Gerty ARCHIMEDE;97112;97112;Grand-Bourg;;;-61.311946;15.88601
97112_odyy2d_00019;19;;Rue du Docteur Marcel ETZOL;97112;97112;Grand-Bourg;;;-61.315539;15.882012
97112_4sxdra_01435;1435;;Route de Thibault;97112;97112;Grand-Bourg;;;-61.264696;15.881035
97112_0301_00006;6;;Rue Frantz Fanon;97112;97112;Grand-Bourg;;;-61.3124;15.88678
97112_r9e5ut_03260;3260;;Route de Buckingham;97112;97112;Grand-Bourg;;;-61.303401;15.902569
97112_y80k6x_00516;516;;Route Nationale N9 STL - CPT;97112;97112;Grand-Bourg;;;-61.307285;15.883522
97112_g5vfst_00475;475;;Route N203 vers Capesterre;97112;97112;Grand-Bourg;;;-61.306303;15.878457
97112_gjqdqg_00238;238;;Chemin Fond Marin;97112;97112;Grand-Bourg;;;-61.281344;15.903967
97112_aibsrp_00017;17;;Chemin des Carapates;97112;97112;Grand-Bourg;;;-61.297804;15.89492
97112_g5vfst_00391;391;;Route N203 vers Capesterre;97112;97112;Grand-Bourg;;;-61.306825;15.87903
97112_0214_00008;8;;Rue Charles PORTECOP;97112;97112;Grand-Bourg;;;-61.314177;15.883975
97112_cmeyup_05690;5690;;Route N204 vers Port-Louis;97112;97112;Grand-Bourg;;;-61.284022;15.909089
97112_cmeyup_00315;315;;Route N204 vers Port-Louis;97112;97112;Grand-Bourg;;;-61.325428;15.914374
97112_qhhqw7_00238;238;;Chemin du Frangipanier;97112;97112;Grand-Bourg;;;-61.290774;15.893518
97112_r9e5ut_02629;2629;;Route de Buckingham;97112;97112;Grand-Bourg;;;-61.307468;15.905946
97112_pgsyup_02587;2587;;Chemin de Kato;97112;97112;Grand-Bourg;;;-61.291527;15.889493
97112_d9jzdl_02102;2102;;Route de Vanniers;97112;97112;Grand-Bourg;;;-61.279691;15.925274
97112_52us24_00002;2;;Rue Toussaint-Louverture;97112;97112;Grand-Bourg;;;-61.314773;15.883072
97112_38f266_00024;24;;Route du Moulin Beaurenon;97112;97112;Grand-Bourg;;;-61.308558;15.88275
97112_0303_00011;11;;Rue Mulatresse Solitude;97112;97112;Grand-Bourg;;;-61.314027;15.887913
97112_r9e5ut_00534;534;;Route de Buckingham;97112;97112;Grand-Bourg;;;-61.321498;15.905098
97112_0133_00023;23;;Rue Alonzo;97112;97112;Grand-Bourg;;;-61.313606;15.886125
97112_0i8qps_02026;2026;;Route de LaTreille;97112;97112;Grand-Bourg;;;-61.304128;15.901164
97112_pm12jy_00404;404;;Route Ravine David;97112;97112;Grand-Bourg;;;-61.32367;15.909847
97112_gw1i5u_00512;512;;Route Nationale N9;97112;97112;Grand-Bourg;;;-61.318205;15.890595
97112_tt4e92_00026;26;;Rue Beaurenon;97112;97112;Grand-Bourg;;;-61.315129;15.882414
97112_0212_00020;20;;Rue Hubert Rousseau;97112;97112;Grand-Bourg;;;-61.317952;15.88628
97112_0217_00028;28;;Avenue Sabliers Joinville;97112;97112;Grand-Bourg;;;-61.313219;15.881274
97112_0205_00001;1;;Rue Francois Antenor Habazac;97112;97112;Grand-Bourg;;;-61.316738;15.883613
97112_0040_00035;35;;Passage des Braves;97112;97112;Grand-Bourg;;;-61.314756;15.884155
97112_v1swfp_01368;1368;;Route de Moringlane;97112;97112;Grand-Bourg;;;-61.305178;15.92337
97112_0133_00014;14;;Rue Alonzo;97112;97112;Grand-Bourg;;;-61.314236;15.886309
97112_0056_00003;3;;Rue du Commandant Mortenol;97112;97112;Grand-Bourg;;;-61.314812;15.882783
97112_gjqdqg_00135;135;;Chemin Fond Marin;97112;97112;Grand-Bourg;;;-61.282088;15.904558
97112_pyw5rp_00353;353;;Route de Morne Lalane;97112;97112;Grand-Bourg;;;-61.281305;15.872883
97112_cmeyup_03312;3312;;Route N204 vers Port-Louis;97112;97112;Grand-Bourg;;;-61.302309;15.909001
97112_0205_00031;31;;Rue Francois Antenor Habazac;97112;97112;Grand-Bourg;;;-61.315717;15.88577
97112_4sxdra_00260;260;;Route de Thibault;97112;97112;Grand-Bourg;;;-61.267468;15.872391
97112_tt4e92_00012;12;;Rue Beaurenon;97112;97112;Grand-Bourg;;;-61.315716;15.882757
97112_6hmed2_00001;1;;Cour Tirolien;97112;97112;Grand-Bourg;;;-61.31605;15.884224
97112_1w2ger_00007;7;;ignace;97112;97112;Grand-Bourg;;;-61.283788;15.909697
97112_cmeyup_01631;1631;;Route N204 vers Port-Louis;97112;97112;Grand-Bourg;;;-61.313389;15.913253
97112_ptrkh0_00144;144;;La Montagne;97112;97112;Grand-Bourg;;;-61.277778;15.869878
97112_cmeyup_00373;373;;Route N204 vers Port-Louis;97112;97112;Grand-Bourg;;;-61.32478;15.91465
97112_gp4zlx_00272;272;;Route de Saint-Marc;97112;97112;Grand-Bourg;;;-61.273499;15.909098
97112_f9e3d2_02611;2611;;Route de Beaufils;97112;97112;Grand-Bourg;;;-61.278427;15.89149
97112_tmpfck_00243;243;;Chemin Boustabak;97112;97112;Grand-Bourg;;;-61.310079;15.891083
97112_0134_00013;13;;Rue Alamanda;97112;97112;Grand-Bourg;;;-61.313311;15.886457
97112_0133_00037;37;;Rue Alonzo;97112;97112;Grand-Bourg;;;-61.312973;15.885937
97112_g5vfst_00555;555;;Route N203 vers Capesterre;97112;97112;Grand-Bourg;;;-61.305806;15.877913
97112_cxrgxr_00413;413;;Chemin de la mare Toubois;97112;97112;Grand-Bourg;;;-61.259857;15.903131
97112_g5vfst_03370;3370;;Route N203 vers Capesterre;97112;97112;Grand-Bourg;;;-61.281357;15.87016
97112_vg3685_00093;93;;Chemin du Grand-Fond;97112;97112;Grand-Bourg;;;-61.267418;15.89441
97112_odyy2d_00012;12;;Rue du Docteur Marcel ETZOL;97112;97112;Grand-Bourg;;;-61.315113;15.881919
97112_0208_00003;3;;Rue de la République;97112;97112;Grand-Bourg;;;-61.315427;15.881517
97112_r9e5ut_01568;1568;;Route de Buckingham;97112;97112;Grand-Bourg;;;-61.313269;15.90862
97112_0i8qps_00500;500;;Route de LaTreille;97112;97112;Grand-Bourg;;;-61.312311;15.89062
97112_jecipl_00201;201;;Chemin des crabes sémafot;97112;97112;Grand-Bourg;;;-61.320751;15.892376
97112_g5vfst_00091;91;;Route N203 vers Capesterre;97112;97112;Grand-Bourg;;;-61.309499;15.880169
97112_s9xg93_00047;47;;Chemin de Pafory;97112;97112;Grand-Bourg;;;-61.309192;15.935683
97112_0017_00056;56;;Rue du Docteur Felix Selbonne;97112;97112;Grand-Bourg;;;-61.31542;15.88383
97112_g5vfst_03835;3835;;Route N203 vers Capesterre;97112;97112;Grand-Bourg;;;-61.277026;15.869772
97112_0144_00002;2;;Rue de la Liberté;97112;97112;Grand-Bourg;;;-61.316292;15.883294
97112_0218_00002;2;;Rue Achille Rene Boisneuf;97112;97112;Grand-Bourg;;;-61.312321;15.886581
97112_c7abqg_00011;11;;Avenue Patrice TIROLIEN;97112;97112;Grand-Bourg;;;-61.314652;15.881885
97112_cmeyup_04098;4098;;Route N204 vers Port-Louis;97112;97112;Grand-Bourg;;;-61.295623;15.910392
97112_teaya6_00001;1;;Chemin Fleur de Canne;97112;97112;Grand-Bourg;;;-61.31392;15.913029
97112_v1swfp_01272;1272;;Route de Moringlane;97112;97112;Grand-Bourg;;;-61.304882;15.924822
97112_gw1i5u_00662;662;;Route Nationale N9;97112;97112;Grand-Bourg;;;-61.318529;15.891925
97112_teaya6_00200;200;;Chemin Fleur de Canne;97112;97112;Grand-Bourg;;;-61.315321;15.913861
97112_28h59g_00292;292;;Chemin man Félicien;97112;97112;Grand-Bourg;;;-61.281289;15.905442
97112_tmpfck_00065;65;;Chemin Boustabak;97112;97112;Grand-Bourg;;;-61.311411;15.892074
97112_0133_00025;25;;Rue Alonzo;97112;97112;Grand-Bourg;;;-61.313518;15.886088
97112_0208_00004;4;;Rue de la République;97112;97112;Grand-Bourg;;;-61.315344;15.881492
97112_r9e5ut_02371;2371;;Route de Buckingham;97112;97112;Grand-Bourg;;;-61.309269;15.903382
97112_0017_00031;31;;Rue du Docteur Felix Selbonne;97112;97112;Grand-Bourg;;;-61.31554;15.883924
97112_4i24e7_01942;1942;;Route de Morne Rouge;97112;97112;Grand-Bourg;;;-61.292076;15.892311
97112_y80k6x_00156;156;;Route Nationale N9 STL - CPT;97112;97112;Grand-Bourg;;;-61.309712;15.881321
97112_y80k6x_04142;4142;;Route Nationale N9 STL - CPT;97112;97112;Grand-Bourg;;;-61.284922;15.904118
97112_d9jzdl_00966;966;;Route de Vanniers;97112;97112;Grand-Bourg;;;-61.279751;15.915187
97112_0080_01284;1284;;Chemin de l'Étang Jonc;97112;97112;Grand-Bourg;;;-61.287969;15.923149
97112_0065_00021;21;;Avenue Delgres;97112;97112;Grand-Bourg;;;-61.312158;15.88612
97112_pza574_00395;395;;Chemin Duranchel CONFIAC;97112;97112;Grand-Bourg;;;-61.315735;15.89178
97112_pm12jy_00794;794;;Route Ravine David;97112;97112;Grand-Bourg;;;-61.322324;15.906942
97112_0303_00040;40;;Rue Mulatresse Solitude;97112;97112;Grand-Bourg;;;-61.312847;15.887152
97112_8evxbs_00001;1;;Chemin des arbres à pain;97112;97112;Grand-Bourg;;;-61.308365;15.882608
97112_y80k6x_06614;6614;;Route Nationale N9 STL - CPT;97112;97112;Grand-Bourg;;;-61.264217;15.906963
97112_g5vfst_00045;45;;Route N203 vers Capesterre;97112;97112;Grand-Bourg;;;-61.30997;15.88
97112_7chq57_00726;726;;Chemin des Racoons;97112;97112;Grand-Bourg;;;-61.275883;15.92499
97112_o9eyeu_00827;827;;Chemin du Fond Charbonnier;97112;97112;Grand-Bourg;;;-61.268301;15.905305
97112_0i8qps_02791;2791;;Route de LaTreille;97112;97112;Grand-Bourg;;;-61.300407;15.906727
97112_g5vfst_03981;3981;;Route N203 vers Capesterre;97112;97112;Grand-Bourg;;;-61.275669;15.86981
97112_qhhqw7_00825;825;;Chemin du Frangipanier;97112;97112;Grand-Bourg;;;-61.286928;15.891645
97112_g5vfst_02734;2734;;Route N203 vers Capesterre;97112;97112;Grand-Bourg;;;-61.287228;15.871154
97112_0096_00001;1;;Rue du Fort;97112;97112;Grand-Bourg;;;-61.316328;15.882067
97112_r9e5ut_01713;1713;;Route de Buckingham;97112;97112;Grand-Bourg;;;-61.312622;15.907575
97112_4sxdra_02505;2505;;Route de Thibault;97112;97112;Grand-Bourg;;;-61.257682;15.886393
97112_0210_00020;20;;Rue Henry Rinaldo;97112;97112;Grand-Bourg;;;-61.318247;15.885355
97112_0i8qps_02241;2241;;Route de LaTreille;97112;97112;Grand-Bourg;;;-61.303027;15.902714
97112_0272_00006;6;;Rue du Vieil Arbre;97112;97112;Grand-Bourg;;;-61.314509;15.881203
97112_y80k6x_01439;1439;;Route Nationale N9 STL - CPT;97112;97112;Grand-Bourg;;;-61.303907;15.89057
97112_rwz44x_00769;769;;Chemin Pannyon;97112;97112;Grand-Bourg;;;-61.261583;15.896647
97112_0303_00033;33;;Rue Mulatresse Solitude;97112;97112;Grand-Bourg;;;-61.313029;15.88743
97112_g5vfst_00913;913;;Route N203 vers Capesterre;97112;97112;Grand-Bourg;;;-61.303499;15.875604
97112_4sxdra_01437;1437;;Route de Thibault;97112;97112;Grand-Bourg;;;-61.264858;15.881148
97112_0133_00028;28;;Rue Alonzo;97112;97112;Grand-Bourg;;;-61.313816;15.886087
97112_0133_00022;22;;Rue Alonzo;97112;97112;Grand-Bourg;;;-61.313991;15.886189
97112_0009_00025;25;;Rue Emile Bambuck;97112;97112;Grand-Bourg;;;-61.312435;15.882014
97112_gp4zlx_00567;567;;Route de Saint-Marc;97112;97112;Grand-Bourg;;;-61.271202;15.909176
97112_0071_00010;10;;Place de l'Eglise;97112;97112;Grand-Bourg;;;-61.314665;15.883191
97112_0i8qps_00151;151;;Route de LaTreille;97112;97112;Grand-Bourg;;;-61.31462;15.888194
97112_f9e3d2_04423;4423;;Route de Beaufils;97112;97112;Grand-Bourg;;;-61.274562;15.905523
97112_cmeyup_00001;1;;Route N204 vers Port-Louis;97112;97112;Grand-Bourg;;;-61.328214;15.91361
97112_0096_00006;6;;Rue du Fort;97112;97112;Grand-Bourg;;;-61.316732;15.882198
97112_0i8qps_00488;488;;Route de LaTreille;97112;97112;Grand-Bourg;;;-61.312878;15.890733
97112_0142_00004;4;;Rue Bougainvilliers;97112;97112;Grand-Bourg;;;-61.313702;15.885791
97112_gw1i5u_06867;6867;;Route Nationale N9;97112;97112;Grand-Bourg;;;-61.31266;15.933117
97112_4i24e7_00166;166;;Route de Morne Rouge;97112;97112;Grand-Bourg;;;-61.304678;15.883557
97112_g5vfst_01201;1201;;Route N203 vers Capesterre;97112;97112;Grand-Bourg;;;-61.300978;15.874866
97112_uerzzn_01012;1012;;Route de Petite Banane;97112;97112;Grand-Bourg;;;-61.311167;15.918497
97112_pyw5rp_03213;3213;;Route de Morne Lalane;97112;97112;Grand-Bourg;;;-61.263148;15.888243
97112_f30531_00285;285;;Route de Folle-Anse;97112;97112;Grand-Bourg;;;-61.331635;15.919148
97112_05j9q3_01960;1960;;L'Hermitage;97112;97112;Grand-Bourg;;;-61.299396;15.89151
97112_i4tg5h_00183;183;;Route de Gagneron;97112;97112;Grand-Bourg;;;-61.26935;15.909068
97112_4sxdra_02854;2854;;Route de Thibault;97112;97112;Grand-Bourg;;;-61.256066;15.888904
97112_u40fl2_00250;250;;Route des Manguiers;97112;97112;Grand-Bourg;;;-61.272549;15.905511
97112_cmeyup_03320;3320;;Route N204 vers Port-Louis;97112;97112;Grand-Bourg;;;-61.302901;15.908279
97112_e2301p_00245;245;;Route de Bielle;97112;97112;Grand-Bourg;;;-61.272392;15.911551
97112_0i8qps_00295;295;;Route de LaTreille;97112;97112;Grand-Bourg;;;-61.313895;15.889305
97112_0i8qps_01031;1031;;Route de LaTreille;97112;97112;Grand-Bourg;;;-61.310495;15.89503
97112_0214_00006;6;;Rue Charles PORTECOP;97112;97112;Grand-Bourg;;;-61.314215;15.883893
97112_d9jzdl_00635;635;;Route de Vanniers;97112;97112;Grand-Bourg;;;-61.28004;15.912395
97112_0210_00017;17;;Rue Henry Rinaldo;97112;97112;Grand-Bourg;;;-61.318285;15.884524
97112_tt4e92_00030;30;;Rue Beaurenon;97112;97112;Grand-Bourg;;;-61.314835;15.882242
97112_pza574_00063;63;;Chemin Duranchel CONFIAC;97112;97112;Grand-Bourg;;;-61.316254;15.888933
97112_tttrhi_00536;536;;Chemin du moulin de Saint-Michel;97112;97112;Grand-Bourg;;;-61.269673;15.884376
97112_v1swfp_02352;2352;;Route de Moringlane;97112;97112;Grand-Bourg;;;-61.305198;15.915581
97112_4i24e7_01915;1915;;Route de Morne Rouge;97112;97112;Grand-Bourg;;;-61.292297;15.892116
97112_gw1i5u_00539;539;;Route Nationale N9;97112;97112;Grand-Bourg;;;-61.318399;15.890795
97112_7avmtj_00018;18;;Chemin Céleste;97112;97112;Grand-Bourg;;;-61.300409;15.905696
97112_0203_00006;6;;Rue Pablo Neruda;97112;97112;Grand-Bourg;;;-61.316894;15.885807
97112_0208_00013;13;;Rue de la République;97112;97112;Grand-Bourg;;;-61.315194;15.882026
97112_cmeyup_00043;43;;Route N204 vers Port-Louis;97112;97112;Grand-Bourg;;;-61.327892;15.914062
97112_edhfqx_00116;116;;Route de Murat;97112;97112;Grand-Bourg;;;-61.299576;15.875692
97112_9d9e8z_00522;522;;Chemin des Pêcheurs;97112;97112;Grand-Bourg;;;-61.303071;15.880057
97112_cmeyup_00502;502;;Route N204 vers Port-Louis;97112;97112;Grand-Bourg;;;-61.32372;15.914674
97112_cmeyup_01117;1117;;Route N204 vers Port-Louis;97112;97112;Grand-Bourg;;;-61.318401;15.912801
97112_0017_00034;34;;Rue du Docteur Felix Selbonne;97112;97112;Grand-Bourg;;;-61.315761;15.883256
97112_0206_00005;5;;Rue Pierre LEROY;97112;97112;Grand-Bourg;;;-61.316674;15.883043
97112_nfn011_00182;182;;Chemin Pwa Toultan;97112;97112;Grand-Bourg;;;-61.253344;15.913906
97112_0217_00050;50;;Avenue Sabliers Joinville;97112;97112;Grand-Bourg;;;-61.311943;15.880647
97112_y80k6x_06783;6783;;Route Nationale N9 STL - CPT;97112;97112;Grand-Bourg;;;-61.263267;15.90719
97112_0041_00012;12;;Rue des Freres Brisacier;97112;97112;Grand-Bourg;;;-61.319122;15.88524
97112_9gfr6p_00139;139;;Chemin Murato;97112;97112;Grand-Bourg;;;-61.302506;15.876417
97112_y80k6x_05382;5382;;Route Nationale N9 STL - CPT;97112;97112;Grand-Bourg;;;-61.275558;15.907139
97112_cufhff_00064;64;;Chemin Sandragon;97112;97112;Grand-Bourg;;;-61.310268;15.881668
97112_0221_00015;15;;Rue Sony Rupaire;97112;97112;Grand-Bourg;;;-61.317671;15.887735
97112_r9e5ut_01210;1210;;Route de Buckingham;97112;97112;Grand-Bourg;;;-61.316143;15.908037
97112_0303_00038;38;;Rue Mulatresse Solitude;97112;97112;Grand-Bourg;;;-61.31293;15.88719
97112_y80k6x_05423;5423;;Route Nationale N9 STL - CPT;97112;97112;Grand-Bourg;;;-61.275078;15.907108
97112_gpwjz3_00764;764;;Route Durocher;97112;97112;Grand-Bourg;;;-61.274597;15.913066
97112_tttrhi_01266;1266;;Chemin du moulin de Saint-Michel;97112;97112;Grand-Bourg;;;-61.272481;15.88431
97112_u40fl2_00038;38;;Route des Manguiers;97112;97112;Grand-Bourg;;;-61.274029;15.906687
97112_g5vfst_01425;1425;;Route N203 vers Capesterre;97112;97112;Grand-Bourg;;;-61.298913;15.874535
97112_0202_00003;3;;Rue GAYOTTE;97112;97112;Grand-Bourg;;;-61.316874;15.886439
97112_r9e5ut_00130;130;;Route de Buckingham;97112;97112;Grand-Bourg;;;-61.324813;15.904887
97112_0144_00027;27;;Rue de la Liberté;97112;97112;Grand-Bourg;;;-61.317206;15.883516
97112_2qcudz_00185;185;;Chemin Agénor QUISOIR;97112;97112;Grand-Bourg;;;-61.31357;15.9283
97112_76q0wq_00062;62;;Chemin Laman;97112;97112;Grand-Bourg;;;-61.280141;15.926152
97112_g5vfst_03179;3179;;Route N203 vers Capesterre;97112;97112;Grand-Bourg;;;-61.283129;15.870485
97112_o0c4pu_00001;1;;Route de Boisneuf;97112;97112;Grand-Bourg;;;-61.279037;15.919496
97112_gp4zlx_00025;25;;Route de Saint-Marc;97112;97112;Grand-Bourg;;;-61.274679;15.907183
97112_g5vfst_02022;2022;;Route N203 vers Capesterre;97112;97112;Grand-Bourg;;;-61.293473;15.873252
97112_0040_00020;20;;Passage des Braves;97112;97112;Grand-Bourg;;;-61.315716;15.884247
97112_1b8ltr_00045;45;;Boulevard de la Caraibe;97112;97112;Grand-Bourg;;;-61.314348;15.8808
97112_edhfqx_00907;907;;Route de Murat;97112;97112;Grand-Bourg;;;-61.299934;15.882159
97112_y80k6x_00077;77;;Route Nationale N9 STL - CPT;97112;97112;Grand-Bourg;;;-61.310256;15.880818
97112_pm12jy_00652;652;;Route Ravine David;97112;97112;Grand-Bourg;;;-61.322734;15.908558
97112_v1swfp_02072;2072;;Route de Moringlane;97112;97112;Grand-Bourg;;;-61.306238;15.91894
97112_0121_00029;29;;Avenue Marcel Etzol;97112;97112;Grand-Bourg;;;-61.314425;15.881426
97112_ptrkh0_00006;6;;La Montagne;97112;97112;Grand-Bourg;;;-61.279919;15.872041
97112_uerzzn_00392;392;;Route de Petite Banane;97112;97112;Grand-Bourg;;;-61.313828;15.923145
97112_u40fl2_00374;374;;Route des Manguiers;97112;97112;Grand-Bourg;;;-61.2715;15.905085
97112_tt4e92_00001;1;;Rue Beaurenon;97112;97112;Grand-Bourg;;;-61.315852;15.882954
97112_0i8qps_01949;1949;;Route de LaTreille;97112;97112;Grand-Bourg;;;-61.305365;15.900702
97112_gw1i5u_00450;450;;Route Nationale N9;97112;97112;Grand-Bourg;;;-61.317967;15.890125
97112_0i8qps_01382;1382;;Route de LaTreille;97112;97112;Grand-Bourg;;;-61.308038;15.896988
97112_qhhqw7_00895;895;;Chemin du Frangipanier;97112;97112;Grand-Bourg;;;-61.287209;15.891071
97112_g5vfst_03009;3009;;Route N203 vers Capesterre;97112;97112;Grand-Bourg;;;-61.284642;15.870715
97112_0121_00018;18;;Avenue Marcel Etzol;97112;97112;Grand-Bourg;;;-61.313318;15.881096
97112_0041_00005;5;;Rue des Freres Brisacier;97112;97112;Grand-Bourg;;;-61.319354;15.885169
97112_c7abqg_00033;33;;Avenue Patrice TIROLIEN;97112;97112;Grand-Bourg;;;-61.31377;15.883678
97112_v1swfp_01495;1495;;Route de Moringlane;97112;97112;Grand-Bourg;;;-61.303767;15.922386
97112_qttlxt_00485;485;;Chemin de la Bruyère;97112;97112;Grand-Bourg;;;-61.309695;15.937203
97112_0210_00024;24;;Rue Henry Rinaldo;97112;97112;Grand-Bourg;;;-61.318477;15.884937
97112_8evxbs_00085;85;;Chemin des arbres à pain;97112;97112;Grand-Bourg;;;-61.307674;15.88229
97112_rh7aqe_00193;193;;Chemin de L'école;97112;97112;Grand-Bourg;;;-61.279407;15.907599
97112_f9e3d2_03405;3405;;Route de Beaufils;97112;97112;Grand-Bourg;;;-61.277526;15.898011
97112_xvywep_00068;68;;Chemin du moulin quatrième Portel;97112;97112;Grand-Bourg;;;-61.302704;15.911045
97112_0202_00005;5;;Rue GAYOTTE;97112;97112;Grand-Bourg;;;-61.316777;15.886379
97112_0121_00031;31;;Avenue Marcel Etzol;97112;97112;Grand-Bourg;;;-61.314552;15.881482
97112_0217_00026;26;;Avenue Sabliers Joinville;97112;97112;Grand-Bourg;;;-61.313292;15.88133
97112_7chq57_00166;166;;Chemin des Racoons;97112;97112;Grand-Bourg;;;-61.278124;15.920715
97112_4i24e7_00770;770;;Route de Morne Rouge;97112;97112;Grand-Bourg;;;-61.298917;15.88424
97112_f9e3d2_00358;358;;Route de Beaufils;97112;97112;Grand-Bourg;;;-61.283989;15.873786
97112_vp4x4v_00147;147;;Chemin F. Créantor dit Désir;97112;97112;Grand-Bourg;;;-61.262291;15.908069
97112_y80k6x_05237;5237;;Route Nationale N9 STL - CPT;97112;97112;Grand-Bourg;;;-61.276814;15.907602
97112_gw1i5u_07045;7045;;Route Nationale N9;97112;97112;Grand-Bourg;;;-61.312433;15.934734
97112_4sxdra_03651;3651;;Route de Thibault;97112;97112;Grand-Bourg;;;-61.255351;15.895955
97112_mrv1lu_00227;227;;Route René GLORIEUX;97112;97112;Grand-Bourg;;;-61.296993;15.894608
97112_tt4e92_00020;20;;Rue Beaurenon;97112;97112;Grand-Bourg;;;-61.315314;15.882531
97112_cmeyup_05058;5058;;Route N204 vers Port-Louis;97112;97112;Grand-Bourg;;;-61.288415;15.911803
97112_y80k6x_00078;78;;Route Nationale N9 STL - CPT;97112;97112;Grand-Bourg;;;-61.310157;15.880787
97112_52us24_00013;13;;Rue Toussaint-Louverture;97112;97112;Grand-Bourg;;;-61.314285;15.882998
97112_0303_00009;9;;Rue Mulatresse Solitude;97112;97112;Grand-Bourg;;;-61.314103;15.887964
97112_cmeyup_03318;3318;;Route N204 vers Port-Louis;97112;97112;Grand-Bourg;;;-61.302315;15.90856
97112_klz5ay_00016;16;;Chemin Adé GUIBOURDIN;97112;97112;Grand-Bourg;;;-61.302488;15.911717
97112_r9e5ut_00351;351;;Route de Buckingham;97112;97112;Grand-Bourg;;;-61.322981;15.906237
97112_cmeyup_05539;5539;;Route N204 vers Port-Louis;97112;97112;Grand-Bourg;;;-61.284057;15.910052
97112_y80k6x_00268;268;;Route Nationale N9 STL - CPT;97112;97112;Grand-Bourg;;;-61.308973;15.882006
97112_cmeyup_01804;1804;;Route N204 vers Port-Louis;97112;97112;Grand-Bourg;;;-61.312063;15.913432
97112_0017_00016;16;;Rue du Docteur Felix Selbonne;97112;97112;Grand-Bourg;;;-61.316083;15.882672
97112_0002_00003;3;;Allee Poirier;97112;97112;Grand-Bourg;;;-61.315167;15.885103
97112_0080_02076;2076;;Chemin de l'Étang Jonc;97112;97112;Grand-Bourg;;;-61.293806;15.922803
97112_s9xg93_00931;931;;Chemin de Pafory;97112;97112;Grand-Bourg;;;-61.302906;15.932444
97112_d9jzdl_01949;1949;;Route de Vanniers;97112;97112;Grand-Bourg;;;-61.279748;15.923952
97112_0221_00001;1;;Rue Sony Rupaire;97112;97112;Grand-Bourg;;;-61.316111;15.887236
97112_0017_00002;2;;Rue du Docteur Felix Selbonne;97112;97112;Grand-Bourg;;;-61.316504;15.881968
97112_4sxdra_00969;969;;Route de Thibault;97112;97112;Grand-Bourg;;;-61.26586;15.877128
97112_y80k6x_00453;453;;Route Nationale N9 STL - CPT;97112;97112;Grand-Bourg;;;-61.307805;15.883254
97112_0121_00007;7;;Avenue Marcel Etzol;97112;97112;Grand-Bourg;;;-61.31346;15.880949
97112_sv0tjd_00001;1;;Chemin de Beauregard;97112;97112;Grand-Bourg;;;-61.266764;15.894663
97112_edhfqx_00001;1;;Route de Murat;97112;97112;Grand-Bourg;;;-61.299983;15.874746
97112_0i8qps_01679;1679;;Route de LaTreille;97112;97112;Grand-Bourg;;;-61.306;15.898752
97112_0302_00009;9;;Rue Gerty ARCHIMEDE;97112;97112;Grand-Bourg;;;-61.311787;15.886307
97112_y80k6x_00653;653;;Route Nationale N9 STL - CPT;97112;97112;Grand-Bourg;;;-61.306123;15.884087
97112_0212_00013;13;;Rue Hubert Rousseau;97112;97112;Grand-Bourg;;;-61.318531;15.885734
97112_cmeyup_04526;4526;;Route N204 vers Port-Louis;97112;97112;Grand-Bourg;;;-61.292276;15.912312
97112_9gfr6p_00173;173;;Chemin Murato;97112;97112;Grand-Bourg;;;-61.302389;15.876679
97112_teaya6_00114;114;;Chemin Fleur de Canne;97112;97112;Grand-Bourg;;;-61.314738;15.913492
97112_0272_00036;36;;Rue du Vieil Arbre;97112;97112;Grand-Bourg;;;-61.313491;15.880801
97112_6hmed2_00007;7;;Cour Tirolien;97112;97112;Grand-Bourg;;;-61.315996;15.884066
97112_38f266_00001;1;;Route du Moulin Beaurenon;97112;97112;Grand-Bourg;;;-61.308462;15.882649
97112_ajvmqo_00243;243;;Chemin de Gay;97112;97112;Grand-Bourg;;;-61.312271;15.925344
97112_1b8ltr_00006;6;;Boulevard de la Caraibe;97112;97112;Grand-Bourg;;;-61.310809;15.879875
97112_d9jzdl_01911;1911;;Route de Vanniers;97112;97112;Grand-Bourg;;;-61.279812;15.923634
97112_0080_01087;1087;;Chemin de l'Étang Jonc;97112;97112;Grand-Bourg;;;-61.286637;15.922618
97112_d9jzdl_03194;3194;;Route de Vanniers;97112;97112;Grand-Bourg;;;-61.283587;15.931988
97112_edhfqx_00823;823;;Route de Murat;97112;97112;Grand-Bourg;;;-61.299756;15.881457
97112_v1swfp_02398;2398;;Route de Moringlane;97112;97112;Grand-Bourg;;;-61.30501;15.915304
97112_o0c4pu_00986;986;;Route de Boisneuf;97112;97112;Grand-Bourg;;;-61.270286;15.916671
97112_g5vfst_00389;389;;Route N203 vers Capesterre;97112;97112;Grand-Bourg;;;-61.30701;15.879024
97112_n2v8wm_00248;248;;Route Jadin Bo Kaz;97112;97112;Grand-Bourg;;;-61.307221;15.880749
97112_2fqfdz_00329;329;;Chemin Lucover;97112;97112;Grand-Bourg;;;-61.253218;15.890197
97112_0i8qps_00887;887;;Route de LaTreille;97112;97112;Grand-Bourg;;;-61.311015;15.89382
97112_cmeyup_05428;5428;;Route N204 vers Port-Louis;97112;97112;Grand-Bourg;;;-61.284865;15.910831
97112_u40fl2_00274;274;;Route des Manguiers;97112;97112;Grand-Bourg;;;-61.272204;15.90473
97112_9d9e8z_00513;513;;Chemin des Pêcheurs;97112;97112;Grand-Bourg;;;-61.302452;15.880251
97112_bk9kbu_00248;248;;Chemin des Mancenilliers;97112;97112;Grand-Bourg;;;-61.288853;15.871506
97112_gjqdqg_00225;225;;Chemin Fond Marin;97112;97112;Grand-Bourg;;;-61.281436;15.904066
97112_0056_00007;7;;Rue du Commandant Mortenol;97112;97112;Grand-Bourg;;;-61.314736;15.88272
97112_f9e3d2_01882;1882;;Route de Beaufils;97112;97112;Grand-Bourg;;;-61.279191;15.885468
97112_0i8qps_00552;552;;Route de LaTreille;97112;97112;Grand-Bourg;;;-61.312577;15.891245
97112_r9e5ut_01538;1538;;Route de Buckingham;97112;97112;Grand-Bourg;;;-61.313521;15.908838
97112_0212_00016;16;;Rue Hubert Rousseau;97112;97112;Grand-Bourg;;;-61.318194;15.885912
97112_uerzzn_00174;174;;Route de Petite Banane;97112;97112;Grand-Bourg;;;-61.314682;15.924866
97112_cxrgxr_00415;415;;Chemin de la mare Toubois;97112;97112;Grand-Bourg;;;-61.259787;15.903191
97112_4i24e7_00035;35;;Route de Morne Rouge;97112;97112;Grand-Bourg;;;-61.305653;15.884334
97112_d9jzdl_01783;1783;;Route de Vanniers;97112;97112;Grand-Bourg;;;-61.279932;15.92247
97112_v1swfp_02220;2220;;Route de Moringlane;97112;97112;Grand-Bourg;;;-61.305674;15.916758
97112_cmeyup_03218;3218;;Route N204 vers Port-Louis;97112;97112;Grand-Bourg;;;-61.301732;15.910295
97112_p03avt_00166;166;;Route Lamy;97112;97112;Grand-Bourg;;;-61.313201;15.893196
97112_y80k6x_06710;6710;;Route Nationale N9 STL - CPT;97112;97112;Grand-Bourg;;;-61.263285;15.906904
97112_mrv1lu_00307;307;;Route René GLORIEUX;97112;97112;Grand-Bourg;;;-61.296258;15.894252
97112_0301_00004;4;;Rue Frantz Fanon;97112;97112;Grand-Bourg;;;-61.312489;15.886624
97112_0080_00606;606;;Chemin de l'Étang Jonc;97112;97112;Grand-Bourg;;;-61.28353;15.920154
97112_6m8tbw_00051;51;;Chemin du moulin de Bonneval;97112;97112;Grand-Bourg;;;-61.319038;15.893667
97112_0207_00001;1;;Rue Leon Gontrand Damas;97112;97112;Grand-Bourg;;;-61.318882;15.88553
97112_0040_00008;8;;Passage des Braves;97112;97112;Grand-Bourg;;;-61.316673;15.884743
97112_1b8ltr_00051;51;;Boulevard de la Caraibe;97112;97112;Grand-Bourg;;;-61.3141;15.88069
97112_gw1i5u_02586;2586;;Route Nationale N9;97112;97112;Grand-Bourg;;;-61.326525;15.907115
97112_0i8qps_02636;2636;;Route de LaTreille;97112;97112;Grand-Bourg;;;-61.300662;15.905373
97112_0009_00014;14;;Rue Emile Bambuck;97112;97112;Grand-Bourg;;;-61.312274;15.881856
97112_gw1i5u_00521;521;;Route Nationale N9;97112;97112;Grand-Bourg;;;-61.318352;15.890651
97112_r9e5ut_02997;2997;;Route de Buckingham;97112;97112;Grand-Bourg;;;-61.304959;15.903913
97112_y80k6x_05181;5181;;Route Nationale N9 STL - CPT;97112;97112;Grand-Bourg;;;-61.277332;15.907746
97112_38f266_00056;56;;Route du Moulin Beaurenon;97112;97112;Grand-Bourg;;;-61.308851;15.88288
97112_r9e5ut_00062;62;;Route de Buckingham;97112;97112;Grand-Bourg;;;-61.325398;15.904563
97112_0135_00010;10;;Rue Furcie Tirolien;97112;97112;Grand-Bourg;;;-61.315585;15.882312
97112_v1swfp_02138;2138;;Route de Moringlane;97112;97112;Grand-Bourg;;;-61.305579;15.917465
97112_uerzzn_00040;40;;Route de Petite Banane;97112;97112;Grand-Bourg;;;-61.314666;15.92605
97112_9d9e8z_00531;531;;Chemin des Pêcheurs;97112;97112;Grand-Bourg;;;-61.302142;15.880057
97112_g5vfst_00343;343;;Route N203 vers Capesterre;97112;97112;Grand-Bourg;;;-61.307392;15.879026
97112_gw1i5u_00220;220;;Route Nationale N9;97112;97112;Grand-Bourg;;;-61.316656;15.888584
97112_n2v8wm_00492;492;;Route Jadin Bo Kaz;97112;97112;Grand-Bourg;;;-61.305233;15.879766
97112_4i24e7_00988;988;;Route de Morne Rouge;97112;97112;Grand-Bourg;;;-61.297429;15.885543
97112_tt4e92_00008;8;;Rue Beaurenon;97112;97112;Grand-Bourg;;;-61.315784;15.882798
97112_76q0wq_00261;261;;Chemin Laman;97112;97112;Grand-Bourg;;;-61.281722;15.925704
97112_g5vfst_00656;656;;Route N203 vers Capesterre;97112;97112;Grand-Bourg;;;-61.305274;15.877186
97112_r9e5ut_00573;573;;Route de Buckingham;97112;97112;Grand-Bourg;;;-61.321168;15.905213
97112_0144_00014;14;;Rue de la Liberté;97112;97112;Grand-Bourg;;;-61.31822;15.884324
97112_6hmed2_00005;5;;Cour Tirolien;97112;97112;Grand-Bourg;;;-61.316089;15.884105
97112_gw1i5u_00951;951;;Route Nationale N9;97112;97112;Grand-Bourg;;;-61.319815;15.894114
97112_gw1i5u_00791;791;;Route Nationale N9;97112;97112;Grand-Bourg;;;-61.319295;15.892852
97112_g5vfst_03140;3140;;Route N203 vers Capesterre;97112;97112;Grand-Bourg;;;-61.28358;15.870342
97112_0149_00042;42;;Rue Marcel Lollia;97112;97112;Grand-Bourg;;;-61.313763;15.886465
97112_0i8qps_00764;764;;Route de LaTreille;97112;97112;Grand-Bourg;;;-61.311528;15.892857
97112_0i8qps_02756;2756;;Route de LaTreille;97112;97112;Grand-Bourg;;;-61.300361;15.906366
97112_tn00tz_00204;204;;Route du Charron;97112;97112;Grand-Bourg;;;-61.279003;15.900239
97112_g0nv9l_01123;1123;;Route de la Source;97112;97112;Grand-Bourg;;;-61.289859;15.873704
97112_zh40nc_00148;148;;Route de Houelche;97112;97112;Grand-Bourg;;;-61.266778;15.896003
97112_7chq57_00638;638;;Chemin des Racoons;97112;97112;Grand-Bourg;;;-61.276306;15.924364
97112_0217_00020;20;;Avenue Sabliers Joinville;97112;97112;Grand-Bourg;;;-61.313551;15.881465
97112_0i8qps_00239;239;;Route de LaTreille;97112;97112;Grand-Bourg;;;-61.314175;15.888883
97112_y80k6x_02722;2722;;Route Nationale N9 STL - CPT;97112;97112;Grand-Bourg;;;-61.293978;15.896712
97112_aibsrp_00131;131;;Chemin des Carapates;97112;97112;Grand-Bourg;;;-61.296982;15.895555
97112_d9jzdl_00813;813;;Route de Vanniers;97112;97112;Grand-Bourg;;;-61.279552;15.913913
97112_0135_00011;11;;Rue Furcie Tirolien;97112;97112;Grand-Bourg;;;-61.315722;15.882337
97112_0i8qps_00117;117;;Route de LaTreille;97112;97112;Grand-Bourg;;;-61.314816;15.887953
97112_pd8j1u_00001;1;;Chemin Fond Corossol;97112;97112;Grand-Bourg;;;-61.284659;15.905444
97112_c7abqg_00017;17;;Avenue Patrice TIROLIEN;97112;97112;Grand-Bourg;;;-61.314421;15.882346
97112_gw1i5u_00317;317;;Route Nationale N9;97112;97112;Grand-Bourg;;;-61.317286;15.889038
97112_v1swfp_01270;1270;;Route de Moringlane;97112;97112;Grand-Bourg;;;-61.304658;15.924779
97112_v1swfp_00939;939;;Route de Moringlane;97112;97112;Grand-Bourg;;;-61.304404;15.927064
97112_odyy2d_00020;20;;Rue du Docteur Marcel ETZOL;97112;97112;Grand-Bourg;;;-61.315475;15.8821
97112_uerzzn_01426;1426;;Route de Petite Banane;97112;97112;Grand-Bourg;;;-61.309058;15.916188
97112_pza574_00050;50;;Chemin Duranchel CONFIAC;97112;97112;Grand-Bourg;;;-61.316231;15.888786
97112_4i24e7_01597;1597;;Route de Morne Rouge;97112;97112;Grand-Bourg;;;-61.293775;15.889678
97112_c7abqg_00004;4;;Avenue Patrice TIROLIEN;97112;97112;Grand-Bourg;;;-61.314695;15.881498
97112_0217_00013;13;;Avenue Sabliers Joinville;97112;97112;Grand-Bourg;;;-61.313943;15.881908
97112_0134_00003;3;;Rue Alamanda;97112;97112;Grand-Bourg;;;-61.313739;15.885658
97112_0207_00003;3;;Rue Leon Gontrand Damas;97112;97112;Grand-Bourg;;;-61.319124;15.885651
97112_0i8qps_00590;590;;Route de LaTreille;97112;97112;Grand-Bourg;;;-61.312393;15.89151
97112_pgsyup_01638;1638;;Chemin de Kato;97112;97112;Grand-Bourg;;;-61.287657;15.885042
97112_p03avt_02050;2050;;Route Lamy;97112;97112;Grand-Bourg;;;-61.319605;15.905322
97112_y80k6x_05986;5986;;Route Nationale N9 STL - CPT;97112;97112;Grand-Bourg;;;-61.270037;15.907477
97112_1b8ltr_00041;41;;Boulevard de la Caraibe;97112;97112;Grand-Bourg;;;-61.314511;15.880857
97112_teaya6_00187;187;;Chemin Fleur de Canne;97112;97112;Grand-Bourg;;;-61.315335;15.913636
97112_0056_00004;4;;Rue du Commandant Mortenol;97112;97112;Grand-Bourg;;;-61.314906;15.882617
97112_d9jzdl_02308;2308;;Route de Vanniers;97112;97112;Grand-Bourg;;;-61.279282;15.927267
97112_0i8qps_02881;2881;;Route de LaTreille;97112;97112;Grand-Bourg;;;-61.300246;15.907492
97112_4i24e7_01883;1883;;Route de Morne Rouge;97112;97112;Grand-Bourg;;;-61.292427;15.891789
97112_0144_00033;33;;Rue de la Liberté;97112;97112;Grand-Bourg;;;-61.317636;15.883338
97112_0217_00076;76;;Avenue Sabliers Joinville;97112;97112;Grand-Bourg;;;-61.31079;15.880111
97112_u40fl2_00686;686;;Route des Manguiers;97112;97112;Grand-Bourg;;;-61.269264;15.905707
97112_y80k6x_01978;1978;;Route Nationale N9 STL - CPT;97112;97112;Grand-Bourg;;;-61.300252;15.893728
97112_uerzzn_00140;140;;Route de Petite Banane;97112;97112;Grand-Bourg;;;-61.314695;15.925164
97112_2qcudz_00127;127;;Chemin Agénor QUISOIR;97112;97112;Grand-Bourg;;;-61.313995;15.927997
97112_0017_00012;12;;Rue du Docteur Felix Selbonne;97112;97112;Grand-Bourg;;;-61.316198;15.882496
97112_v1swfp_00114;114;;Route de Moringlane;97112;97112;Grand-Bourg;;;-61.311691;15.928575
97112_4sxdra_02721;2721;;Route de Thibault;97112;97112;Grand-Bourg;;;-61.256226;15.887696
97112_ofyk7p_00001;1;;Route Pointe de Folle Anse;97112;97112;Grand-Bourg;;;-61.335755;15.937791
97112_i4tg5h_00978;978;;Route de Gagneron;97112;97112;Grand-Bourg;;;-61.263153;15.912456
97112_1b8ltr_00053;53;;Boulevard de la Caraibe;97112;97112;Grand-Bourg;;;-61.31402;15.880651
97112_0205_00017;17;;Rue Francois Antenor Habazac;97112;97112;Grand-Bourg;;;-61.31608;15.8849
97112_0i8qps_01159;1159;;Route de LaTreille;97112;97112;Grand-Bourg;;;-61.309854;15.896123
97112_0i8qps_02433;2433;;Route de LaTreille;97112;97112;Grand-Bourg;;;-61.301691;15.903824
97112_y80k6x_00138;138;;Route Nationale N9 STL - CPT;97112;97112;Grand-Bourg;;;-61.309866;15.881244
97112_0212_00014;14;;Rue Hubert Rousseau;97112;97112;Grand-Bourg;;;-61.318304;15.885646
97112_y80k6x_03073;3073;;Route Nationale N9 STL - CPT;97112;97112;Grand-Bourg;;;-61.290808;15.8973
97112_0017_00007;7;;Rue du Docteur Felix Selbonne;97112;97112;Grand-Bourg;;;-61.31613;15.882857
97112_y80k6x_00465;465;;Route Nationale N9 STL - CPT;97112;97112;Grand-Bourg;;;-61.307716;15.883328
97112_qhhqw7_00368;368;;Chemin du Frangipanier;97112;97112;Grand-Bourg;;;-61.289513;15.893556
97112_g5vfst_00033;33;;Route N203 vers Capesterre;97112;97112;Grand-Bourg;;;-61.31008;15.880037
97112_y80k6x_03047;3047;;Route Nationale N9 STL - CPT;97112;97112;Grand-Bourg;;;-61.291042;15.897279
97112_y80k6x_00066;66;;Route Nationale N9 STL - CPT;97112;97112;Grand-Bourg;;;-61.310194;15.880672
97112_0303_00018;18;;Rue Mulatresse Solitude;97112;97112;Grand-Bourg;;;-61.313804;15.887629
97112_g5vfst_03454;3454;;Route N203 vers Capesterre;97112;97112;Grand-Bourg;;;-61.280602;15.870054
97112_cmeyup_02446;2446;;Route N204 vers Port-Louis;97112;97112;Grand-Bourg;;;-61.306444;15.914883
97112_0121_00021;21;;Avenue Marcel Etzol;97112;97112;Grand-Bourg;;;-61.314089;15.881268
97112_hl50nl_00197;197;;Chemin de Sophie;97112;97112;Grand-Bourg;;;-61.299904;15.894192
97112_tt4e92_00028;28;;Rue Beaurenon;97112;97112;Grand-Bourg;;;-61.315056;15.882358
97112_1w2ger_00058;58;;ignace;97112;97112;Grand-Bourg;;;-61.283914;15.908607
97112_0205_00002;2;;Rue Francois Antenor Habazac;97112;97112;Grand-Bourg;;;-61.316588;15.883441
97112_g0nv9l_00041;41;;Route de la Source;97112;97112;Grand-Bourg;;;-61.298301;15.878533
97112_1b8ltr_00027;27;;Boulevard de la Caraibe;97112;97112;Grand-Bourg;;;-61.31491;15.881058
97112_gw1i5u_03276;3276;;Route Nationale N9;97112;97112;Grand-Bourg;;;-61.327937;15.913148
97112_qttlxt_00794;794;;Chemin de la Bruyère;97112;97112;Grand-Bourg;;;-61.307177;15.93689
97112_g5vfst_00046;46;;Route N203 vers Capesterre;97112;97112;Grand-Bourg;;;-61.310043;15.879903
97112_0135_00019;19;;Rue Furcie Tirolien;97112;97112;Grand-Bourg;;;-61.315622;15.882506
97112_g5vfst_01967;1967;;Route N203 vers Capesterre;97112;97112;Grand-Bourg;;;-61.293895;15.873466
97112_d9jzdl_01619;1619;;Route de Vanniers;97112;97112;Grand-Bourg;;;-61.280051;15.92098
97112_0056_00002;2;;Rue du Commandant Mortenol;97112;97112;Grand-Bourg;;;-61.315055;15.882649
97112_gp4zlx_00228;228;;Route de Saint-Marc;97112;97112;Grand-Bourg;;;-61.273666;15.908743
97112_f30531_00235;235;;Route de Folle-Anse;97112;97112;Grand-Bourg;;;-61.331384;15.918788
97112_0201_00040;40;;Rue Saint John Perse;97112;97112;Grand-Bourg;;;-61.315536;15.886098
97112_4i24e7_01657;1657;;Route de Morne Rouge;97112;97112;Grand-Bourg;;;-61.293446;15.890139
97112_hl50nl_00115;115;;Chemin de Sophie;97112;97112;Grand-Bourg;;;-61.300644;15.894192
97112_0149_00043;43;;Rue Marcel Lollia;97112;97112;Grand-Bourg;;;-61.313763;15.886465
97112_gw1i5u_00296;296;;Route Nationale N9;97112;97112;Grand-Bourg;;;-61.317116;15.889029
97112_0205_00027;27;;Rue Francois Antenor Habazac;97112;97112;Grand-Bourg;;;-61.316101;15.885212
97112_4i24e7_02043;2043;;Route de Morne Rouge;97112;97112;Grand-Bourg;;;-61.292323;15.892993
97112_7chq57_00737;737;;Chemin des Racoons;97112;97112;Grand-Bourg;;;-61.275985;15.925067
97112_gw1i5u_00870;870;;Route Nationale N9;97112;97112;Grand-Bourg;;;-61.319384;15.893482
97112_4sxdra_02985;2985;;Route de Thibault;97112;97112;Grand-Bourg;;;-61.256253;15.890088
97112_r9e5ut_01594;1594;;Route de Buckingham;97112;97112;Grand-Bourg;;;-61.313131;15.908473
97112_0208_00002;2;;Rue de la République;97112;97112;Grand-Bourg;;;-61.315373;15.881436
97112_i4tg5h_01527;1527;;Route de Gagneron;97112;97112;Grand-Bourg;;;-61.258595;15.914464
97112_d9jzdl_00215;215;;Route de Vanniers;97112;97112;Grand-Bourg;;;-61.281017;15.909184
97112_pm12jy_00698;698;;Route Ravine David;97112;97112;Grand-Bourg;;;-61.321988;15.908228
97112_y80k6x_07554;7554;;Route Nationale N9 STL - CPT;97112;97112;Grand-Bourg;;;-61.256558;15.904082
97112_odyy2d_00011;11;;Rue du Docteur Marcel ETZOL;97112;97112;Grand-Bourg;;;-61.315102;15.88179
97112_mrv1lu_00761;761;;Route René GLORIEUX;97112;97112;Grand-Bourg;;;-61.294718;15.895849
97112_0121_00008;8;;Avenue Marcel Etzol;97112;97112;Grand-Bourg;;;-61.312909;15.880896
97112_r9e5ut_01275;1275;;Route de Buckingham;97112;97112;Grand-Bourg;;;-61.315597;15.908295
97112_g5vfst_01127;1127;;Route N203 vers Capesterre;97112;97112;Grand-Bourg;;;-61.301689;15.87492
97112_bk9kbu_00125;125;;Chemin des Mancenilliers;97112;97112;Grand-Bourg;;;-61.289995;15.871622
97112_0i8qps_02038;2038;;Route de LaTreille;97112;97112;Grand-Bourg;;;-61.304077;15.901246
97112_ofyk7p_00267;267;;Route Pointe de Folle Anse;97112;97112;Grand-Bourg;;;-61.336232;15.940133
97112_05tb0n_00005;5;;Rue Joseph IGNACE;97112;97112;Grand-Bourg;;;-61.311669;15.884423
97112_1b8ltr_00017;17;;Boulevard de la Caraibe;97112;97112;Grand-Bourg;;;-61.315422;15.881317
97112_o0c4pu_00838;838;;Route de Boisneuf;97112;97112;Grand-Bourg;;;-61.271595;15.91712
97112_g0nv9l_01169;1169;;Route de la Source;97112;97112;Grand-Bourg;;;-61.289468;15.873613
97112_2qcudz_00050;50;;Chemin Agénor QUISOIR;97112;97112;Grand-Bourg;;;-61.313952;15.927253
97112_xmv04b_00180;180;;Chemin Bagatelle;97112;97112;Grand-Bourg;;;-61.31465;15.900914
97112_4sxdra_01253;1253;;Route de Thibault;97112;97112;Grand-Bourg;;;-61.264826;15.879423
97112_69lpf3_00002;2;;Rue RABOT-SAGET;97112;97112;Grand-Bourg;;;-61.317052;15.885834
97112_y80k6x_02945;2945;;Route Nationale N9 STL - CPT;97112;97112;Grand-Bourg;;;-61.291936;15.897471
97112_f9e3d2_04143;4143;;Route de Beaufils;97112;97112;Grand-Bourg;;;-61.27585;15.903792
97112_05tb0n_00032;32;;Rue Joseph IGNACE;97112;97112;Grand-Bourg;;;-61.311047;15.88681
97112_gb4xqp_00181;181;;Chemin du Gouffre;97112;97112;Grand-Bourg;;;-61.287989;15.896778
97112_gp4zlx_00178;178;;Route de Saint-Marc;97112;97112;Grand-Bourg;;;-61.273935;15.908346
97112_cmeyup_02214;2214;;Route N204 vers Port-Louis;97112;97112;Grand-Bourg;;;-61.308496;15.914775
97112_o9eyeu_00306;306;;Chemin du Fond Charbonnier;97112;97112;Grand-Bourg;;;-61.265703;15.901672
97112_0303_00014;14;;Rue Mulatresse Solitude;97112;97112;Grand-Bourg;;;-61.314192;15.887829
97112_0121_00014;14;;Avenue Marcel Etzol;97112;97112;Grand-Bourg;;;-61.31315;15.88101
97112_su2fwx_00256;256;;Chemin Coulée Oubliée;97112;97112;Grand-Bourg;;;-61.285866;15.896256
97112_pm12jy_00001;1;;Route Ravine David;97112;97112;Grand-Bourg;;;-61.326955;15.91024
97112_0133_00040;40;;Rue Alonzo;97112;97112;Grand-Bourg;;;-61.311859;15.884962
97112_0144_00013;13;;Rue de la Liberté;97112;97112;Grand-Bourg;;;-61.316594;15.883226
97112_8evxbs_00160;160;;Chemin des arbres à pain;97112;97112;Grand-Bourg;;;-61.307103;15.881915
97112_odyy2d_00022;22;;Rue du Docteur Marcel ETZOL;97112;97112;Grand-Bourg;;;-61.315528;15.882119
97112_f9e3d2_02386;2386;;Route de Beaufils;97112;97112;Grand-Bourg;;;-61.277579;15.889457
97112_r9e5ut_02220;2220;;Route de Buckingham;97112;97112;Grand-Bourg;;;-61.310606;15.903486
97112_r9e5ut_03089;3089;;Route de Buckingham;97112;97112;Grand-Bourg;;;-61.304396;15.904321
97112_y80k6x_00563;563;;Route Nationale N9 STL - CPT;97112;97112;Grand-Bourg;;;-61.307048;15.88336
97112_b3jtj2_00187;187;;Chemin Hérisson;97112;97112;Grand-Bourg;;;-61.272603;15.903059
97112_0272_00018;18;;Rue du Vieil Arbre;97112;97112;Grand-Bourg;;;-61.314145;15.881054
97112_0135_00013;13;;Rue Furcie Tirolien;97112;97112;Grand-Bourg;;;-61.315709;15.882375
97112_g5vfst_00034;34;;Route N203 vers Capesterre;97112;97112;Grand-Bourg;;;-61.310137;15.879936
97112_y80k6x_02794;2794;;Route Nationale N9 STL - CPT;97112;97112;Grand-Bourg;;;-61.293408;15.896965
97112_4i24e7_00284;284;;Route de Morne Rouge;97112;97112;Grand-Bourg;;;-61.303496;15.883319
97112_0203_00009;9;;Rue Pablo Neruda;97112;97112;Grand-Bourg;;;-61.316689;15.885801
97112_52us24_00020;20;;Rue Toussaint-Louverture;97112;97112;Grand-Bourg;;;-61.314245;15.882855
97112_gw1i5u_01830;1830;;Route Nationale N9;97112;97112;Grand-Bourg;;;-61.323711;15.901076
97112_0133_00020;20;;Rue Alonzo;97112;97112;Grand-Bourg;;;-61.314044;15.886212
97112_mrv1lu_00703;703;;Route René GLORIEUX;97112;97112;Grand-Bourg;;;-61.294284;15.895499
97112_gw1i5u_00352;352;;Route Nationale N9;97112;97112;Grand-Bourg;;;-61.317442;15.889386
97112_rwz44x_00470;470;;Chemin Pannyon;97112;97112;Grand-Bourg;;;-61.264225;15.897446
97112_odyy2d_00013;13;;Rue du Docteur Marcel ETZOL;97112;97112;Grand-Bourg;;;-61.315376;15.881922
97112_sv0tjd_01097;1097;;Chemin de Beauregard;97112;97112;Grand-Bourg;;;-61.256722;15.893981
97112_uerzzn_00098;98;;Route de Petite Banane;97112;97112;Grand-Bourg;;;-61.315053;15.92545
97112_y80k6x_00231;231;;Route Nationale N9 STL - CPT;97112;97112;Grand-Bourg;;;-61.309735;15.881996
97112_v1swfp_01943;1943;;Route de Moringlane;97112;97112;Grand-Bourg;;;-61.304029;15.91855
97112_g5vfst_01529;1529;;Route N203 vers Capesterre;97112;97112;Grand-Bourg;;;-61.297972;15.874314
97112_0135_00008;8;;Rue Furcie Tirolien;97112;97112;Grand-Bourg;;;-61.315643;15.882236
97112_g5vfst_00337;337;;Route N203 vers Capesterre;97112;97112;Grand-Bourg;;;-61.307464;15.879051
97112_g5vfst_01395;1395;;Route N203 vers Capesterre;97112;97112;Grand-Bourg;;;-61.299183;15.874596
97112_gw1i5u_05854;5854;;Route Nationale N9;97112;97112;Grand-Bourg;;;-61.316225;15.926207
97112_n2v8wm_00001;1;;Route Jadin Bo Kaz;97112;97112;Grand-Bourg;;;-61.309237;15.881787
97112_r9e5ut_00471;471;;Route de Buckingham;97112;97112;Grand-Bourg;;;-61.322016;15.905322
97112_0303_00057;57;;Rue Mulatresse Solitude;97112;97112;Grand-Bourg;;;-61.311974;15.886873
97112_0208_00008;8;;Rue de la République;97112;97112;Grand-Bourg;;;-61.315297;15.881577
97112_i4tg5h_00558;558;;Route de Gagneron;97112;97112;Grand-Bourg;;;-61.266719;15.9111
97112_0056_00011;11;;Rue du Commandant Mortenol;97112;97112;Grand-Bourg;;;-61.314622;15.882682
97112_su2fwx_00060;60;;Chemin Coulée Oubliée;97112;97112;Grand-Bourg;;;-61.287566;15.895709
97112_cmeyup_02982;2982;;Route N204 vers Port-Louis;97112;97112;Grand-Bourg;;;-61.30295;15.912058
97112_1iua2i_00001;1;;Chemin Rabi;97112;97112;Grand-Bourg;;;-61.26209;15.906985
97112_0210_00022;22;;Rue Henry Rinaldo;97112;97112;Grand-Bourg;;;-61.318379;15.885091
97112_u40fl2_00496;496;;Route des Manguiers;97112;97112;Grand-Bourg;;;-61.270416;15.904712
97112_odyy2d_00024;24;;Rue du Docteur Marcel ETZOL;97112;97112;Grand-Bourg;;;-61.315871;15.88229
97112_qftviv_00066;66;;Chemin Valsaint;97112;97112;Grand-Bourg;;;-61.311431;15.914152
97112_qttlxt_00711;711;;Chemin de la Bruyère;97112;97112;Grand-Bourg;;;-61.307328;15.937532
97112_0153_00005;5;;Rue Martin Luther King;97112;97112;Grand-Bourg;;;-61.314279;15.884626
97112_d9jzdl_01174;1174;;Route de Vanniers;97112;97112;Grand-Bourg;;;-61.279421;15.917072
97112_g5vfst_00253;253;;Route N203 vers Capesterre;97112;97112;Grand-Bourg;;;-61.308194;15.879309
97112_2qcudz_00068;68;;Chemin Agénor QUISOIR;97112;97112;Grand-Bourg;;;-61.313892;15.9274
97112_0133_00034;34;;Rue Alonzo;97112;97112;Grand-Bourg;;;-61.31351;15.88591
97112_cxrgxr_00401;401;;Chemin de la mare Toubois;97112;97112;Grand-Bourg;;;-61.260446;15.903527
97112_v1swfp_01994;1994;;Route de Moringlane;97112;97112;Grand-Bourg;;;-61.304563;15.918316
97112_0002_00024;24;;Allee Poirier;97112;97112;Grand-Bourg;;;-61.314266;15.88512
97112_0017_00008;8;;Rue du Docteur Felix Selbonne;97112;97112;Grand-Bourg;;;-61.316342;15.882245
97112_pyw5rp_02543;2543;;Route de Morne Lalane;97112;97112;Grand-Bourg;;;-61.268158;15.884855
97112_y80k6x_02181;2181;;Route Nationale N9 STL - CPT;97112;97112;Grand-Bourg;;;-61.298499;15.894571
97112_f9e3d2_03150;3150;;Route de Beaufils;97112;97112;Grand-Bourg;;;-61.277254;15.8958
97112_0145_00001;1;;Rue Hibiscus;97112;97112;Grand-Bourg;;;-61.313989;15.885789
97112_rnk6fw_00793;793;;Chemin Chatelard;97112;97112;Grand-Bourg;;;-61.268964;15.922892
97112_g5vfst_03094;3094;;Route N203 vers Capesterre;97112;97112;Grand-Bourg;;;-61.283911;15.870493
97112_0303_00042;42;;Rue Mulatresse Solitude;97112;97112;Grand-Bourg;;;-61.312781;15.887084
97112_gw1i5u_03338;3338;;Route Nationale N9;97112;97112;Grand-Bourg;;;-61.328906;15.913382
97112_cmeyup_03402;3402;;Route N204 vers Port-Louis;97112;97112;Grand-Bourg;;;-61.300918;15.908876
97112_0041_00007;7;;Rue des Freres Brisacier;97112;97112;Grand-Bourg;;;-61.31929;15.885294
97112_r9e5ut_02825;2825;;Route de Buckingham;97112;97112;Grand-Bourg;;;-61.306255;15.904888
97112_odyy2d_00029;29;;Rue du Docteur Marcel ETZOL;97112;97112;Grand-Bourg;;;-61.316052;15.88227
97112_p03avt_01376;1376;;Route Lamy;97112;97112;Grand-Bourg;;;-61.318531;15.900786
97112_ofyk7p_00606;606;;Route Pointe de Folle Anse;97112;97112;Grand-Bourg;;;-61.335111;15.942528
97112_gpwjz3_00624;624;;Route Durocher;97112;97112;Grand-Bourg;;;-61.2758;15.91262
97112_0301_00007;7;;Rue Frantz Fanon;97112;97112;Grand-Bourg;;;-61.311833;15.887773
97112_05j9q3_01654;1654;;L'Hermitage;97112;97112;Grand-Bourg;;;-61.299583;15.890328
97112_0304_00004;4;;Rue Hegesippe Legitimus;97112;97112;Grand-Bourg;;;-61.311758;15.887038
97112_0040_00017;17;;Passage des Braves;97112;97112;Grand-Bourg;;;-61.316306;15.885063
97112_tt4e92_00035;35;;Rue Beaurenon;97112;97112;Grand-Bourg;;;-61.314601;15.88223
97112_2fqfdz_00157;157;;Chemin Lucover;97112;97112;Grand-Bourg;;;-61.254795;15.890518
97112_4sxdra_02374;2374;;Route de Thibault;97112;97112;Grand-Bourg;;;-61.258197;15.88532
97112_g5vfst_00556;556;;Route N203 vers Capesterre;97112;97112;Grand-Bourg;;;-61.305884;15.877836
97112_xmv04b_00692;692;;Chemin Bagatelle;97112;97112;Grand-Bourg;;;-61.312218;15.903164
97112_cmeyup_04050;4050;;Route N204 vers Port-Louis;97112;97112;Grand-Bourg;;;-61.295843;15.909954
97112_zkvspv_01001;1001;;Route de Bambara;97112;97112;Grand-Bourg;;;-61.306383;15.884242
97112_05j9q3_01937;1937;;L'Hermitage;97112;97112;Grand-Bourg;;;-61.299042;15.890228
97112_0017_00062;62;;Rue du Docteur Felix Selbonne;97112;97112;Grand-Bourg;;;-61.315358;15.88395
97112_76q0wq_00439;439;;Chemin Laman;97112;97112;Grand-Bourg;;;-61.283315;15.925668
97112_o0c4pu_00653;653;;Route de Boisneuf;97112;97112;Grand-Bourg;;;-61.274591;15.91756
97112_0205_00011;11;;Rue Francois Antenor Habazac;97112;97112;Grand-Bourg;;;-61.316174;15.884726
97112_d9jzdl_01825;1825;;Route de Vanniers;97112;97112;Grand-Bourg;;;-61.280196;15.922906
97112_y80k6x_00052;52;;Route Nationale N9 STL - CPT;97112;97112;Grand-Bourg;;;-61.310228;15.880544
97112_0303_00025;25;;Rue Mulatresse Solitude;97112;97112;Grand-Bourg;;;-61.313468;15.88765
97112_g5vfst_00785;785;;Route N203 vers Capesterre;97112;97112;Grand-Bourg;;;-61.304338;15.876424
97112_o9eyeu_00641;641;;Chemin du Fond Charbonnier;97112;97112;Grand-Bourg;;;-61.267656;15.903791
97112_gw1i5u_00124;124;;Route Nationale N9;97112;97112;Grand-Bourg;;;-61.315924;15.887993
97112_pm12jy_00648;648;;Route Ravine David;97112;97112;Grand-Bourg;;;-61.322115;15.908659
97112_r9e5ut_00349;349;;Route de Buckingham;97112;97112;Grand-Bourg;;;-61.323169;15.906024
97112_4sxdra_01663;1663;;Route de Thibault;97112;97112;Grand-Bourg;;;-61.262343;15.881599
97112_n2v8wm_00596;596;;Route Jadin Bo Kaz;97112;97112;Grand-Bourg;;;-61.304321;15.879334
97112_tmpfck_00323;323;;Chemin Boustabak;97112;97112;Grand-Bourg;;;-61.309865;15.890457
97112_n2v8wm_00110;110;;Route Jadin Bo Kaz;97112;97112;Grand-Bourg;;;-61.308334;15.881371
97112_0i8qps_00016;16;;Route de LaTreille;97112;97112;Grand-Bourg;;;-61.315172;15.887117
97112_0017_00040;40;;Rue du Docteur Felix Selbonne;97112;97112;Grand-Bourg;;;-61.315657;15.883402
97112_0212_00004;4;;Rue Hubert Rousseau;97112;97112;Grand-Bourg;;;-61.318898;15.884673
97112_4i24e7_00848;848;;Route de Morne Rouge;97112;97112;Grand-Bourg;;;-61.297583;15.884001
97112_0002_00042;42;;Allee Poirier;97112;97112;Grand-Bourg;;;-61.31518;15.886806
97112_0040_00002;2;;Passage des Braves;97112;97112;Grand-Bourg;;;-61.317253;15.88495
97112_4sxdra_00984;984;;Route de Thibault;97112;97112;Grand-Bourg;;;-61.265809;15.877259
97112_cmeyup_02429;2429;;Route N204 vers Port-Louis;97112;97112;Grand-Bourg;;;-61.306587;15.914955
97112_0040_00021;21;;Passage des Braves;97112;97112;Grand-Bourg;;;-61.316259;15.884817
97112_0i8qps_02901;2901;;Route de LaTreille;97112;97112;Grand-Bourg;;;-61.300242;15.907686
97112_0017_00017;17;;Rue du Docteur Felix Selbonne;97112;97112;Grand-Bourg;;;-61.315886;15.883352
97112_tmpfck_00193;193;;Chemin Boustabak;97112;97112;Grand-Bourg;;;-61.310457;15.891361
97112_0221_00009;9;;Rue Sony Rupaire;97112;97112;Grand-Bourg;;;-61.317092;15.887409
97112_r9e5ut_01784;1784;;Route de Buckingham;97112;97112;Grand-Bourg;;;-61.312439;15.906965
97112_4i24e7_00670;670;;Route de Morne Rouge;97112;97112;Grand-Bourg;;;-61.299676;15.883451
97112_0201_00005;5;;Rue Saint John Perse;97112;97112;Grand-Bourg;;;-61.317675;15.887327
97112_4i24e7_00846;846;;Route de Morne Rouge;97112;97112;Grand-Bourg;;;-61.298162;15.884053
97112_d9jzdl_00001;1;;Route de Vanniers;97112;97112;Grand-Bourg;;;-61.281833;15.907426
97112_d9jzdl_01843;1843;;Route de Vanniers;97112;97112;Grand-Bourg;;;-61.279875;15.923001
97112_b3jtj2_00047;47;;Chemin Hérisson;97112;97112;Grand-Bourg;;;-61.271456;15.903574
97112_gw1i5u_06423;6423;;Route Nationale N9;97112;97112;Grand-Bourg;;;-61.312759;15.929183
97112_umdfqp_00031;31;;Chemin Benjamin;97112;97112;Grand-Bourg;;;-61.294982;15.873841
97112_0017_00048;48;;Rue du Docteur Felix Selbonne;97112;97112;Grand-Bourg;;;-61.315489;15.883678
97112_uerzzn_00228;228;;Route de Petite Banane;97112;97112;Grand-Bourg;;;-61.314643;15.924341
97112_y80k6x_05383;5383;;Route Nationale N9 STL - CPT;97112;97112;Grand-Bourg;;;-61.275524;15.907225
97112_0002_00040;40;;Allee Poirier;97112;97112;Grand-Bourg;;;-61.315103;15.886713
97112_cmeyup_02071;2071;;Route N204 vers Port-Louis;97112;97112;Grand-Bourg;;;-61.309844;15.914605
97112_n2v8wm_00045;45;;Route Jadin Bo Kaz;97112;97112;Grand-Bourg;;;-61.308881;15.88164
97112_05tb0n_00030;30;;Rue Joseph IGNACE;97112;97112;Grand-Bourg;;;-61.310799;15.886383
97112_69lpf3_00009;9;;Rue RABOT-SAGET;97112;97112;Grand-Bourg;;;-61.317705;15.884122
97112_c7abqg_00041;41;;Avenue Patrice TIROLIEN;97112;97112;Grand-Bourg;;;-61.313507;15.884285
97112_c7abqg_00031;31;;Avenue Patrice TIROLIEN;97112;97112;Grand-Bourg;;;-61.313821;15.883593
97112_d9jzdl_00199;199;;Route de Vanniers;97112;97112;Grand-Bourg;;;-61.281121;15.909048
97112_0065_00014;14;;Avenue Delgres;97112;97112;Grand-Bourg;;;-61.314171;15.886917
97112_tmpfck_00133;133;;Chemin Boustabak;97112;97112;Grand-Bourg;;;-61.310913;15.891703
97112_y80k6x_00974;974;;Route Nationale N9 STL - CPT;97112;97112;Grand-Bourg;;;-61.305405;15.886715
97112_76q0wq_00293;293;;Chemin Laman;97112;97112;Grand-Bourg;;;-61.281959;15.925732
97112_tttrhi_00241;241;;Chemin du moulin de Saint-Michel;97112;97112;Grand-Bourg;;;-61.263117;15.890652
97112_0065_00032;32;;Avenue Delgres;97112;97112;Grand-Bourg;;;-61.312158;15.885875
97112_y80k6x_07187;7187;;Route Nationale N9 STL - CPT;97112;97112;Grand-Bourg;;;-61.259112;15.906195
97112_95we8v_00434;434;;Chemin Prèmyé JERNIVAL;97112;97112;Grand-Bourg;;;-61.27708;15.914891
97112_d9jzdl_00591;591;;Route de Vanniers;97112;97112;Grand-Bourg;;;-61.279676;15.912018
97112_f9e3d2_04048;4048;;Route de Beaufils;97112;97112;Grand-Bourg;;;-61.2762;15.903011
97112_0040_00010;10;;Passage des Braves;97112;97112;Grand-Bourg;;;-61.316524;15.884672
97112_g5vfst_02960;2960;;Route N203 vers Capesterre;97112;97112;Grand-Bourg;;;-61.285138;15.870717
97112_vg3685_00073;73;;Chemin du Grand-Fond;97112;97112;Grand-Bourg;;;-61.267313;15.894617
97112_0210_00016;16;;Rue Henry Rinaldo;97112;97112;Grand-Bourg;;;-61.318019;15.885809
97112_cmeyup_04860;4860;;Route N204 vers Port-Louis;97112;97112;Grand-Bourg;;;-61.289401;15.913321
97112_y80k6x_05424;5424;;Route Nationale N9 STL - CPT;97112;97112;Grand-Bourg;;;-61.275105;15.907011
97112_y80k6x_00117;117;;Route Nationale N9 STL - CPT;97112;97112;Grand-Bourg;;;-61.310104;15.881129
97112_gpwjz3_00668;668;;Route Durocher;97112;97112;Grand-Bourg;;;-61.275428;15.912766
97112_cxrgxr_00256;256;;Chemin de la mare Toubois;97112;97112;Grand-Bourg;;;-61.259932;15.904684
97112_r9e5ut_01099;1099;;Route de Buckingham;97112;97112;Grand-Bourg;;;-61.31712;15.907773
97112_a851_00016;16;;Lotissement de Tivoli;97112;97112;Grand-Bourg;;;-61.314459;15.887338
97112_a240_01373_p;1373;p;Lot les Hauts de Beaufils;97112;97112;Grand-Bourg;;;-61.287417;15.879231
97112_uerzzn_00135;135;;Route de Petite Banane;97112;97112;Grand-Bourg;;;-61.314567;15.925201
97112_u40fl2_00145;145;;Route des Manguiers;97112;97112;Grand-Bourg;;;-61.273116;15.906337
97112_edhfqx_00921;921;;Route de Murat;97112;97112;Grand-Bourg;;;-61.300048;15.882293
97112_gw1i5u_05836;5836;;Route Nationale N9;97112;97112;Grand-Bourg;;;-61.316403;15.926205
97112_y80k6x_00051;51;;Route Nationale N9 STL - CPT;97112;97112;Grand-Bourg;;;-61.310339;15.88059
97112_tmpfck_00101;101;;Chemin Boustabak;97112;97112;Grand-Bourg;;;-61.311134;15.891876
97112_0303_00012;12;;Rue Mulatresse Solitude;97112;97112;Grand-Bourg;;;-61.314255;15.887844
97112_gpwjz3_00989;989;;Route Durocher;97112;97112;Grand-Bourg;;;-61.273829;15.914955
97112_0i8qps_01994;1994;;Route de LaTreille;97112;97112;Grand-Bourg;;;-61.304253;15.900903
97112_0121_00030;30;;Avenue Marcel Etzol;97112;97112;Grand-Bourg;;;-61.313866;15.881342
97112_gw1i5u_00338;338;;Route Nationale N9;97112;97112;Grand-Bourg;;;-61.317368;15.889299
97112_teaya6_00431;431;;Chemin Fleur de Canne;97112;97112;Grand-Bourg;;;-61.316416;15.915623
97112_kg51s7_00002;2;;Passage Eva BOUDIN Evard THIBUS;97112;97112;Grand-Bourg;;;-61.313977;15.880848
97112_qhhqw7_00357;357;;Chemin du Frangipanier;97112;97112;Grand-Bourg;;;-61.289649;15.893653
97112_teaya6_00517;517;;Chemin Fleur de Canne;97112;97112;Grand-Bourg;;;-61.318404;15.915652
97112_0056_00014;14;;Rue du Commandant Mortenol;97112;97112;Grand-Bourg;;;-61.314465;15.88245
97112_y80k6x_02768;2768;;Route Nationale N9 STL - CPT;97112;97112;Grand-Bourg;;;-61.293625;15.89687
97112_u40fl2_00532;532;;Route des Manguiers;97112;97112;Grand-Bourg;;;-61.270035;15.904746
97112_0188_00003;3;;Rue Pasteur;97112;97112;Grand-Bourg;;;-61.315502;15.883499
97112_f30531_03351;3351;;Route de Folle-Anse;97112;97112;Grand-Bourg;;;-61.32975;15.943394
97112_0i8qps_00251;251;;Route de LaTreille;97112;97112;Grand-Bourg;;;-61.314127;15.888963
97112_0133_00013;13;;Rue Alonzo;97112;97112;Grand-Bourg;;;-61.313956;15.886333
97112_0303_00017;17;;Rue Mulatresse Solitude;97112;97112;Grand-Bourg;;;-61.313795;15.887809
97112_tmpfck_00155;155;;Chemin Boustabak;97112;97112;Grand-Bourg;;;-61.310736;15.891566
97112_0217_00001;1;;Avenue Sabliers Joinville;97112;97112;Grand-Bourg;;;-61.314326;15.882083
97112_0071_00007;7;;Place de l'Eglise;97112;97112;Grand-Bourg;;;-61.31537;15.883049
97112_mrv1lu_00224;224;;Route René GLORIEUX;97112;97112;Grand-Bourg;;;-61.297066;15.894197
97112_0040_00005;5;;Passage des Braves;97112;97112;Grand-Bourg;;;-61.316764;15.885069
97112_r9e5ut_02938;2938;;Route de Buckingham;97112;97112;Grand-Bourg;;;-61.305466;15.904188
97112_ofyk7p_00493;493;;Route Pointe de Folle Anse;97112;97112;Grand-Bourg;;;-61.335106;15.941765
97112_0301_00008;8;;Rue Frantz Fanon;97112;97112;Grand-Bourg;;;-61.312345;15.886846
97112_r9e5ut_00105;105;;Route de Buckingham;97112;97112;Grand-Bourg;;;-61.325045;15.904839
97112_xobdeb_00001;1;;Chemin Anacardiers;97112;97112;Grand-Bourg;;;-61.265227;15.894772
97112_d9jzdl_01398;1398;;Route de Vanniers;97112;97112;Grand-Bourg;;;-61.279078;15.919063
97112_4i24e7_00668;668;;Route de Morne Rouge;97112;97112;Grand-Bourg;;;-61.299738;15.883915
97112_r9e5ut_00001;1;;Route de Buckingham;97112;97112;Grand-Bourg;;;-61.325877;15.904395
97112_mrv1lu_00289;289;;Route René GLORIEUX;97112;97112;Grand-Bourg;;;-61.296427;15.894279
97112_0017_00036;36;;Rue du Docteur Felix Selbonne;97112;97112;Grand-Bourg;;;-61.315709;15.883309
97112_0040_00030;30;;Passage des Braves;97112;97112;Grand-Bourg;;;-61.315077;15.883917
97112_0i8qps_02274;2274;;Route de LaTreille;97112;97112;Grand-Bourg;;;-61.302756;15.902822
97112_gw1i5u_00546;546;;Route Nationale N9;97112;97112;Grand-Bourg;;;-61.318097;15.890949
97112_cmeyup_01441;1441;;Route N204 vers Port-Louis;97112;97112;Grand-Bourg;;;-61.315356;15.912889
97112_0202_00002;2;;Rue GAYOTTE;97112;97112;Grand-Bourg;;;-61.317097;15.886333
97112_mrv1lu_00133;133;;Route René GLORIEUX;97112;97112;Grand-Bourg;;;-61.297915;15.894178
97112_hl50nl_00041;41;;Chemin de Sophie;97112;97112;Grand-Bourg;;;-61.301004;15.893701
97112_0303_00020;20;;Rue Mulatresse Solitude;97112;97112;Grand-Bourg;;;-61.313732;15.8876
97112_6m8tbw_00001;1;;Chemin du moulin de Bonneval;97112;97112;Grand-Bourg;;;-61.319458;15.893688
97112_tt4e92_00006;6;;Rue Beaurenon;97112;97112;Grand-Bourg;;;-61.315835;15.882829
97112_pyw5rp_02285;2285;;Route de Morne Lalane;97112;97112;Grand-Bourg;;;-61.270251;15.883966
97112_0203_00004;4;;Rue Pablo Neruda;97112;97112;Grand-Bourg;;;-61.317175;15.885916
97112_gw1i5u_07030;7030;;Route Nationale N9;97112;97112;Grand-Bourg;;;-61.31235;15.934567
97112_mrv1lu_00341;341;;Route René GLORIEUX;97112;97112;Grand-Bourg;;;-61.295955;15.894237
97112_0303_00004;4;;Rue Mulatresse Solitude;97112;97112;Grand-Bourg;;;-61.314489;15.887959
97112_f9e3d2_04304;4304;;Route de Beaufils;97112;97112;Grand-Bourg;;;-61.274712;15.904425
97112_y80k6x_00489;489;;Route Nationale N9 STL - CPT;97112;97112;Grand-Bourg;;;-61.307842;15.8836
97112_9d9e8z_00114;114;;Chemin des Pêcheurs;97112;97112;Grand-Bourg;;;-61.304511;15.877756
97112_0217_00003;3;;Avenue Sabliers Joinville;97112;97112;Grand-Bourg;;;-61.314227;15.882066
97112_0133_00008;8;;Rue Alonzo;97112;97112;Grand-Bourg;;;-61.314536;15.886357
97112_0135_00006;6;;Rue Furcie Tirolien;97112;97112;Grand-Bourg;;;-61.315736;15.882086
97112_0071_00001;1;;Place de l'Eglise;97112;97112;Grand-Bourg;;;-61.315519;15.882782
97112_gw1i5u_05685;5685;;Route Nationale N9;97112;97112;Grand-Bourg;;;-61.31779;15.926202
97112_9d9e8z_00073;73;;Chemin des Pêcheurs;97112;97112;Grand-Bourg;;;-61.304912;15.877736
97112_y80k6x_00816;816;;Route Nationale N9 STL - CPT;97112;97112;Grand-Bourg;;;-61.30578;15.885456
97112_g5vfst_00064;64;;Route N203 vers Capesterre;97112;97112;Grand-Bourg;;;-61.309877;15.879841
97112_0303_00032;32;;Rue Mulatresse Solitude;97112;97112;Grand-Bourg;;;-61.313219;15.887327
97112_y80k6x_00561;561;;Route Nationale N9 STL - CPT;97112;97112;Grand-Bourg;;;-61.30699;15.883462
97112_0142_00002;2;;Rue Bougainvilliers;97112;97112;Grand-Bourg;;;-61.313798;15.885845
97112_0065_00006;6;;Avenue Delgres;97112;97112;Grand-Bourg;;;-61.314461;15.887029
97112_0002_00004;4;;Allee Poirier;97112;97112;Grand-Bourg;;;-61.315111;15.884208
97112_7chq57_00704;704;;Chemin des Racoons;97112;97112;Grand-Bourg;;;-61.275892;15.92481
97112_9d9e8z_00545;545;;Chemin des Pêcheurs;97112;97112;Grand-Bourg;;;-61.302006;15.880061
97112_y80k6x_00233;233;;Route Nationale N9 STL - CPT;97112;97112;Grand-Bourg;;;-61.309992;15.88213
97112_gw1i5u_05961;5961;;Route Nationale N9;97112;97112;Grand-Bourg;;;-61.315373;15.926888
97112_g5vfst_01881;1881;;Route N203 vers Capesterre;97112;97112;Grand-Bourg;;;-61.294779;15.873593
97112_0065_00011;11;;Avenue Delgres;97112;97112;Grand-Bourg;;;-61.313235;15.886904
97112_pza574_00512;512;;Chemin Duranchel CONFIAC;97112;97112;Grand-Bourg;;;-61.31569;15.892738
97112_gw1i5u_00756;756;;Route Nationale N9;97112;97112;Grand-Bourg;;;-61.319012;15.892649
97112_cmeyup_03010;3010;;Route N204 vers Port-Louis;97112;97112;Grand-Bourg;;;-61.302797;15.911832
97112_g5vfst_00010;10;;Route N203 vers Capesterre;97112;97112;Grand-Bourg;;;-61.310321;15.88001
97112_tt4e92_00019;19;;Rue Beaurenon;97112;97112;Grand-Bourg;;;-61.315019;15.882483
97112_4i24e7_00036;36;;Route de Morne Rouge;97112;97112;Grand-Bourg;;;-61.305641;15.884238
97112_0134_00002;2;;Rue Alamanda;97112;97112;Grand-Bourg;;;-61.313671;15.885594
97112_ajvmqo_00001;1;;Chemin de Gay;97112;97112;Grand-Bourg;;;-61.313679;15.926901
97112_vp4x4v_00001;1;;Chemin F. Créantor dit Désir;97112;97112;Grand-Bourg;;;-61.261431;15.907097
97112_cmeyup_01448;1448;;Route N204 vers Port-Louis;97112;97112;Grand-Bourg;;;-61.315303;15.912813
97112_0017_00011;11;;Rue du Docteur Felix Selbonne;97112;97112;Grand-Bourg;;;-61.316031;15.88313
97112_g5vfst_01955;1955;;Route N203 vers Capesterre;97112;97112;Grand-Bourg;;;-61.294059;15.873499
97112_gw1i5u_00548;548;;Route Nationale N9;97112;97112;Grand-Bourg;;;-61.318005;15.891017
97112_zkvspv_00601;601;;Route de Bambara;97112;97112;Grand-Bourg;;;-61.308998;15.886804
97112_05tb0n_00003;3;;Rue Joseph IGNACE;97112;97112;Grand-Bourg;;;-61.311765;15.884284
97112_g5vfst_00987;987;;Route N203 vers Capesterre;97112;97112;Grand-Bourg;;;-61.302906;15.875229
97112_lp4f8p_00060;60;;Chemin de mon Repos;97112;97112;Grand-Bourg;;;-61.290162;15.913668
97112_0217_00010;10;;Avenue Sabliers Joinville;97112;97112;Grand-Bourg;;;-61.313979;15.881697
97112_0065_00008;8;;Avenue Delgres;97112;97112;Grand-Bourg;;;-61.314338;15.887022
97112_7chq57_00487;487;;Chemin des Racoons;97112;97112;Grand-Bourg;;;-61.276758;15.923087
97112_0080_01692;1692;;Chemin de l'Étang Jonc;97112;97112;Grand-Bourg;;;-61.291176;15.923144
97112_gw1i5u_00742;742;;Route Nationale N9;97112;97112;Grand-Bourg;;;-61.318901;15.892494
97112_gpwjz3_00607;607;;Route Durocher;97112;97112;Grand-Bourg;;;-61.275974;15.9126
97112_0133_00009;9;;Rue Alonzo;97112;97112;Grand-Bourg;;;-61.31419;15.886458
97112_0056_00013;13;;Rue du Commandant Mortenol;97112;97112;Grand-Bourg;;;-61.314538;15.882643
97112_38f266_00157;157;;Route du Moulin Beaurenon;97112;97112;Grand-Bourg;;;-61.309738;15.883158
97112_xvywep_00052;52;;Chemin du moulin quatrième Portel;97112;97112;Grand-Bourg;;;-61.302539;15.911082
97112_0211_00004;4;;Rue Gilbert CHAMBERTRAND;97112;97112;Grand-Bourg;;;-61.318215;15.886749
97112_0303_00003;3;;Rue Mulatresse Solitude;97112;97112;Grand-Bourg;;;-61.314371;15.888093
97112_aibsrp_00062;62;;Chemin des Carapates;97112;97112;Grand-Bourg;;;-61.297446;15.895209
97112_u40fl2_00953;953;;Route des Manguiers;97112;97112;Grand-Bourg;;;-61.267529;15.907014
97112_gp4zlx_00367;367;;Route de Saint-Marc;97112;97112;Grand-Bourg;;;-61.272991;15.909668
97112_cmeyup_02218;2218;;Route N204 vers Port-Louis;97112;97112;Grand-Bourg;;;-61.308521;15.914533
97112_cxrgxr_00222;222;;Chemin de la mare Toubois;97112;97112;Grand-Bourg;;;-61.259889;15.904963
97112_gam7cw_00004;4;;Chemin Maïbois;97112;97112;Grand-Bourg;;;-61.272769;15.885448
97112_ajvmqo_00215;215;;Chemin de Gay;97112;97112;Grand-Bourg;;;-61.312401;15.925562
97112_uerzzn_00767;767;;Route de Petite Banane;97112;97112;Grand-Bourg;;;-61.312319;15.920268
97112_no6vic_00014;14;;Chemin 14 détours;97112;97112;Grand-Bourg;;;-61.285658;15.922417
97112_gw1i5u_05803;5803;;Route Nationale N9;97112;97112;Grand-Bourg;;;-61.316617;15.926289
97112_cmeyup_03638;3638;;Route N204 vers Port-Louis;97112;97112;Grand-Bourg;;;-61.29902;15.90801
97112_g5vfst_01907;1907;;Route N203 vers Capesterre;97112;97112;Grand-Bourg;;;-61.294551;15.873575
97112_g5vfst_01025;1025;;Route N203 vers Capesterre;97112;97112;Grand-Bourg;;;-61.30258;15.875098
97112_c7abqg_00010;10;;Avenue Patrice TIROLIEN;97112;97112;Grand-Bourg;;;-61.313982;15.882489
97112_odyy2d_00004;4;;Rue du Docteur Marcel ETZOL;97112;97112;Grand-Bourg;;;-61.314859;15.881801
97112_0153_00001;1;;Rue Martin Luther King;97112;97112;Grand-Bourg;;;-61.314546;15.884765
97112_v1swfp_01276;1276;;Route de Moringlane;97112;97112;Grand-Bourg;;;-61.305196;15.92491
97112_cmeyup_04726;4726;;Route N204 vers Port-Louis;97112;97112;Grand-Bourg;;;-61.29065;15.91302
97112_0212_00003;3;;Rue Hubert Rousseau;97112;97112;Grand-Bourg;;;-61.319143;15.884701
97112_f9e3d2_03471;3471;;Route de Beaufils;97112;97112;Grand-Bourg;;;-61.277475;15.898594
97112_52us24_00016;16;;Rue Toussaint-Louverture;97112;97112;Grand-Bourg;;;-61.314358;15.882891
97112_0017_00020;20;;Rue du Docteur Felix Selbonne;97112;97112;Grand-Bourg;;;-61.316035;15.882785
97112_0214_00002;2;;Rue Charles PORTECOP;97112;97112;Grand-Bourg;;;-61.314346;15.883668
97112_sv0tjd_01687;1687;;Chemin de Beauregard;97112;97112;Grand-Bourg;;;-61.253611;15.896906
97112_edhfqx_01026;1026;;Route de Murat;97112;97112;Grand-Bourg;;;-61.300562;15.883065
97112_1iua2i_00146;146;;Chemin Rabi;97112;97112;Grand-Bourg;;;-61.262371;15.905777
97112_0303_00030;30;;Rue Mulatresse Solitude;97112;97112;Grand-Bourg;;;-61.313291;15.887373
97112_cmeyup_02174;2174;;Route N204 vers Port-Louis;97112;97112;Grand-Bourg;;;-61.308956;15.914874
97112_i4tg5h_01991;1991;;Route de Gagneron;97112;97112;Grand-Bourg;;;-61.254838;15.912893
97112_g0nv9l_00623;623;;Route de la Source;97112;97112;Grand-Bourg;;;-61.293626;15.875875
97112_edhfqx_00176;176;;Route de Murat;97112;97112;Grand-Bourg;;;-61.299376;15.876192
97112_4sxdra_01324;1324;;Route de Thibault;97112;97112;Grand-Bourg;;;-61.264592;15.880018
97112_y80k6x_05831;5831;;Route Nationale N9 STL - CPT;97112;97112;Grand-Bourg;;;-61.271498;15.907725
97112_tt4e92_00038;38;;Rue Beaurenon;97112;97112;Grand-Bourg;;;-61.314664;15.882149
97112_g5vfst_00576;576;;Route N203 vers Capesterre;97112;97112;Grand-Bourg;;;-61.305756;15.877703
97112_f9e3d2_03982;3982;;Route de Beaufils;97112;97112;Grand-Bourg;;;-61.276503;15.902482
97112_f9e3d2_02298;2298;;Route de Beaufils;97112;97112;Grand-Bourg;;;-61.277403;15.888623
97112_05tb0n_00013;13;;Rue Joseph IGNACE;97112;97112;Grand-Bourg;;;-61.311321;15.885507
97112_0153_00009;9;;Rue Martin Luther King;97112;97112;Grand-Bourg;;;-61.313884;15.884449
97112_28h59g_00169;169;;Chemin man Félicien;97112;97112;Grand-Bourg;;;-61.282358;15.90563
97112_g5vfst_00183;183;;Route N203 vers Capesterre;97112;97112;Grand-Bourg;;;-61.308787;15.879534
97112_0144_00008;8;;Rue de la Liberté;97112;97112;Grand-Bourg;;;-61.317555;15.883989
97112_0121_00013;13;;Avenue Marcel Etzol;97112;97112;Grand-Bourg;;;-61.313653;15.881077
97112_0201_00032;32;;Rue Saint John Perse;97112;97112;Grand-Bourg;;;-61.316006;15.886211
97112_g5vfst_00460;460;;Route N203 vers Capesterre;97112;97112;Grand-Bourg;;;-61.306469;15.878483
97112_0002_00001;1;;Allee Poirier;97112;97112;Grand-Bourg;;;-61.315172;15.884952
97112_cmeyup_00371;371;;Route N204 vers Port-Louis;97112;97112;Grand-Bourg;;;-61.324909;15.914488
97112_kefpy2_00033;33;;Chemin Pichelin;97112;97112;Grand-Bourg;;;-61.286586;15.900888
97112_0217_00006;6;;Avenue Sabliers Joinville;97112;97112;Grand-Bourg;;;-61.314119;15.881799
97112_i4tg5h_00308;308;;Route de Gagneron;97112;97112;Grand-Bourg;;;-61.268557;15.909956
97112_f59tc5_00423;423;;Chemin Rousseau BERNARDIN;97112;97112;Grand-Bourg;;;-61.282307;15.922629
97112_y80k6x_06982;6982;;Route Nationale N9 STL - CPT;97112;97112;Grand-Bourg;;;-61.260787;15.906986
97112_pm12jy_00823;823;;Route Ravine David;97112;97112;Grand-Bourg;;;-61.321365;15.907263
97112_d9jzdl_01700;1700;;Route de Vanniers;97112;97112;Grand-Bourg;;;-61.279911;15.921652
97112_cmeyup_00767;767;;Route N204 vers Port-Louis;97112;97112;Grand-Bourg;;;-61.321415;15.914094
97112_gan0my_00156;156;;Chemin Vétiver;97112;97112;Grand-Bourg;;;-61.295828;15.875174
97112_r9e5ut_02625;2625;;Route de Buckingham;97112;97112;Grand-Bourg;;;-61.307747;15.905473
97112_g5vfst_00939;939;;Route N203 vers Capesterre;97112;97112;Grand-Bourg;;;-61.303296;15.875455
97112_tn00tz_00324;324;;Route du Charron;97112;97112;Grand-Bourg;;;-61.279856;15.899932
97112_0210_00030;30;;Rue Henry Rinaldo;97112;97112;Grand-Bourg;;;-61.318711;15.884561
97112_0303_00061;61;;Rue Mulatresse Solitude;97112;97112;Grand-Bourg;;;-61.311805;15.886765
97112_0071_00005;5;;Place de l'Eglise;97112;97112;Grand-Bourg;;;-61.315419;15.882967
97112_p03avt_00020;20;;Route Lamy;97112;97112;Grand-Bourg;;;-61.312135;15.892447
97112_pyw5rp_00463;463;;Route de Morne Lalane;97112;97112;Grand-Bourg;;;-61.281822;15.873755
97112_cmeyup_04215;4215;;Route N204 vers Port-Louis;97112;97112;Grand-Bourg;;;-61.295046;15.911306
97112_odyy2d_00026;26;;Rue du Docteur Marcel ETZOL;97112;97112;Grand-Bourg;;;-61.315927;15.882325
97112_qttlxt_00682;682;;Chemin de la Bruyère;97112;97112;Grand-Bourg;;;-61.308024;15.937362
97112_pm12jy_00120;120;;Route Ravine David;97112;97112;Grand-Bourg;;;-61.325928;15.910432
97112_0208_00022;22;;Rue de la République;97112;97112;Grand-Bourg;;;-61.314945;15.882228
97112_0212_00008;8;;Rue Hubert Rousseau;97112;97112;Grand-Bourg;;;-61.318762;15.884927
97112_g5vfst_02229;2229;;Route N203 vers Capesterre;97112;97112;Grand-Bourg;;;-61.291664;15.872682
97112_d9jzdl_01299;1299;;Route de Vanniers;97112;97112;Grand-Bourg;;;-61.27929;15.918212
97112_0040_00007;7;;Passage des Braves;97112;97112;Grand-Bourg;;;-61.316629;15.884893
97112_d9jzdl_00849;849;;Route de Vanniers;97112;97112;Grand-Bourg;;;-61.279659;15.914263
97112_tt4e92_00033;33;;Rue Beaurenon;97112;97112;Grand-Bourg;;;-61.314649;15.882261
97112_r9e5ut_03091;3091;;Route de Buckingham;97112;97112;Grand-Bourg;;;-61.304434;15.904525
97112_mrv1lu_00752;752;;Route René GLORIEUX;97112;97112;Grand-Bourg;;;-61.294613;15.895868
97112_teaya6_00184;184;;Chemin Fleur de Canne;97112;97112;Grand-Bourg;;;-61.315252;15.913784
97112_0040_00031;31;;Passage des Braves;97112;97112;Grand-Bourg;;;-61.314948;15.884133
97112_0188_00010;10;;Rue Pasteur;97112;97112;Grand-Bourg;;;-61.315458;15.883573
97112_0121_00038;38;;Avenue Marcel Etzol;97112;97112;Grand-Bourg;;;-61.314169;15.881507
97112_0i8qps_01947;1947;;Route de LaTreille;97112;97112;Grand-Bourg;;;-61.305112;15.900638
97112_i4tg5h_00410;410;;Route de Gagneron;97112;97112;Grand-Bourg;;;-61.267993;15.910606
97112_gw1i5u_00402;402;;Route Nationale N9;97112;97112;Grand-Bourg;;;-61.317723;15.889733
97112_0121_00006;6;;Avenue Marcel Etzol;97112;97112;Grand-Bourg;;;-61.312824;15.880861
97112_qftviv_00295;295;;Chemin Valsaint;97112;97112;Grand-Bourg;;;-61.30949;15.914979
97112_52us24_00015;15;;Rue Toussaint-Louverture;97112;97112;Grand-Bourg;;;-61.314225;15.882962
97112_g5vfst_03729;3729;;Route N203 vers Capesterre;97112;97112;Grand-Bourg;;;-61.278039;15.869813
97112_u40fl2_00327;327;;Route des Manguiers;97112;97112;Grand-Bourg;;;-61.271836;15.905351
97112_no6vic_01288;1288;;Chemin 14 détours;97112;97112;Grand-Bourg;;;-61.290106;15.930662
97112_u40fl2_00067;67;;Route des Manguiers;97112;97112;Grand-Bourg;;;-61.27365;15.906613
97112_4i24e7_00178;178;;Route de Morne Rouge;97112;97112;Grand-Bourg;;;-61.304334;15.88429
97112_v1swfp_00508;508;;Route de Moringlane;97112;97112;Grand-Bourg;;;-61.308069;15.927983
97112_s9xg93_00192;192;;Chemin de Pafory;97112;97112;Grand-Bourg;;;-61.308359;15.934861
97112_0134_00010;10;;Rue Alamanda;97112;97112;Grand-Bourg;;;-61.313275;15.886193
97112_0009_00020;20;;Rue Emile Bambuck;97112;97112;Grand-Bourg;;;-61.312182;15.882117
97112_xobdeb_00504;504;;Chemin Anacardiers;97112;97112;Grand-Bourg;;;-61.262688;15.891264
97112_cmeyup_01259;1259;;Route N204 vers Port-Louis;97112;97112;Grand-Bourg;;;-61.316885;15.912878
97112_xobdeb_00018;18;;Chemin Anacardiers;97112;97112;Grand-Bourg;;;-61.265246;15.894652
97112_52us24_00010;10;;Rue Toussaint-Louverture;97112;97112;Grand-Bourg;;;-61.314512;15.882982
97112_zkvspv_00961;961;;Route de Bambara;97112;97112;Grand-Bourg;;;-61.306636;15.884523
97112_u40fl2_00084;84;;Route des Manguiers;97112;97112;Grand-Bourg;;;-61.273671;15.906516
97112_4sxdra_02951;2951;;Route de Thibault;97112;97112;Grand-Bourg;;;-61.256239;15.889758
97112_8e15hd_00018;18;;Route Michel JOSEPHINE;97112;97112;Grand-Bourg;;;-61.29888;15.894002
97112_1b8ltr_00067;67;;Boulevard de la Caraibe;97112;97112;Grand-Bourg;;;-61.313464;15.880423
97112_0096_00002;2;;Rue du Fort;97112;97112;Grand-Bourg;;;-61.31717;15.882378
97112_y80k6x_00229;229;;Route Nationale N9 STL - CPT;97112;97112;Grand-Bourg;;;-61.309384;15.881903
97112_0144_00006;6;;Rue de la Liberté;97112;97112;Grand-Bourg;;;-61.316929;15.883651
97112_0i8qps_00704;704;;Route de LaTreille;97112;97112;Grand-Bourg;;;-61.311826;15.892403
97112_tt4e92_00021;21;;Rue Beaurenon;97112;97112;Grand-Bourg;;;-61.31498;15.882462
97112_y80k6x_02858;2858;;Route Nationale N9 STL - CPT;97112;97112;Grand-Bourg;;;-61.292794;15.897086
97112_0i8qps_00796;796;;Route de LaTreille;97112;97112;Grand-Bourg;;;-61.311397;15.893094
97112_gw1i5u_03605;3605;;Route Nationale N9;97112;97112;Grand-Bourg;;;-61.329315;15.915817
97112_0303_00029;29;;Rue Mulatresse Solitude;97112;97112;Grand-Bourg;;;-61.313227;15.887531
97112_0i8qps_01166;1166;;Route de LaTreille;97112;97112;Grand-Bourg;;;-61.309416;15.895732
97112_0i8qps_00197;197;;Route de LaTreille;97112;97112;Grand-Bourg;;;-61.314383;15.888551
97112_0133_00038;38;;Rue Alonzo;97112;97112;Grand-Bourg;;;-61.311991;15.884979
97112_d9jzdl_02778;2778;;Route de Vanniers;97112;97112;Grand-Bourg;;;-61.280088;15.93088
97112_r9e5ut_02903;2903;;Route de Buckingham;97112;97112;Grand-Bourg;;;-61.305681;15.904456
97112_c7abqg_00005;5;;Avenue Patrice TIROLIEN;97112;97112;Grand-Bourg;;;-61.314913;15.881352
97112_f9e3d2_01788;1788;;Route de Beaufils;97112;97112;Grand-Bourg;;;-61.279692;15.884807
97112_2qcudz_00111;111;;Chemin Agénor QUISOIR;97112;97112;Grand-Bourg;;;-61.314079;15.927802
97112_f9e3d2_01042;1042;;Route de Beaufils;97112;97112;Grand-Bourg;;;-61.282563;15.879203
97112_0217_00018;18;;Avenue Sabliers Joinville;97112;97112;Grand-Bourg;;;-61.313615;15.881519
97112_r9e5ut_01511;1511;;Route de Buckingham;97112;97112;Grand-Bourg;;;-61.313657;15.90905
97112_teaya6_00286;286;;Chemin Fleur de Canne;97112;97112;Grand-Bourg;;;-61.315897;15.914492
97112_0144_00011;11;;Rue de la Liberté;97112;97112;Grand-Bourg;;;-61.316547;15.883188
97112_pza574_00101;101;;Chemin Duranchel CONFIAC;97112;97112;Grand-Bourg;;;-61.316067;15.889215
97112_0217_00036;36;;Avenue Sabliers Joinville;97112;97112;Grand-Bourg;;;-61.312901;15.881088
97112_0303_00013;13;;Rue Mulatresse Solitude;97112;97112;Grand-Bourg;;;-61.313952;15.887879
97112_0135_00016;16;;Rue Furcie Tirolien;97112;97112;Grand-Bourg;;;-61.315441;15.882544
97112_cxrgxr_00001;1;;Chemin de la mare Toubois;97112;97112;Grand-Bourg;;;-61.260047;15.906822
97112_2qcudz_00227;227;;Chemin Agénor QUISOIR;97112;97112;Grand-Bourg;;;-61.313188;15.928374
97112_f9e3d2_04020;4020;;Route de Beaufils;97112;97112;Grand-Bourg;;;-61.276295;15.902811
97112_rh7aqe_00688;688;;Chemin de L'école;97112;97112;Grand-Bourg;;;-61.276818;15.907381
97112_0144_00012;12;;Rue de la Liberté;97112;97112;Grand-Bourg;;;-61.318075;15.884259
97112_g5vfst_02991;2991;;Route N203 vers Capesterre;97112;97112;Grand-Bourg;;;-61.284836;15.870763
97112_0188_00001;1;;Rue Pasteur;97112;97112;Grand-Bourg;;;-61.315422;15.883448
97112_g5vfst_04128;4128;;Route N203 vers Capesterre;97112;97112;Grand-Bourg;;;-61.274303;15.869686
97112_hl50nl_00137;137;;Chemin de Sophie;97112;97112;Grand-Bourg;;;-61.300425;15.894206
97112_0080_01314;1314;;Chemin de l'Étang Jonc;97112;97112;Grand-Bourg;;;-61.28804;15.922882
97112_0210_00012;12;;Rue Henry Rinaldo;97112;97112;Grand-Bourg;;;-61.317767;15.886175
97112_v1swfp_02070;2070;;Route de Moringlane;97112;97112;Grand-Bourg;;;-61.305055;15.918119
97112_d9jzdl_01300;1300;;Route de Vanniers;97112;97112;Grand-Bourg;;;-61.279211;15.918203
97112_0080_01668;1668;;Chemin de l'Étang Jonc;97112;97112;Grand-Bourg;;;-61.290921;15.923099
97112_g5vfst_00087;87;;Route N203 vers Capesterre;97112;97112;Grand-Bourg;;;-61.309613;15.880031
97112_0205_00005;5;;Rue Francois Antenor Habazac;97112;97112;Grand-Bourg;;;-61.31632;15.884438
97112_0201_00015;15;;Rue Saint John Perse;97112;97112;Grand-Bourg;;;-61.316653;15.886806
97112_0205_00018;18;;Rue Francois Antenor Habazac;97112;97112;Grand-Bourg;;;-61.316166;15.884338
97112_r9e5ut_01064;1064;;Route de Buckingham;97112;97112;Grand-Bourg;;;-61.317051;15.906678
97112_0096_00012;12;;Rue du Fort;97112;97112;Grand-Bourg;;;-61.316386;15.881999
97112_no4cu3_00318;318;;Chemin Calebasse;97112;97112;Grand-Bourg;;;-61.315748;15.92434
97112_0121_00002;2;;Avenue Marcel Etzol;97112;97112;Grand-Bourg;;;-61.312669;15.880792
97112_tn00tz_00704;704;;Route du Charron;97112;97112;Grand-Bourg;;;-61.282747;15.899135
97112_c7abqg_00009;9;;Avenue Patrice TIROLIEN;97112;97112;Grand-Bourg;;;-61.314723;15.881781
97112_teaya6_00514;514;;Chemin Fleur de Canne;97112;97112;Grand-Bourg;;;-61.316241;15.916538
97112_g5vfst_01170;1170;;Route N203 vers Capesterre;97112;97112;Grand-Bourg;;;-61.301299;15.874807
97112_c7abqg_00007;7;;Avenue Patrice TIROLIEN;97112;97112;Grand-Bourg;;;-61.314844;15.881486
97112_f9e3d2_00682;682;;Route de Beaufils;97112;97112;Grand-Bourg;;;-61.28473;15.876704
97112_0201_00034;34;;Rue Saint John Perse;97112;97112;Grand-Bourg;;;-61.31593;15.88617
97112_52us24_00003;3;;Rue Toussaint-Louverture;97112;97112;Grand-Bourg;;;-61.314589;15.883122
97112_qftviv_00241;241;;Chemin Valsaint;97112;97112;Grand-Bourg;;;-61.309983;15.914901
97112_9gfr6p_00340;340;;Chemin Murato;97112;97112;Grand-Bourg;;;-61.301723;15.878041
97112_gw1i5u_01348;1348;;Route Nationale N9;97112;97112;Grand-Bourg;;;-61.320955;15.897533
97112_f9e3d2_02583;2583;;Route de Beaufils;97112;97112;Grand-Bourg;;;-61.278358;15.891127
97112_gw1i5u_03342;3342;;Route Nationale N9;97112;97112;Grand-Bourg;;;-61.32959;15.913036
97112_38f266_00068;68;;Route du Moulin Beaurenon;97112;97112;Grand-Bourg;;;-61.308957;15.882932
97112_d9jzdl_00779;779;;Route de Vanniers;97112;97112;Grand-Bourg;;;-61.279624;15.913636
97112_1iua2i_00795;795;;Chemin Rabi;97112;97112;Grand-Bourg;;;-61.260791;15.901359
97112_28h59g_00188;188;;Chemin man Félicien;97112;97112;Grand-Bourg;;;-61.282137;15.905607
97112_0144_00017;17;;Rue de la Liberté;97112;97112;Grand-Bourg;;;-61.316745;15.883294
97112_0141_00003;3;;Rue Joli Coeur;97112;97112;Grand-Bourg;;;-61.317314;15.885755
97112_rwz44x_00098;98;;Chemin Pannyon;97112;97112;Grand-Bourg;;;-61.266596;15.899197
97112_0009_00032;32;;Rue Emile Bambuck;97112;97112;Grand-Bourg;;;-61.311674;15.883242
97112_cmeyup_00169;169;;Route N204 vers Port-Louis;97112;97112;Grand-Bourg;;;-61.326763;15.914063
97112_0221_00002;2;;Rue Sony Rupaire;97112;97112;Grand-Bourg;;;-61.316292;15.887264
97112_0017_00026;26;;Rue du Docteur Felix Selbonne;97112;97112;Grand-Bourg;;;-61.315865;15.883066
97112_cmeyup_02045;2045;;Route N204 vers Port-Louis;97112;97112;Grand-Bourg;;;-61.310073;15.914503
97112_r9e5ut_01287;1287;;Route de Buckingham;97112;97112;Grand-Bourg;;;-61.315469;15.90833
97112_0133_00031;31;;Rue Alonzo;97112;97112;Grand-Bourg;;;-61.313163;15.88589
97112_0303_00007;7;;Rue Mulatresse Solitude;97112;97112;Grand-Bourg;;;-61.314206;15.88801
97112_tt4e92_00007;7;;Rue Beaurenon;97112;97112;Grand-Bourg;;;-61.315737;15.882893
97112_0188_00006;6;;Rue Pasteur;97112;97112;Grand-Bourg;;;-61.315381;15.883523
97112_4sxdra_01105;1105;;Route de Thibault;97112;97112;Grand-Bourg;;;-61.265263;15.878165
97112_0153_00007;7;;Rue Martin Luther King;97112;97112;Grand-Bourg;;;-61.314135;15.884565
97112_c7abqg_00016;16;;Avenue Patrice TIROLIEN;97112;97112;Grand-Bourg;;;-61.313017;15.883957
97112_mrv1lu_00424;424;;Route René GLORIEUX;97112;97112;Grand-Bourg;;;-61.29551;15.89328
97112_gw1i5u_03274;3274;;Route Nationale N9;97112;97112;Grand-Bourg;;;-61.327917;15.913063
97112_0272_00002;2;;Rue du Vieil Arbre;97112;97112;Grand-Bourg;;;-61.314663;15.881255
97112_y80k6x_07432;7432;;Route Nationale N9 STL - CPT;97112;97112;Grand-Bourg;;;-61.257658;15.904474
97112_sv0tjd_01504;1504;;Chemin de Beauregard;97112;97112;Grand-Bourg;;;-61.254079;15.895311
97112_bk9kbu_00181;181;;Chemin des Mancenilliers;97112;97112;Grand-Bourg;;;-61.289483;15.871567
97112_gpwjz3_01076;1076;;Route Durocher;97112;97112;Grand-Bourg;;;-61.273237;15.915469
97112_a240_00035;35;;Lot les Hauts de Beaufils;97112;97112;Grand-Bourg;;;-61.286589;15.877997
97112_4sxdra_01885;1885;;Route de Thibault;97112;97112;Grand-Bourg;;;-61.261226;15.882954
97112_0i8qps_02608;2608;;Route de LaTreille;97112;97112;Grand-Bourg;;;-61.300784;15.905137
97112_r9e5ut_00474;474;;Route de Buckingham;97112;97112;Grand-Bourg;;;-61.322308;15.905068
97112_u40fl2_00131;131;;Route des Manguiers;97112;97112;Grand-Bourg;;;-61.273227;15.906396
97112_zkvspv_00140;140;;Route de Bambara;97112;97112;Grand-Bourg;;;-61.31232;15.889227
97112_0065_00010;10;;Avenue Delgres;97112;97112;Grand-Bourg;;;-61.314282;15.886976
97112_cmeyup_02738;2738;;Route N204 vers Port-Louis;97112;97112;Grand-Bourg;;;-61.304325;15.913881
97112_v1swfp_01303;1303;;Route de Moringlane;97112;97112;Grand-Bourg;;;-61.303631;15.92412
97112_f9e3d2_02737;2737;;Route de Beaufils;97112;97112;Grand-Bourg;;;-61.278016;15.892462
97112_tt4e92_00005;5;;Rue Beaurenon;97112;97112;Grand-Bourg;;;-61.315787;15.88292
97112_0065_00022;22;;Avenue Delgres;97112;97112;Grand-Bourg;;;-61.313637;15.886683
97112_cmeyup_00283;283;;Route N204 vers Port-Louis;97112;97112;Grand-Bourg;;;-61.325705;15.914309
97112_pyw5rp_02099;2099;;Route de Morne Lalane;97112;97112;Grand-Bourg;;;-61.271722;15.883089
97112_gpwjz3_00128;128;;Route Durocher;97112;97112;Grand-Bourg;;;-61.276444;15.908491
97112_0217_00012;12;;Avenue Sabliers Joinville;97112;97112;Grand-Bourg;;;-61.313896;15.881671
97112_0141_00005;5;;Rue Joli Coeur;97112;97112;Grand-Bourg;;;-61.317195;15.885678
97112_0i8qps_00044;44;;Route de LaTreille;97112;97112;Grand-Bourg;;;-61.315035;15.887324
97112_g5vfst_03186;3186;;Route N203 vers Capesterre;97112;97112;Grand-Bourg;;;-61.283352;15.869935
97112_0205_00006;6;;Rue Francois Antenor Habazac;97112;97112;Grand-Bourg;;;-61.316505;15.883581
97112_0i8qps_00337;337;;Route de LaTreille;97112;97112;Grand-Bourg;;;-61.3137;15.88961
97112_gw1i5u_04159;4159;;Route Nationale N9;97112;97112;Grand-Bourg;;;-61.32776;15.920176
97112_v1swfp_00168;168;;Route de Moringlane;97112;97112;Grand-Bourg;;;-61.311188;15.928624
97112_r9e5ut_01146;1146;;Route de Buckingham;97112;97112;Grand-Bourg;;;-61.316704;15.907831
97112_0041_00010;10;;Rue des Freres Brisacier;97112;97112;Grand-Bourg;;;-61.319183;15.885095
97112_0210_00006;6;;Rue Henry Rinaldo;97112;97112;Grand-Bourg;;;-61.3176;15.886469
97112_cmeyup_04444;4444;;Route N204 vers Port-Louis;97112;97112;Grand-Bourg;;;-61.293104;15.912112
97112_0017_00064;64;;Rue du Docteur Felix Selbonne;97112;97112;Grand-Bourg;;;-61.315334;15.883994
97112_odyy2d_00023;23;;Rue du Docteur Marcel ETZOL;97112;97112;Grand-Bourg;;;-61.315883;15.882173
97112_y80k6x_07613;7613;;Route Nationale N9 STL - CPT;97112;97112;Grand-Bourg;;;-61.256016;15.904176
97112_v1swfp_00001;1;;Route de Moringlane;97112;97112;Grand-Bourg;;;-61.312701;15.928478
97112_05tb0n_00018;18;;Rue Joseph IGNACE;97112;97112;Grand-Bourg;;;-61.311228;15.88505
97112_g5vfst_02880;2880;;Route N203 vers Capesterre;97112;97112;Grand-Bourg;;;-61.28589;15.870866
97112_0302_00007;7;;Rue Gerty ARCHIMEDE;97112;97112;Grand-Bourg;;;-61.311831;15.886228
97112_y80k6x_06841;6841;;Route Nationale N9 STL - CPT;97112;97112;Grand-Bourg;;;-61.26203;15.907065
97112_siykho_00241;241;;Chemin de la Cible;97112;97112;Grand-Bourg;;;-61.318756;15.887655
97112_y80k6x_02622;2622;;Route Nationale N9 STL - CPT;97112;97112;Grand-Bourg;;;-61.294765;15.896216
97112_0009_00024;24;;Rue Emile Bambuck;97112;97112;Grand-Bourg;;;-61.312133;15.882288
97112_0135_00009;9;;Rue Furcie Tirolien;97112;97112;Grand-Bourg;;;-61.315748;15.882302
97112_y80k6x_02704;2704;;Route Nationale N9 STL - CPT;97112;97112;Grand-Bourg;;;-61.294127;15.896616
97112_y80k6x_06396;6396;;Route Nationale N9 STL - CPT;97112;97112;Grand-Bourg;;;-61.266248;15.90707
97112_cmeyup_03537;3537;;Route N204 vers Port-Louis;97112;97112;Grand-Bourg;;;-61.299908;15.908111
97112_r9e5ut_01359;1359;;Route de Buckingham;97112;97112;Grand-Bourg;;;-61.315617;15.909209
97112_0096_00014;14;;Rue du Fort;97112;97112;Grand-Bourg;;;-61.31633;15.881955
97112_0i8qps_02673;2673;;Route de LaTreille;97112;97112;Grand-Bourg;;;-61.300611;15.905684
97112_odyy2d_00025;25;;Rue du Docteur Marcel ETZOL;97112;97112;Grand-Bourg;;;-61.31597;15.882227
97112_u40fl2_00061;61;;Route des Manguiers;97112;97112;Grand-Bourg;;;-61.273794;15.906678
97112_r9e5ut_03177;3177;;Route de Buckingham;97112;97112;Grand-Bourg;;;-61.303537;15.903157
97112_0217_00004;4;;Avenue Sabliers Joinville;97112;97112;Grand-Bourg;;;-61.314188;15.881857
97112_gw1i5u_00449;449;;Route Nationale N9;97112;97112;Grand-Bourg;;;-61.31806;15.890078
97112_f9e3d2_00427;427;;Route de Beaufils;97112;97112;Grand-Bourg;;;-61.284885;15.874746
97112_edhfqx_00069;69;;Route de Murat;97112;97112;Grand-Bourg;;;-61.299846;15.875357
97112_sv0tjd_01714;1714;;Chemin de Beauregard;97112;97112;Grand-Bourg;;;-61.253447;15.897086
97112_f9e3d2_03818;3818;;Route de Beaufils;97112;97112;Grand-Bourg;;;-61.277477;15.901589
97112_0201_00001;1;;Rue Saint John Perse;97112;97112;Grand-Bourg;;;-61.31803;15.887482
97112_y80k6x_05881;5881;;Route Nationale N9 STL - CPT;97112;97112;Grand-Bourg;;;-61.271045;15.907716
97112_tt4e92_00027;27;;Rue Beaurenon;97112;97112;Grand-Bourg;;;-61.314835;15.882382
97112_4i24e7_02223;2223;;Route de Morne Rouge;97112;97112;Grand-Bourg;;;-61.293487;15.894048
97112_0144_00039;39;;Rue de la Liberté;97112;97112;Grand-Bourg;;;-61.31848;15.884165
97112_0303_00019;19;;Rue Mulatresse Solitude;97112;97112;Grand-Bourg;;;-61.313723;15.887773
97112_uerzzn_01442;1442;;Route de Petite Banane;97112;97112;Grand-Bourg;;;-61.309055;15.916014
97112_0080_00349;349;;Chemin de l'Étang Jonc;97112;97112;Grand-Bourg;;;-61.28143;15.919202
97112_odyy2d_00002;2;;Rue du Docteur Marcel ETZOL;97112;97112;Grand-Bourg;;;-61.314813;15.881774
97112_r9e5ut_02073;2073;;Route de Buckingham;97112;97112;Grand-Bourg;;;-61.31138;15.904589
97112_a251_00655;655;;Lotissement Bride;97112;97112;Grand-Bourg;;;-61.307315;15.884949
97112_odyy2d_00030;30;;Rue du Docteur Marcel ETZOL;97112;97112;Grand-Bourg;;;-61.31603;15.882381
97112_0133_00012;12;;Rue Alonzo;97112;97112;Grand-Bourg;;;-61.314367;15.886359
97112_s9xg93_01555;1555;;Chemin de Pafory;97112;97112;Grand-Bourg;;;-61.300118;15.927963
97112_c7abqg_00023;23;;Avenue Patrice TIROLIEN;97112;97112;Grand-Bourg;;;-61.314089;15.883013
97112_f59tc5_00019;19;;Chemin Rousseau BERNARDIN;97112;97112;Grand-Bourg;;;-61.280036;15.920723
97112_0017_00018;18;;Rue du Docteur Felix Selbonne;97112;97112;Grand-Bourg;;;-61.31605;15.882746
97112_i4tg5h_00947;947;;Route de Gagneron;97112;97112;Grand-Bourg;;;-61.263406;15.912343
97112_y80k6x_02557;2557;;Route Nationale N9 STL - CPT;97112;97112;Grand-Bourg;;;-61.295364;15.896056
97112_gw1i5u_02558;2558;;Route Nationale N9;97112;97112;Grand-Bourg;;;-61.326495;15.906872
97112_0017_00022;22;;Rue du Docteur Felix Selbonne;97112;97112;Grand-Bourg;;;-61.316012;15.882822
97112_0i8qps_02485;2485;;Route de LaTreille;97112;97112;Grand-Bourg;;;-61.301877;15.904223
97112_0217_00019;19;;Avenue Sabliers Joinville;97112;97112;Grand-Bourg;;;-61.312419;15.881059
97112_gw1i5u_03627;3627;;Route Nationale N9;97112;97112;Grand-Bourg;;;-61.329432;15.915995
97112_edhfqx_00771;771;;Route de Murat;97112;97112;Grand-Bourg;;;-61.299665;15.881087
97112_4sxdra_00770;770;;Route de Thibault;97112;97112;Grand-Bourg;;;-61.266055;15.8754
97112_r9e5ut_02824;2824;;Route de Buckingham;97112;97112;Grand-Bourg;;;-61.306312;15.904834
97112_g5vfst_00155;155;;Route N203 vers Capesterre;97112;97112;Grand-Bourg;;;-61.309063;15.879651
97112_4sxdra_01079;1079;;Route de Thibault;97112;97112;Grand-Bourg;;;-61.26639;15.878057
97112_pza574_00051;51;;Chemin Duranchel CONFIAC;97112;97112;Grand-Bourg;;;-61.316308;15.888851
97112_e2301p_00830;830;;Route de Bielle;97112;97112;Grand-Bourg;;;-61.268654;15.914298
97112_0218_00007;7;;Rue Achille Rene Boisneuf;97112;97112;Grand-Bourg;;;-61.311889;15.88654
97112_y80k6x_02438;2438;;Route Nationale N9 STL - CPT;97112;97112;Grand-Bourg;;;-61.295912;15.895302
97112_76q0wq_00106;106;;Chemin Laman;97112;97112;Grand-Bourg;;;-61.280592;15.926231
97112_g5vfst_02044;2044;;Route N203 vers Capesterre;97112;97112;Grand-Bourg;;;-61.293305;15.873196
97112_u40fl2_00314;314;;Route des Manguiers;97112;97112;Grand-Bourg;;;-61.272001;15.905308
97112_0218_00012;12;;Rue Achille Rene Boisneuf;97112;97112;Grand-Bourg;;;-61.311869;15.886371
97112_g5vfst_01836;1836;;Route N203 vers Capesterre;97112;97112;Grand-Bourg;;;-61.295238;15.87356
97112_0133_00007;7;;Rue Alonzo;97112;97112;Grand-Bourg;;;-61.314408;15.886513
97112_xmv04b_00677;677;;Chemin Bagatelle;97112;97112;Grand-Bourg;;;-61.312354;15.903152
97112_gw1i5u_05589;5589;;Route Nationale N9;97112;97112;Grand-Bourg;;;-61.318625;15.926039
97112_gw1i5u_00035;35;;Route Nationale N9;97112;97112;Grand-Bourg;;;-61.315552;15.887306
97112_v1swfp_00538;538;;Route de Moringlane;97112;97112;Grand-Bourg;;;-61.307834;15.928014
97112_y80k6x_00999;999;;Route Nationale N9 STL - CPT;97112;97112;Grand-Bourg;;;-61.306099;15.88738
97112_0133_00049;49;;Rue Alonzo;97112;97112;Grand-Bourg;;;-61.31154;15.885137
97112_y80k6x_02882;2882;;Route Nationale N9 STL - CPT;97112;97112;Grand-Bourg;;;-61.292617;15.897102
97112_f9e3d2_00353;353;;Route de Beaufils;97112;97112;Grand-Bourg;;;-61.284825;15.873853
97112_u40fl2_00204;204;;Route des Manguiers;97112;97112;Grand-Bourg;;;-61.272845;15.905848
97112_cmeyup_00257;257;;Route N204 vers Port-Louis;97112;97112;Grand-Bourg;;;-61.325945;15.914257
97112_6hmed2_00009;9;;Cour Tirolien;97112;97112;Grand-Bourg;;;-61.31593;15.88403
97112_pza574_00173;173;;Chemin Duranchel CONFIAC;97112;97112;Grand-Bourg;;;-61.315745;15.889784
97112_0096_00007;7;;Rue du Fort;97112;97112;Grand-Bourg;;;-61.316158;15.881962
97112_y80k6x_06781;6781;;Route Nationale N9 STL - CPT;97112;97112;Grand-Bourg;;;-61.262657;15.907079
97112_0017_00025;25;;Rue du Docteur Felix Selbonne;97112;97112;Grand-Bourg;;;-61.31567;15.883636
97112_52us24_00009;9;;Rue Toussaint-Louverture;97112;97112;Grand-Bourg;;;-61.31444;15.883066
97112_0221_00010;10;;Rue Sony Rupaire;97112;97112;Grand-Bourg;;;-61.317268;15.887725
97112_4sxdra_03004;3004;;Route de Thibault;97112;97112;Grand-Bourg;;;-61.256171;15.890243
97112_0i8qps_02772;2772;;Route de LaTreille;97112;97112;Grand-Bourg;;;-61.300337;15.90654
97112_6m8tbw_00100;100;;Chemin du moulin de Bonneval;97112;97112;Grand-Bourg;;;-61.318632;15.893541
97112_no6vic_01310;1310;;Chemin 14 détours;97112;97112;Grand-Bourg;;;-61.290318;15.930919
97112_c7abqg_00053;53;;Avenue Patrice TIROLIEN;97112;97112;Grand-Bourg;;;-61.312674;15.886018
97112_cmeyup_02241;2241;;Route N204 vers Port-Louis;97112;97112;Grand-Bourg;;;-61.30835;15.915098
97112_76q0wq_00211;211;;Chemin Laman;97112;97112;Grand-Bourg;;;-61.281264;15.925561
97112_0040_00012;12;;Passage des Braves;97112;97112;Grand-Bourg;;;-61.31606;15.884399
97112_y80k6x_02808;2808;;Route Nationale N9 STL - CPT;97112;97112;Grand-Bourg;;;-61.293242;15.896997
97112_0017_00005;5;;Rue du Docteur Felix Selbonne;97112;97112;Grand-Bourg;;;-61.31616;15.882813
97112_0210_00014;14;;Rue Henry Rinaldo;97112;97112;Grand-Bourg;;;-61.317901;15.885958
97112_teaya6_00328;328;;Chemin Fleur de Canne;97112;97112;Grand-Bourg;;;-61.315462;15.915309
97112_0002_00032;32;;Allee Poirier;97112;97112;Grand-Bourg;;;-61.315097;15.886297
97112_gw1i5u_00272;272;;Route Nationale N9;97112;97112;Grand-Bourg;;;-61.316964;15.888863
97112_0040_00032;32;;Passage des Braves;97112;97112;Grand-Bourg;;;-61.315006;15.883875
97112_pm12jy_00416;416;;Route Ravine David;97112;97112;Grand-Bourg;;;-61.323542;15.909912
97112_no6vic_01309;1309;;Chemin 14 détours;97112;97112;Grand-Bourg;;;-61.290334;15.930809
97112_0272_00016;16;;Rue du Vieil Arbre;97112;97112;Grand-Bourg;;;-61.314218;15.88108
97112_0205_00021;21;;Rue Francois Antenor Habazac;97112;97112;Grand-Bourg;;;-61.316027;15.885006
97112_0040_00016;16;;Passage des Braves;97112;97112;Grand-Bourg;;;-61.315905;15.884331
97112_y80k6x_01024;1024;;Route Nationale N9 STL - CPT;97112;97112;Grand-Bourg;;;-61.30515;15.887046
97112_0217_00042;42;;Avenue Sabliers Joinville;97112;97112;Grand-Bourg;;;-61.312636;15.88092
97112_gw1i5u_03571;3571;;Route Nationale N9;97112;97112;Grand-Bourg;;;-61.329203;15.915531
97112_u40fl2_00267;267;;Route des Manguiers;97112;97112;Grand-Bourg;;;-61.272334;15.905533
97112_g5vfst_01760;1760;;Route N203 vers Capesterre;97112;97112;Grand-Bourg;;;-61.29589;15.873711
97112_r9e5ut_00353;353;;Route de Buckingham;97112;97112;Grand-Bourg;;;-61.322859;15.906517
97112_0201_00012;12;;Rue Saint John Perse;97112;97112;Grand-Bourg;;;-61.316899;15.886726
97112_0017_00015;15;;Rue du Docteur Felix Selbonne;97112;97112;Grand-Bourg;;;-61.315944;15.883271
97112_ajvmqo_00224;224;;Chemin de Gay;97112;97112;Grand-Bourg;;;-61.312432;15.92546
97112_0272_00032;32;;Rue du Vieil Arbre;97112;97112;Grand-Bourg;;;-61.313601;15.880847
97112_d9jzdl_01823;1823;;Route de Vanniers;97112;97112;Grand-Bourg;;;-61.279988;15.922778
97112_cmeyup_02483;2483;;Route N204 vers Port-Louis;97112;97112;Grand-Bourg;;;-61.305984;15.915468
97112_0201_00038;38;;Rue Saint John Perse;97112;97112;Grand-Bourg;;;-61.315652;15.886131
97112_0272_00020;20;;Rue du Vieil Arbre;97112;97112;Grand-Bourg;;;-61.314061;15.881022
97112_gjqdqg_00064;64;;Chemin Fond Marin;97112;97112;Grand-Bourg;;;-61.282655;15.904916
97112_cxrgxr_00358;358;;Chemin de la mare Toubois;97112;97112;Grand-Bourg;;;-61.260344;15.903853
97112_pm12jy_00790;790;;Route Ravine David;97112;97112;Grand-Bourg;;;-61.32176;15.907353
97112_gpwjz3_00172;172;;Route Durocher;97112;97112;Grand-Bourg;;;-61.276483;15.908918
97112_o0c4pu_01002;1002;;Route de Boisneuf;97112;97112;Grand-Bourg;;;-61.270192;15.916635
97112_0i8qps_00170;170;;Route de LaTreille;97112;97112;Grand-Bourg;;;-61.314428;15.888315
97112_gw1i5u_07054;7054;;Route Nationale N9;97112;97112;Grand-Bourg;;;-61.312324;15.93479
97112_f9e3d2_00001;1;;Route de Beaufils;97112;97112;Grand-Bourg;;;-61.285118;15.870803
97112_52us24_00011;11;;Rue Toussaint-Louverture;97112;97112;Grand-Bourg;;;-61.314364;15.883032
97112_4sxdra_02811;2811;;Route de Thibault;97112;97112;Grand-Bourg;;;-61.256113;15.888493
97112_0221_00014;14;;Rue Sony Rupaire;97112;97112;Grand-Bourg;;;-61.317545;15.887894
97112_u40fl2_00585;585;;Route des Manguiers;97112;97112;Grand-Bourg;;;-61.269858;15.905182
97112_xobdeb_00256;256;;Chemin Anacardiers;97112;97112;Grand-Bourg;;;-61.264722;15.892589
97112_lp4f8p_00001;1;;Chemin de mon Repos;97112;97112;Grand-Bourg;;;-61.289725;15.913417
97112_1w2ger_00060;60;;ignace;97112;97112;Grand-Bourg;;;-61.283865;15.908513
97112_r9e5ut_00041;41;;Route de Buckingham;97112;97112;Grand-Bourg;;;-61.325566;15.904561
97112_4sxdra_00258;258;;Route de Thibault;97112;97112;Grand-Bourg;;;-61.268111;15.872206
97112_0i8qps_01516;1516;;Route de LaTreille;97112;97112;Grand-Bourg;;;-61.307296;15.897957
97112_0212_00024;24;;Rue Hubert Rousseau;97112;97112;Grand-Bourg;;;-61.317828;15.886581
97112_g5vfst_00625;625;;Route N203 vers Capesterre;97112;97112;Grand-Bourg;;;-61.305379;15.877439
97112_0272_00004;4;;Rue du Vieil Arbre;97112;97112;Grand-Bourg;;;-61.314566;15.881223
97112_no6vic_01308;1308;;Chemin 14 détours;97112;97112;Grand-Bourg;;;-61.29021;15.930778
97112_v1swfp_01744;1744;;Route de Moringlane;97112;97112;Grand-Bourg;;;-61.303779;15.920166
97112_g5vfst_02632;2632;;Route N203 vers Capesterre;97112;97112;Grand-Bourg;;;-61.288292;15.870778
97112_su2fwx_00038;38;;Chemin Coulée Oubliée;97112;97112;Grand-Bourg;;;-61.287744;15.895663
97112_0040_00025;25;;Passage des Braves;97112;97112;Grand-Bourg;;;-61.316229;15.884943
97112_gw1i5u_00908;908;;Route Nationale N9;97112;97112;Grand-Bourg;;;-61.319529;15.893842
97112_n2v8wm_00026;26;;Route Jadin Bo Kaz;97112;97112;Grand-Bourg;;;-61.309083;15.881674
97112_gpwjz3_00796;796;;Route Durocher;97112;97112;Grand-Bourg;;;-61.274485;15.913328
97112_0218_00010;10;;Rue Achille Rene Boisneuf;97112;97112;Grand-Bourg;;;-61.311964;15.886424
97112_0i8qps_00498;498;;Route de LaTreille;97112;97112;Grand-Bourg;;;-61.312507;15.89066
97112_pm12jy_00650;650;;Route Ravine David;97112;97112;Grand-Bourg;;;-61.322559;15.908574
97112_0153_00008;8;;Rue Martin Luther King;97112;97112;Grand-Bourg;;;-61.314242;15.884388
97112_28h59g_00073;73;;Chemin man Félicien;97112;97112;Grand-Bourg;;;-61.283068;15.905776
97112_lp4f8p_01179;1179;;Chemin de mon Repos;97112;97112;Grand-Bourg;;;-61.293946;15.919749
97112_0i8qps_00250;250;;Route de LaTreille;97112;97112;Grand-Bourg;;;-61.314044;15.888927
97112_cxrgxr_00576;576;;Chemin de la mare Toubois;97112;97112;Grand-Bourg;;;-61.260684;15.901957
97112_gw1i5u_06821;6821;;Route Nationale N9;97112;97112;Grand-Bourg;;;-61.312829;15.932759
97112_y80k6x_02943;2943;;Route Nationale N9 STL - CPT;97112;97112;Grand-Bourg;;;-61.291838;15.897373
97112_0204_00002;2;;Rue Daniel TALY;97112;97112;Grand-Bourg;;;-61.317951;15.884837
97112_05j9q3_01948;1948;;L'Hermitage;97112;97112;Grand-Bourg;;;-61.30009;15.890128
97112_a240_00004;4;;Lot les Hauts de Beaufils;97112;97112;Grand-Bourg;;;-61.286407;15.877872
97112_gw1i5u_07107;7107;;Route Nationale N9;97112;97112;Grand-Bourg;;;-61.312364;15.935288
97112_0205_00019;19;;Rue Francois Antenor Habazac;97112;97112;Grand-Bourg;;;-61.316066;15.884956
97112_g0nv9l_01264;1264;;Route de la Source;97112;97112;Grand-Bourg;;;-61.288633;15.873327
97112_g0nv9l_01297;1297;;Route de la Source;97112;97112;Grand-Bourg;;;-61.288327;15.873352
97112_p03avt_00305;305;;Route Lamy;97112;97112;Grand-Bourg;;;-61.314385;15.893609
97112_i4tg5h_00783;783;;Route de Gagneron;97112;97112;Grand-Bourg;;;-61.264857;15.911962
97112_4i24e7_00665;665;;Route de Morne Rouge;97112;97112;Grand-Bourg;;;-61.299786;15.884002
97112_g5vfst_00333;333;;Route N203 vers Capesterre;97112;97112;Grand-Bourg;;;-61.307501;15.87906
97112_g5vfst_04094;4094;;Route N203 vers Capesterre;97112;97112;Grand-Bourg;;;-61.274636;15.869709
97112_0040_00009;9;;Passage des Braves;97112;97112;Grand-Bourg;;;-61.316592;15.885024
97112_y80k6x_01110;1110;;Route Nationale N9 STL - CPT;97112;97112;Grand-Bourg;;;-61.304845;15.887842
97112_f9e3d2_00199;199;;Route de Beaufils;97112;97112;Grand-Bourg;;;-61.284737;15.872495
97112_4i24e7_01682;1682;;Route de Morne Rouge;97112;97112;Grand-Bourg;;;-61.29329;15.890294
97112_0210_00011;11;;Rue Henry Rinaldo;97112;97112;Grand-Bourg;;;-61.317725;15.885451
97112_52us24_00001;1;;Rue Toussaint-Louverture;97112;97112;Grand-Bourg;;;-61.314627;15.883147
97112_f30531_00252;252;;Route de Folle-Anse;97112;97112;Grand-Bourg;;;-61.331363;15.918967
97112_f9e3d2_00300;300;;Route de Beaufils;97112;97112;Grand-Bourg;;;-61.284697;15.873369
97112_0135_00005;5;;Rue Furcie Tirolien;97112;97112;Grand-Bourg;;;-61.316026;15.881901
97112_c7abqg_00002;2;;Avenue Patrice TIROLIEN;97112;97112;Grand-Bourg;;;-61.314835;15.881195
97112_0301_00016;16;;Rue Frantz Fanon;97112;97112;Grand-Bourg;;;-61.312026;15.887183
97112_v1swfp_00626;626;;Route de Moringlane;97112;97112;Grand-Bourg;;;-61.306968;15.92814
97112_0135_00003;3;;Rue Furcie Tirolien;97112;97112;Grand-Bourg;;;-61.316152;15.881664
97112_i4tg5h_00988;988;;Route de Gagneron;97112;97112;Grand-Bourg;;;-61.26306;15.912483
97112_0302_00003;3;;Rue Gerty ARCHIMEDE;97112;97112;Grand-Bourg;;;-61.311915;15.886061
97112_9d9e8z_00593;593;;Chemin des Pêcheurs;97112;97112;Grand-Bourg;;;-61.301544;15.879991
97112_y80k6x_02656;2656;;Route Nationale N9 STL - CPT;97112;97112;Grand-Bourg;;;-61.294511;15.896384
97112_g5vfst_03286;3286;;Route N203 vers Capesterre;97112;97112;Grand-Bourg;;;-61.282146;15.870238
97112_1b8ltr_00071;71;;Boulevard de la Caraibe;97112;97112;Grand-Bourg;;;-61.313267;15.880367
97112_gw1i5u_06445;6445;;Route Nationale N9;97112;97112;Grand-Bourg;;;-61.312803;15.929407
97112_d9jzdl_01665;1665;;Route de Vanniers;97112;97112;Grand-Bourg;;;-61.280103;15.921396
97112_0i8qps_00956;956;;Route de LaTreille;97112;97112;Grand-Bourg;;;-61.30993;15.893806
97112_0040_00028;28;;Passage des Braves;97112;97112;Grand-Bourg;;;-61.315136;15.883945
97112_4sxdra_01075;1075;;Route de Thibault;97112;97112;Grand-Bourg;;;-61.265561;15.878068
97112_05tb0n_00001;1;;Rue Joseph IGNACE;97112;97112;Grand-Bourg;;;-61.311773;15.88416
97112_g5vfst_00125;125;;Route N203 vers Capesterre;97112;97112;Grand-Bourg;;;-61.309299;15.879741
97112_0080_00301;301;;Chemin de l'Étang Jonc;97112;97112;Grand-Bourg;;;-61.281308;15.918762
97112_93xpqj_00082;82;;Route de Mauraille;97112;97112;Grand-Bourg;;;-61.259993;15.907101
97112_g0nv9l_00632;632;;Route de la Source;97112;97112;Grand-Bourg;;;-61.293619;15.875783
97112_0071_00008;8;;Place de l'Eglise;97112;97112;Grand-Bourg;;;-61.314905;15.883097
97112_0i8qps_02419;2419;;Route de LaTreille;97112;97112;Grand-Bourg;;;-61.301794;15.903704
97112_odyy2d_00014;14;;Rue du Docteur Marcel ETZOL;97112;97112;Grand-Bourg;;;-61.315227;15.881971
97112_gw1i5u_06501;6501;;Route Nationale N9;97112;97112;Grand-Bourg;;;-61.313182;15.929858
97112_gjqdqg_00127;127;;Chemin Fond Marin;97112;97112;Grand-Bourg;;;-61.282172;15.90461
97112_cmeyup_05156;5156;;Route N204 vers Port-Louis;97112;97112;Grand-Bourg;;;-61.286949;15.91215
97112_05j9q3_00001;1;;L'Hermitage;97112;97112;Grand-Bourg;;;-61.300102;15.88991
97112_0040_00027;27;;Passage des Braves;97112;97112;Grand-Bourg;;;-61.315737;15.884436
97112_0301_00005;5;;Rue Frantz Fanon;97112;97112;Grand-Bourg;;;-61.312024;15.887534
97112_cmeyup_04170;4170;;Route N204 vers Port-Louis;97112;97112;Grand-Bourg;;;-61.295314;15.910928
97112_0205_00016;16;;Rue Francois Antenor Habazac;97112;97112;Grand-Bourg;;;-61.316207;15.88427
97112_fyawef_00065;65;;Chemin Sapotiller;97112;97112;Grand-Bourg;;;-61.269779;15.898089
97112_odyy2d_00003;3;;Rue du Docteur Marcel ETZOL;97112;97112;Grand-Bourg;;;-61.314837;15.88166
97112_gb4xqp_00493;493;;Chemin du Gouffre;97112;97112;Grand-Bourg;;;-61.288293;15.894045
97112_0206_00002;2;;Rue Pierre LEROY;97112;97112;Grand-Bourg;;;-61.316629;15.882868
97112_o0c4pu_00707;707;;Route de Boisneuf;97112;97112;Grand-Bourg;;;-61.27418;15.918075
97112_0040_00018;18;;Passage des Braves;97112;97112;Grand-Bourg;;;-61.315821;15.884294
97112_uerzzn_00076;76;;Route de Petite Banane;97112;97112;Grand-Bourg;;;-61.314685;15.925758
97112_4sxdra_00001;1;;Route de Thibault;97112;97112;Grand-Bourg;;;-61.270346;15.87016
97112_y80k6x_06820;6820;;Route Nationale N9 STL - CPT;97112;97112;Grand-Bourg;;;-61.262263;15.906958
97112_0080_01063;1063;;Chemin de l'Étang Jonc;97112;97112;Grand-Bourg;;;-61.286365;15.922528
97112_gpwjz3_01114;1114;;Route Durocher;97112;97112;Grand-Bourg;;;-61.273022;15.915754
97112_4sxdra_01143;1143;;Route de Thibault;97112;97112;Grand-Bourg;;;-61.265137;15.878466
97112_0080_00379;379;;Chemin de l'Étang Jonc;97112;97112;Grand-Bourg;;;-61.281655;15.91931
97112_0201_00007;7;;Rue Saint John Perse;97112;97112;Grand-Bourg;;;-61.31746;15.887218
97112_uerzzn_01522;1522;;Route de Petite Banane;97112;97112;Grand-Bourg;;;-61.308808;15.915329
97112_teaya6_00426;426;;Chemin Fleur de Canne;97112;97112;Grand-Bourg;;;-61.316324;15.915617
97112_r9e5ut_01215;1215;;Route de Buckingham;97112;97112;Grand-Bourg;;;-61.316098;15.908116
97112_cmeyup_05434;5434;;Route N204 vers Port-Louis;97112;97112;Grand-Bourg;;;-61.284808;15.910746
97112_4sxdra_02473;2473;;Route de Thibault;97112;97112;Grand-Bourg;;;-61.257838;15.886098
97112_y80k6x_07004;7004;;Route Nationale N9 STL - CPT;97112;97112;Grand-Bourg;;;-61.260577;15.906965
97112_0209_00004;4;;Rue Jacques Romain;97112;97112;Grand-Bourg;;;-61.318523;15.886542
97112_g5vfst_01059;1059;;Route N203 vers Capesterre;97112;97112;Grand-Bourg;;;-61.302284;15.875021
97112_e2301p_01072;1072;;Route de Bielle;97112;97112;Grand-Bourg;;;-61.267239;15.915672
97112_cmeyup_01063;1063;;Route N204 vers Port-Louis;97112;97112;Grand-Bourg;;;-61.318817;15.912963
97112_r9e5ut_02627;2627;;Route de Buckingham;97112;97112;Grand-Bourg;;;-61.307664;15.90565
97112_siykho_00128;128;;Chemin de la Cible;97112;97112;Grand-Bourg;;;-61.318532;15.88867
97112_0210_00002;2;;Rue Henry Rinaldo;97112;97112;Grand-Bourg;;;-61.31745;15.886762
97112_0071_00011;11;;Place de l'Eglise;97112;97112;Grand-Bourg;;;-61.315238;15.883524
97112_gw1i5u_05240;5240;;Route Nationale N9;97112;97112;Grand-Bourg;;;-61.321492;15.924535
97112_0041_00003;3;;Rue des Freres Brisacier;97112;97112;Grand-Bourg;;;-61.319435;15.885034
97112_6m8tbw_00070;70;;Chemin du moulin de Bonneval;97112;97112;Grand-Bourg;;;-61.318902;15.893583
97112_u40fl2_00293;293;;Route des Manguiers;97112;97112;Grand-Bourg;;;-61.272123;15.905462
97112_gw1i5u_01519;1519;;Route Nationale N9;97112;97112;Grand-Bourg;;;-61.321988;15.89882
97112_odyy2d_00009;9;;Rue du Docteur Marcel ETZOL;97112;97112;Grand-Bourg;;;-61.315021;15.881752
97112_uerzzn_01126;1126;;Route de Petite Banane;97112;97112;Grand-Bourg;;;-61.310415;15.917796
97112_a240_01384_p;1384;p;Lot les Hauts de Beaufils;97112;97112;Grand-Bourg;;;-61.28504;15.877592
97112_cmeyup_00339;339;;Route N204 vers Port-Louis;97112;97112;Grand-Bourg;;;-61.325228;15.914421
97112_rnk6fw_00001;1;;Chemin Chatelard;97112;97112;Grand-Bourg;;;-61.270346;15.91675
97112_0041_00009;9;;Rue des Freres Brisacier;97112;97112;Grand-Bourg;;;-61.319204;15.88547
97112_4sxdra_01433;1433;;Route de Thibault;97112;97112;Grand-Bourg;;;-61.264604;15.88109
97112_xmv04b_00693;693;;Chemin Bagatelle;97112;97112;Grand-Bourg;;;-61.312275;15.903246
97112_4i24e7_02095;2095;;Route de Morne Rouge;97112;97112;Grand-Bourg;;;-61.292636;15.893325
97112_tt4e92_00014;14;;Rue Beaurenon;97112;97112;Grand-Bourg;;;-61.315675;15.882731
97112_e2301p_01326;1326;;Route de Bielle;97112;97112;Grand-Bourg;;;-61.266295;15.917537
97112_c7abqg_00025;25;;Avenue Patrice TIROLIEN;97112;97112;Grand-Bourg;;;-61.313901;15.883418
97112_1b8ltr_00043;43;;Boulevard de la Caraibe;97112;97112;Grand-Bourg;;;-61.314455;15.880833
97112_c7abqg_00015;15;;Avenue Patrice TIROLIEN;97112;97112;Grand-Bourg;;;-61.314472;15.88226
97112_05tb0n_00007;7;;Rue Joseph IGNACE;97112;97112;Grand-Bourg;;;-61.311621;15.884617
97112_0065_00001;1;;Avenue Delgres;97112;97112;Grand-Bourg;;;-61.314708;15.887375
97112_cmeyup_05501;5501;;Route N204 vers Port-Louis;97112;97112;Grand-Bourg;;;-61.284073;15.910739
97112_gpwjz3_00273;273;;Route Durocher;97112;97112;Grand-Bourg;;;-61.276226;15.909783
97112_05j9q3_00002;2;;L'Hermitage;97112;97112;Grand-Bourg;;;-61.298835;15.891583
97112_0017_00004;4;;Rue du Docteur Felix Selbonne;97112;97112;Grand-Bourg;;;-61.316411;15.882133
97112_uerzzn_00635;635;;Route de Petite Banane;97112;97112;Grand-Bourg;;;-61.312931;15.921182
97112_4sxdra_01737;1737;;Route de Thibault;97112;97112;Grand-Bourg;;;-61.261707;15.881408
97112_mrv1lu_00510;510;;Route René GLORIEUX;97112;97112;Grand-Bourg;;;-61.294508;15.894168
97112_4sxdra_01439;1439;;Route de Thibault;97112;97112;Grand-Bourg;;;-61.265054;15.881176
97112_rnk6fw_00180;180;;Chemin Chatelard;97112;97112;Grand-Bourg;;;-61.269655;15.918189
97112_g0nv9l_01318;1318;;Route de la Source;97112;97112;Grand-Bourg;;;-61.288165;15.873219
97112_g5vfst_00717;717;;Route N203 vers Capesterre;97112;97112;Grand-Bourg;;;-61.304767;15.876817
97112_odyy2d_00005;5;;Rue du Docteur Marcel ETZOL;97112;97112;Grand-Bourg;;;-61.314902;15.881695
97112_0208_00005;5;;Rue de la République;97112;97112;Grand-Bourg;;;-61.315406;15.881557
97112_cmeyup_00429;429;;Route N204 vers Port-Louis;97112;97112;Grand-Bourg;;;-61.324387;15.914698
97112_8e15hd_00001;1;;Route Michel JOSEPHINE;97112;97112;Grand-Bourg;;;-61.298814;15.894109
97112_0133_00043;43;;Rue Alonzo;97112;97112;Grand-Bourg;;;-61.31203;15.885426
97112_0217_00052;52;;Avenue Sabliers Joinville;97112;97112;Grand-Bourg;;;-61.311825;15.880592
97112_pyw5rp_00001;1;;Route de Morne Lalane;97112;97112;Grand-Bourg;;;-61.281354;15.870231
97112_g5vfst_03266;3266;;Route N203 vers Capesterre;97112;97112;Grand-Bourg;;;-61.282338;15.870266
97112_8e15hd_00052;52;;Route Michel JOSEPHINE;97112;97112;Grand-Bourg;;;-61.298945;15.893722
97112_u40fl2_00468;468;;Route des Manguiers;97112;97112;Grand-Bourg;;;-61.270663;15.904754
97112_0211_00003;3;;Rue Gilbert CHAMBERTRAND;97112;97112;Grand-Bourg;;;-61.318115;15.886932
97112_0i8qps_00446;446;;Route de LaTreille;97112;97112;Grand-Bourg;;;-61.313078;15.890456
97112_0144_00010;10;;Rue de la Liberté;97112;97112;Grand-Bourg;;;-61.317941;15.88419
97112_0080_00303;303;;Chemin de l'Étang Jonc;97112;97112;Grand-Bourg;;;-61.281679;15.918733
97112_0217_00002;2;;Avenue Sabliers Joinville;97112;97112;Grand-Bourg;;;-61.314363;15.881945
97112_0080_01203;1203;;Chemin de l'Étang Jonc;97112;97112;Grand-Bourg;;;-61.287498;15.923216
97112_0i8qps_02939;2939;;Route de LaTreille;97112;97112;Grand-Bourg;;;-61.300256;15.908033
97112_zkvspv_00818;818;;Route de Bambara;97112;97112;Grand-Bourg;;;-61.307512;15.88546
97112_4sxdra_00262;262;;Route de Thibault;97112;97112;Grand-Bourg;;;-61.266224;15.872558
97112_r9e5ut_03019;3019;;Route de Buckingham;97112;97112;Grand-Bourg;;;-61.304791;15.90377
97112_cmeyup_05270;5270;;Route N204 vers Port-Louis;97112;97112;Grand-Bourg;;;-61.286063;15.911637
97112_cmeyup_04029;4029;;Route N204 vers Port-Louis;97112;97112;Grand-Bourg;;;-61.296008;15.909837
97112_g5vfst_00819;819;;Route N203 vers Capesterre;97112;97112;Grand-Bourg;;;-61.304079;15.87618
97112_f30531_01940;1940;;Route de Folle-Anse;97112;97112;Grand-Bourg;;;-61.335089;15.933519
97112_zh40nc_00883;883;;Route de Houelche;97112;97112;Grand-Bourg;;;-61.269691;15.901291
97112_cmeyup_05424;5424;;Route N204 vers Port-Louis;97112;97112;Grand-Bourg;;;-61.2848;15.911
97112_4sxdra_00863;863;;Route de Thibault;97112;97112;Grand-Bourg;;;-61.267224;15.876315
97112_g5vfst_01782;1782;;Route N203 vers Capesterre;97112;97112;Grand-Bourg;;;-61.295696;15.87367
97112_y80k6x_05351;5351;;Route Nationale N9 STL - CPT;97112;97112;Grand-Bourg;;;-61.275779;15.907308
97112_y80k6x_03788;3788;;Route Nationale N9 STL - CPT;97112;97112;Grand-Bourg;;;-61.2861;15.901133
97112_cmeyup_04297;4297;;Route N204 vers Port-Louis;97112;97112;Grand-Bourg;;;-61.294357;15.911633
97112_odyy2d_00032;32;;Rue du Docteur Marcel ETZOL;97112;97112;Grand-Bourg;;;-61.316098;15.882429
97112_qhhqw7_00736;736;;Chemin du Frangipanier;97112;97112;Grand-Bourg;;;-61.287373;15.892143
97112_0217_00048;48;;Avenue Sabliers Joinville;97112;97112;Grand-Bourg;;;-61.312039;15.880695
97112_0210_00013;13;;Rue Henry Rinaldo;97112;97112;Grand-Bourg;;;-61.318075;15.884885
97112_d9jzdl_01780;1780;;Route de Vanniers;97112;97112;Grand-Bourg;;;-61.279833;15.922409
97112_teaya6_00323;323;;Chemin Fleur de Canne;97112;97112;Grand-Bourg;;;-61.31614;15.914701
97112_f9e3d2_00360;360;;Route de Beaufils;97112;97112;Grand-Bourg;;;-61.28404;15.873929
97112_u40fl2_00249;249;;Route des Manguiers;97112;97112;Grand-Bourg;;;-61.272495;15.905612
97112_0303_00008;8;;Rue Mulatresse Solitude;97112;97112;Grand-Bourg;;;-61.314336;15.887892
97112_pgsyup_02558;2558;;Chemin de Kato;97112;97112;Grand-Bourg;;;-61.291002;15.890048
97112_g5vfst_03243;3243;;Route N203 vers Capesterre;97112;97112;Grand-Bourg;;;-61.282526;15.8704
97112_0i8qps_02530;2530;;Route de LaTreille;97112;97112;Grand-Bourg;;;-61.301161;15.904512
97112_v1swfp_02332;2332;;Route de Moringlane;97112;97112;Grand-Bourg;;;-61.305365;15.91578
97112_0214_00010;10;;Rue Charles PORTECOP;97112;97112;Grand-Bourg;;;-61.314131;15.884053
97112_f59tc5_00222;222;;Chemin Rousseau BERNARDIN;97112;97112;Grand-Bourg;;;-61.280625;15.92184
97112_gw1i5u_00624;624;;Route Nationale N9;97112;97112;Grand-Bourg;;;-61.318433;15.891553
97112_r9e5ut_02320;2320;;Route de Buckingham;97112;97112;Grand-Bourg;;;-61.309675;15.902855
97112_f59tc5_00544;544;;Chemin Rousseau BERNARDIN;97112;97112;Grand-Bourg;;;-61.28335;15.923051
97112_i4tg5h_00318;318;;Route de Gagneron;97112;97112;Grand-Bourg;;;-61.266447;15.909065
97112_fyawef_00001;1;;Chemin Sapotiller;97112;97112;Grand-Bourg;;;-61.269967;15.898638
97112_tt4e92_00029;29;;Rue Beaurenon;97112;97112;Grand-Bourg;;;-61.314755;15.882326
97112_d9jzdl_03174;3174;;Route de Vanniers;97112;97112;Grand-Bourg;;;-61.28339;15.931902
97112_g5vfst_01072;1072;;Route N203 vers Capesterre;97112;97112;Grand-Bourg;;;-61.302216;15.874898
97112_cmeyup_02422;2422;;Route N204 vers Port-Louis;97112;97112;Grand-Bourg;;;-61.306657;15.914839
97112_gw1i5u_06056;6056;;Route Nationale N9;97112;97112;Grand-Bourg;;;-61.314357;15.926488
97112_93xpqj_00023;23;;Route de Mauraille;97112;97112;Grand-Bourg;;;-61.260547;15.907123
97112_a240_00037;37;;Lot les Hauts de Beaufils;97112;97112;Grand-Bourg;;;-61.287145;15.878367
97112_0205_00023;23;;Rue Francois Antenor Habazac;97112;97112;Grand-Bourg;;;-61.315998;15.885049
97112_qttlxt_00059;59;;Chemin de la Bruyère;97112;97112;Grand-Bourg;;;-61.311758;15.935075
97112_4i24e7_00365;365;;Route de Morne Rouge;97112;97112;Grand-Bourg;;;-61.302615;15.884133
97112_g5vfst_03743;3743;;Route N203 vers Capesterre;97112;97112;Grand-Bourg;;;-61.277894;15.869801
97112_f30531_00492;492;;Route de Folle-Anse;97112;97112;Grand-Bourg;;;-61.332527;15.920811
97112_hl50nl_00001;1;;Chemin de Sophie;97112;97112;Grand-Bourg;;;-61.300862;15.893393
97112_0205_00013;13;;Rue Francois Antenor Habazac;97112;97112;Grand-Bourg;;;-61.316141;15.884774
97112_1b8ltr_00015;15;;Boulevard de la Caraibe;97112;97112;Grand-Bourg;;;-61.315501;15.881378
97112_odyy2d_00010;10;;Rue du Docteur Marcel ETZOL;97112;97112;Grand-Bourg;;;-61.315033;15.881888
97112_f9e3d2_03957;3957;;Route de Beaufils;97112;97112;Grand-Bourg;;;-61.276767;15.902416
97112_u40fl2_00886;886;;Route des Manguiers;97112;97112;Grand-Bourg;;;-61.267624;15.906389
97112_0205_00009;9;;Rue Francois Antenor Habazac;97112;97112;Grand-Bourg;;;-61.316211;15.88464
97112_v22cp5_00072;72;;Chemin Cognet;97112;97112;Grand-Bourg;;;-61.311019;15.919079
97112_0144_00037;37;;Rue de la Liberté;97112;97112;Grand-Bourg;;;-61.317752;15.883773
97112_0133_00036;36;;Rue Alonzo;97112;97112;Grand-Bourg;;;-61.313376;15.885835
97112_gpwjz3_00266;266;;Route Durocher;97112;97112;Grand-Bourg;;;-61.276149;15.9097
97112_f59tc5_00089;89;;Chemin Rousseau BERNARDIN;97112;97112;Grand-Bourg;;;-61.280631;15.920948
97112_kg51s7_00001;1;;Passage Eva BOUDIN Evard THIBUS;97112;97112;Grand-Bourg;;;-61.314044;15.880835
97112_7rculx_00002;2;;Route de la Mare Dîboc;97112;97112;Grand-Bourg;;;-61.289566;15.873491
97112_0071_00004;4;;Place de l'Eglise;97112;97112;Grand-Bourg;;;-61.315225;15.882717
97112_gw1i5u_01307;1307;;Route Nationale N9;97112;97112;Grand-Bourg;;;-61.32098;15.897193
97112_c7abqg_00049;49;;Avenue Patrice TIROLIEN;97112;97112;Grand-Bourg;;;-61.313128;15.885481
97112_p03avt_01605;1605;;Route Lamy;97112;97112;Grand-Bourg;;;-61.32016;15.902108
97112_v1swfp_02068;2068;;Route de Moringlane;97112;97112;Grand-Bourg;;;-61.305101;15.917939
97112_0i8qps_01816;1816;;Route de LaTreille;97112;97112;Grand-Bourg;;;-61.305058;15.899422
97112_mrv1lu_00087;87;;Route René GLORIEUX;97112;97112;Grand-Bourg;;;-61.298257;15.894073
97112_2fqfdz_00226;226;;Chemin Lucover;97112;97112;Grand-Bourg;;;-61.254175;15.890334
97112_v1swfp_00379;379;;Route de Moringlane;97112;97112;Grand-Bourg;;;-61.309298;15.928357
97112_pyw5rp_03307;3307;;Route de Morne Lalane;97112;97112;Grand-Bourg;;;-61.26272;15.888985
97112_0017_00024;24;;Rue du Docteur Felix Selbonne;97112;97112;Grand-Bourg;;;-61.315893;15.883005
97112_y80k6x_06973;6973;;Route Nationale N9 STL - CPT;97112;97112;Grand-Bourg;;;-61.260856;15.907099
97112_0040_00036;36;;Passage des Braves;97112;97112;Grand-Bourg;;;-61.314028;15.8833
97112_0065_00020;20;;Avenue Delgres;97112;97112;Grand-Bourg;;;-61.313769;15.886746
97112_0208_00012;12;;Rue de la République;97112;97112;Grand-Bourg;;;-61.315228;15.881699
97112_0065_00012;12;;Avenue Delgres;97112;97112;Grand-Bourg;;;-61.314225;15.886949
97112_0202_00001;1;;Rue GAYOTTE;97112;97112;Grand-Bourg;;;-61.317005;15.886487
97112_0208_00017;17;;Rue de la République;97112;97112;Grand-Bourg;;;-61.3151;15.882184
97112_ajvmqo_00179;179;;Chemin de Gay;97112;97112;Grand-Bourg;;;-61.312559;15.925843
97112_r9e5ut_01209;1209;;Route de Buckingham;97112;97112;Grand-Bourg;;;-61.316168;15.908098
97112_0134_00004;4;;Rue Alamanda;97112;97112;Grand-Bourg;;;-61.313641;15.885642
97112_g5vfst_02894;2894;;Route N203 vers Capesterre;97112;97112;Grand-Bourg;;;-61.285767;15.870838
97112_0121_00015;15;;Avenue Marcel Etzol;97112;97112;Grand-Bourg;;;-61.313724;15.881099
97112_g5vfst_01289;1289;;Route N203 vers Capesterre;97112;97112;Grand-Bourg;;;-61.300157;15.874794
97112_0134_00007;7;;Rue Alamanda;97112;97112;Grand-Bourg;;;-61.313699;15.885724
97112_0i8qps_01543;1543;;Route de LaTreille;97112;97112;Grand-Bourg;;;-61.308151;15.898173
97112_0009_00008;8;;Rue Emile Bambuck;97112;97112;Grand-Bourg;;;-61.312401;15.881544
97112_cmeyup_04530;4530;;Route N204 vers Port-Louis;97112;97112;Grand-Bourg;;;-61.291553;15.912291
97112_tn00tz_00718;718;;Route du Charron;97112;97112;Grand-Bourg;;;-61.28212;15.898901
97112_0i8qps_02590;2590;;Route de LaTreille;97112;97112;Grand-Bourg;;;-61.300875;15.904982
97112_1b8ltr_00031;31;;Boulevard de la Caraibe;97112;97112;Grand-Bourg;;;-61.314769;15.880988
97112_g5vfst_02837;2837;;Route N203 vers Capesterre;97112;97112;Grand-Bourg;;;-61.28626;15.87105
97112_gp4zlx_00229;229;;Route de Saint-Marc;97112;97112;Grand-Bourg;;;-61.273748;15.908803
97112_0018_00004;4;;Rue Albert BEVILLE;97112;97112;Grand-Bourg;;;-61.3188;15.885968
97112_0203_00007;7;;Rue Pablo Neruda;97112;97112;Grand-Bourg;;;-61.316811;15.885857
97112_4sxdra_02722;2722;;Route de Thibault;97112;97112;Grand-Bourg;;;-61.256154;15.887641
97112_2ftut1_00004;4;;Lotissement Loreal;97112;97112;Grand-Bourg;;;-61.301804;15.910577
97112_93xpqj_00981;981;;Route de Mauraille;97112;97112;Grand-Bourg;;;-61.25278;15.909808
97112_v1swfp_00683;683;;Route de Moringlane;97112;97112;Grand-Bourg;;;-61.306472;15.928186
97112_4i24e7_00800;800;;Route de Morne Rouge;97112;97112;Grand-Bourg;;;-61.298708;15.88441
97112_0040_00006;6;;Passage des Braves;97112;97112;Grand-Bourg;;;-61.316823;15.88481
97112_zh40nc_00911;911;;Route de Houelche;97112;97112;Grand-Bourg;;;-61.269849;15.901552
97112_0201_00002;2;;Rue Saint John Perse;97112;97112;Grand-Bourg;;;-61.318088;15.887332
97112_0i8qps_01601;1601;;Route de LaTreille;97112;97112;Grand-Bourg;;;-61.306729;15.898439
97112_0221_00012;12;;Rue Sony Rupaire;97112;97112;Grand-Bourg;;;-61.31739;15.887883
97112_kefpy2_00121;121;;Chemin Pichelin;97112;97112;Grand-Bourg;;;-61.287417;15.90114
97112_p03avt_02025;2025;;Route Lamy;97112;97112;Grand-Bourg;;;-61.31983;15.905217
97112_0303_00039;39;;Rue Mulatresse Solitude;97112;97112;Grand-Bourg;;;-61.31278;15.887311
97112_0002_00036;36;;Allee Poirier;97112;97112;Grand-Bourg;;;-61.315041;15.886645
97112_0303_00048;48;;Rue Mulatresse Solitude;97112;97112;Grand-Bourg;;;-61.312478;15.886927
97112_gw1i5u_01408;1408;;Route Nationale N9;97112;97112;Grand-Bourg;;;-61.321226;15.89807
97112_0121_00026;26;;Avenue Marcel Etzol;97112;97112;Grand-Bourg;;;-61.313659;15.88125
97112_gw1i5u_00907;907;;Route Nationale N9;97112;97112;Grand-Bourg;;;-61.319654;15.893807
97112_g5vfst_04113;4113;;Route N203 vers Capesterre;97112;97112;Grand-Bourg;;;-61.274425;15.869793
97112_f59tc5_00129;129;;Chemin Rousseau BERNARDIN;97112;97112;Grand-Bourg;;;-61.280975;15.921057
97112_0303_00035;35;;Rue Mulatresse Solitude;97112;97112;Grand-Bourg;;;-61.312952;15.88739
97112_gp4zlx_00316;316;;Route de Saint-Marc;97112;97112;Grand-Bourg;;;-61.273322;15.909465
97112_pyw5rp_02138;2138;;Route de Morne Lalane;97112;97112;Grand-Bourg;;;-61.271426;15.883262
97112_edhfqx_00204;204;;Route de Murat;97112;97112;Grand-Bourg;;;-61.299289;15.876428
97112_i4tg5h_02004;2004;;Route de Gagneron;97112;97112;Grand-Bourg;;;-61.254722;15.912841
97112_0201_00017;17;;Rue Saint John Perse;97112;97112;Grand-Bourg;;;-61.31651;15.886742
97112_d9jzdl_01854;1854;;Route de Vanniers;97112;97112;Grand-Bourg;;;-61.279779;15.923059
97112_i4tg5h_00316;316;;Route de Gagneron;97112;97112;Grand-Bourg;;;-61.267164;15.908528
97112_i4tg5h_00207;207;;Route de Gagneron;97112;97112;Grand-Bourg;;;-61.269203;15.909241
97112_y80k6x_02237;2237;;Route Nationale N9 STL - CPT;97112;97112;Grand-Bourg;;;-61.29802;15.894749
97112_pgsyup_02066;2066;;Chemin de Kato;97112;97112;Grand-Bourg;;;-61.287472;15.888793
97112_pyw5rp_02913;2913;;Route de Morne Lalane;97112;97112;Grand-Bourg;;;-61.265235;15.886609
97112_g5vfst_00376;376;;Route N203 vers Capesterre;97112;97112;Grand-Bourg;;;-61.307148;15.878809
97112_rnk6fw_00108;108;;Chemin Chatelard;97112;97112;Grand-Bourg;;;-61.269922;15.917598
97112_f9e3d2_04100;4100;;Route de Beaufils;97112;97112;Grand-Bourg;;;-61.275943;15.903411
97112_cmeyup_04318;4318;;Route N204 vers Port-Louis;97112;97112;Grand-Bourg;;;-61.29414;15.911648
97112_22fx0i_00535;535;;Chemin Tras Tibonm;97112;97112;Grand-Bourg;;;-61.249178;15.894365
97112_c7abqg_00006;6;;Avenue Patrice TIROLIEN;97112;97112;Grand-Bourg;;;-61.314261;15.882317
97112_gw1i5u_00066;66;;Route Nationale N9;97112;97112;Grand-Bourg;;;-61.315581;15.887579
97112_tn00tz_00191;191;;Route du Charron;97112;97112;Grand-Bourg;;;-61.278986;15.900128
97112_52us24_00018;18;;Rue Toussaint-Louverture;97112;97112;Grand-Bourg;;;-61.314311;15.882879
97112_teaya6_00377;377;;Chemin Fleur de Canne;97112;97112;Grand-Bourg;;;-61.316348;15.915139
97112_c7abqg_00001;1;;Avenue Patrice TIROLIEN;97112;97112;Grand-Bourg;;;-61.314976;15.881215
97112_4sxdra_01783;1783;;Route de Thibault;97112;97112;Grand-Bourg;;;-61.261548;15.882093
97112_d9jzdl_00269;269;;Route de Vanniers;97112;97112;Grand-Bourg;;;-61.280607;15.909489
97112_0041_00008;8;;Rue des Freres Brisacier;97112;97112;Grand-Bourg;;;-61.319276;15.884948
97112_r9e5ut_01353;1353;;Route de Buckingham;97112;97112;Grand-Bourg;;;-61.315304;15.908806
97112_f9e3d2_04134;4134;;Route de Beaufils;97112;97112;Grand-Bourg;;;-61.275797;15.903659
97112_xmv04b_00178;178;;Chemin Bagatelle;97112;97112;Grand-Bourg;;;-61.315473;15.900504
97112_gw1i5u_03334;3334;;Route Nationale N9;97112;97112;Grand-Bourg;;;-61.328375;15.913592
97112_g5vfst_01593;1593;;Route N203 vers Capesterre;97112;97112;Grand-Bourg;;;-61.297371;15.87418
97112_0303_00021;21;;Rue Mulatresse Solitude;97112;97112;Grand-Bourg;;;-61.313643;15.887734
97112_g5vfst_01043;1043;;Route N203 vers Capesterre;97112;97112;Grand-Bourg;;;-61.302434;15.875043
97112_o9eyeu_00168;168;;Chemin du Fond Charbonnier;97112;97112;Grand-Bourg;;;-61.266361;15.90063
97112_cmeyup_05258;5258;;Route N204 vers Port-Louis;97112;97112;Grand-Bourg;;;-61.286671;15.911259
97112_0056_00017;17;;Rue du Commandant Mortenol;97112;97112;Grand-Bourg;;;-61.314382;15.882557
97112_i4tg5h_00751;751;;Route de Gagneron;97112;97112;Grand-Bourg;;;-61.265116;15.911925
97112_tt4e92_00009;9;;Rue Beaurenon;97112;97112;Grand-Bourg;;;-61.315693;15.882871
97112_c7abqg_00008;8;;Avenue Patrice TIROLIEN;97112;97112;Grand-Bourg;;;-61.314231;15.882401
97112_0040_00041;41;;Passage des Braves;97112;97112;Grand-Bourg;;;-61.314497;15.884054
97112_xmv04b_00225;225;;Chemin Bagatelle;97112;97112;Grand-Bourg;;;-61.315748;15.900933
97112_0040_00004;4;;Passage des Braves;97112;97112;Grand-Bourg;;;-61.316952;15.884879
97112_0218_00008;8;;Rue Achille Rene Boisneuf;97112;97112;Grand-Bourg;;;-61.312071;15.886478
97112_gw1i5u_01456;1456;;Route Nationale N9;97112;97112;Grand-Bourg;;;-61.321515;15.898456
97112_05tb0n_00004;4;;Rue Joseph IGNACE;97112;97112;Grand-Bourg;;;-61.311265;15.88411
97112_05j9q3_01111;1111;;L'Hermitage;97112;97112;Grand-Bourg;;;-61.300142;15.89064
97112_c7abqg_00035;35;;Avenue Patrice TIROLIEN;97112;97112;Grand-Bourg;;;-61.313711;15.883778
97112_4sxdra_01612;1612;;Route de Thibault;97112;97112;Grand-Bourg;;;-61.262794;15.881425
97112_1b8ltr_00021;21;;Boulevard de la Caraibe;97112;97112;Grand-Bourg;;;-61.31529;15.88126
97112_g5vfst_03095;3095;;Route N203 vers Capesterre;97112;97112;Grand-Bourg;;;-61.283877;15.870571
97112_r9e5ut_02418;2418;;Route de Buckingham;97112;97112;Grand-Bourg;;;-61.308699;15.903324
97112_i4tg5h_00709;709;;Route de Gagneron;97112;97112;Grand-Bourg;;;-61.265825;15.912841
97112_0017_00021;21;;Rue du Docteur Felix Selbonne;97112;97112;Grand-Bourg;;;-61.315747;15.88353
97112_r9e5ut_02807;2807;;Route de Buckingham;97112;97112;Grand-Bourg;;;-61.3064;15.905013
97112_g5vfst_00395;395;;Route N203 vers Capesterre;97112;97112;Grand-Bourg;;;-61.306763;15.879279
97112_g5vfst_03581;3581;;Route N203 vers Capesterre;97112;97112;Grand-Bourg;;;-61.279384;15.869988
97112_uerzzn_00119;119;;Route de Petite Banane;97112;97112;Grand-Bourg;;;-61.31457;15.925373
97112_0221_00004;4;;Rue Sony Rupaire;97112;97112;Grand-Bourg;;;-61.316518;15.887339
97112_r9e5ut_01475;1475;;Route de Buckingham;97112;97112;Grand-Bourg;;;-61.314012;15.909155
97112_g5vfst_04274;4274;;Route N203 vers Capesterre;97112;97112;Grand-Bourg;;;-61.272932;15.869712
97112_7avmtj_00114;114;;Chemin Céleste;97112;97112;Grand-Bourg;;;-61.299731;15.906268
97112_4i24e7_00460;460;;Route de Morne Rouge;97112;97112;Grand-Bourg;;;-61.301941;15.883134
97112_zh40nc_01115;1115;;Route de Houelche;97112;97112;Grand-Bourg;;;-61.270813;15.903136
97112_d9jzdl_02145;2145;;Route de Vanniers;97112;97112;Grand-Bourg;;;-61.279854;15.925709
97112_0096_00005;5;;Rue du Fort;97112;97112;Grand-Bourg;;;-61.3162;15.881999
97112_y80k6x_06415;6415;;Route Nationale N9 STL - CPT;97112;97112;Grand-Bourg;;;-61.266072;15.907153
97112_i4tg5h_01270;1270;;Route de Gagneron;97112;97112;Grand-Bourg;;;-61.260839;15.913822
97112_0210_00028;28;;Rue Henry Rinaldo;97112;97112;Grand-Bourg;;;-61.318639;15.884684
97112_0217_00011;11;;Avenue Sabliers Joinville;97112;97112;Grand-Bourg;;;-61.314004;15.881959
97112_y80k6x_07626;7626;;Route Nationale N9 STL - CPT;97112;97112;Grand-Bourg;;;-61.25586;15.904078
97112_y30g79_00627;627;;Chemin Fond Moco;97112;97112;Grand-Bourg;;;-61.262218;15.913495
97112_gpwjz3_01134;1134;;Route Durocher;97112;97112;Grand-Bourg;;;-61.272934;15.915927
97112_0217_00027;27;;Avenue Sabliers Joinville;97112;97112;Grand-Bourg;;;-61.310564;15.880334
97112_0080_01513;1513;;Chemin de l'Étang Jonc;97112;97112;Grand-Bourg;;;-61.289497;15.922754
97112_d9jzdl_00681;681;;Route de Vanniers;97112;97112;Grand-Bourg;;;-61.280798;15.912796
97112_y80k6x_07476;7476;;Route Nationale N9 STL - CPT;97112;97112;Grand-Bourg;;;-61.25726;15.90429
97112_0040_00013;13;;Passage des Braves;97112;97112;Grand-Bourg;;;-61.316428;15.884776
97112_g5vfst_01627;1627;;Route N203 vers Capesterre;97112;97112;Grand-Bourg;;;-61.297067;15.874094
97112_tttrhi_01287;1287;;Chemin du moulin de Saint-Michel;97112;97112;Grand-Bourg;;;-61.270333;15.884382
97112_bk9kbu_00001;1;;Chemin des Mancenilliers;97112;97112;Grand-Bourg;;;-61.290883;15.872229
97112_0065_00024;24;;Avenue Delgres;97112;97112;Grand-Bourg;;;-61.313483;15.886557
97112_0217_00008;8;;Avenue Sabliers Joinville;97112;97112;Grand-Bourg;;;-61.314053;15.881727
97112_uerzzn_00195;195;;Route de Petite Banane;97112;97112;Grand-Bourg;;;-61.31456;15.924658
97112_0133_00033;33;;Rue Alonzo;97112;97112;Grand-Bourg;;;-61.313051;15.885844
97112_28h59g_00085;85;;Chemin man Félicien;97112;97112;Grand-Bourg;;;-61.282964;15.905696
97112_0221_00008;8;;Rue Sony Rupaire;97112;97112;Grand-Bourg;;;-61.31714;15.887658
97112_g5vfst_01073;1073;;Route N203 vers Capesterre;97112;97112;Grand-Bourg;;;-61.302168;15.874985
97112_r9e5ut_01554;1554;;Route de Buckingham;97112;97112;Grand-Bourg;;;-61.313387;15.908721
97112_4sxdra_01593;1593;;Route de Thibault;97112;97112;Grand-Bourg;;;-61.262953;15.881462
97112_i4tg5h_00972;972;;Route de Gagneron;97112;97112;Grand-Bourg;;;-61.263172;15.912358
97112_qhhqw7_00642;642;;Chemin du Frangipanier;97112;97112;Grand-Bourg;;;-61.287826;15.892766
97112_0i8qps_00997;997;;Route de LaTreille;97112;97112;Grand-Bourg;;;-61.310643;15.894771
97112_1b8ltr_00049;49;;Boulevard de la Caraibe;97112;97112;Grand-Bourg;;;-61.314169;15.88071
97112_0205_00003;3;;Rue Francois Antenor Habazac;97112;97112;Grand-Bourg;;;-61.316501;15.884051
97112_0133_00017;17;;Rue Alonzo;97112;97112;Grand-Bourg;;;-61.313818;15.886238
97112_22fx0i_00001;1;;Chemin Tras Tibonm;97112;97112;Grand-Bourg;;;-61.253948;15.895646
97112_0149_00044;44;;Rue Marcel Lollia;97112;97112;Grand-Bourg;;;-61.313763;15.886465
97112_0017_00027;27;;Rue du Docteur Felix Selbonne;97112;97112;Grand-Bourg;;;-61.315648;15.883673
97112_g5vfst_01794;1794;;Route N203 vers Capesterre;97112;97112;Grand-Bourg;;;-61.295552;15.873641
97112_0121_00040;40;;Avenue Marcel Etzol;97112;97112;Grand-Bourg;;;-61.314255;15.881543
97112_4sxdra_01739;1739;;Route de Thibault;97112;97112;Grand-Bourg;;;-61.26176;15.881094
97112_y80k6x_02442;2442;;Route Nationale N9 STL - CPT;97112;97112;Grand-Bourg;;;-61.296121;15.894977
97112_0056_00005;5;;Rue du Commandant Mortenol;97112;97112;Grand-Bourg;;;-61.314773;15.882741
97112_y80k6x_00997;997;;Route Nationale N9 STL - CPT;97112;97112;Grand-Bourg;;;-61.305917;15.887252
97112_zkvspv_00082;82;;Route de Bambara;97112;97112;Grand-Bourg;;;-61.312819;15.889458
97112_uerzzn_01265;1265;;Route de Petite Banane;97112;97112;Grand-Bourg;;;-61.309122;15.917583
97112_gw1i5u_00268;268;;Route Nationale N9;97112;97112;Grand-Bourg;;;-61.316942;15.888841
97112_i4tg5h_01411;1411;;Route de Gagneron;97112;97112;Grand-Bourg;;;-61.259634;15.914349
97112_qttlxt_00388;388;;Chemin de la Bruyère;97112;97112;Grand-Bourg;;;-61.309633;15.93633
97112_jecipl_00053;53;;Chemin des crabes sémafot;97112;97112;Grand-Bourg;;;-61.319875;15.893386
97112_vp4x4v_00323;323;;Chemin F. Créantor dit Désir;97112;97112;Grand-Bourg;;;-61.262925;15.909444
97112_g5vfst_00089;89;;Route N203 vers Capesterre;97112;97112;Grand-Bourg;;;-61.30952;15.880075
97112_0211_00001;1;;Rue Gilbert CHAMBERTRAND;97112;97112;Grand-Bourg;;;-61.318262;15.887083
97112_g5vfst_00109;109;;Route N203 vers Capesterre;97112;97112;Grand-Bourg;;;-61.309436;15.879791
97112_y80k6x_00995;995;;Route Nationale N9 STL - CPT;97112;97112;Grand-Bourg;;;-61.305589;15.88703
97112_e2301p_00597;597;;Route de Bielle;97112;97112;Grand-Bourg;;;-61.269731;15.912525
97112_9d9e8z_00492;492;;Chemin des Pêcheurs;97112;97112;Grand-Bourg;;;-61.302846;15.880003
97112_0002_00006;6;;Allee Poirier;97112;97112;Grand-Bourg;;;-61.315067;15.884292
97112_pza574_00391;391;;Chemin Duranchel CONFIAC;97112;97112;Grand-Bourg;;;-61.315731;15.891728
97112_0217_00022;22;;Avenue Sabliers Joinville;97112;97112;Grand-Bourg;;;-61.313457;15.881408
97112_tttrhi_00278;278;;Chemin du moulin de Saint-Michel;97112;97112;Grand-Bourg;;;-61.272555;15.884632
97112_0i8qps_00312;312;;Route de LaTreille;97112;97112;Grand-Bourg;;;-61.313748;15.889405
97112_f9e3d2_02889;2889;;Route de Beaufils;97112;97112;Grand-Bourg;;;-61.277502;15.893746
97112_95we8v_00432;432;;Chemin Prèmyé JERNIVAL;97112;97112;Grand-Bourg;;;-61.277202;15.915022
97112_g5vfst_03965;3965;;Route N203 vers Capesterre;97112;97112;Grand-Bourg;;;-61.275826;15.86981
97112_cmeyup_05060;5060;;Route N204 vers Port-Louis;97112;97112;Grand-Bourg;;;-61.289159;15.911283
97112_0264_00001;1;;Passage Vatable;97112;97112;Grand-Bourg;;;-61.313809;15.881419
97112_pm12jy_00873;873;;Route Ravine David;97112;97112;Grand-Bourg;;;-61.321003;15.907102
97112_teaya6_00436;436;;Chemin Fleur de Canne;97112;97112;Grand-Bourg;;;-61.315563;15.916512
97112_g5vfst_00476;476;;Route N203 vers Capesterre;97112;97112;Grand-Bourg;;;-61.306366;15.878394
97112_0303_00001;1;;Rue Mulatresse Solitude;97112;97112;Grand-Bourg;;;-61.314466;15.888152
97112_g5vfst_01962;1962;;Route N203 vers Capesterre;97112;97112;Grand-Bourg;;;-61.294015;15.873394
97112_gw1i5u_00316;316;;Route Nationale N9;97112;97112;Grand-Bourg;;;-61.31722;15.889147
97112_r9e5ut_02631;2631;;Route de Buckingham;97112;97112;Grand-Bourg;;;-61.307709;15.907786
97112_f9e3d2_02936;2936;;Route de Beaufils;97112;97112;Grand-Bourg;;;-61.277195;15.894083
97112_o0c4pu_00705;705;;Route de Boisneuf;97112;97112;Grand-Bourg;;;-61.274282;15.917898
97112_0209_00001;1;;Rue Jacques Romain;97112;97112;Grand-Bourg;;;-61.318422;15.886345
97112_0201_00016;16;;Rue Saint John Perse;97112;97112;Grand-Bourg;;;-61.31665;15.886558
97112_b3jtj2_00079;79;;Chemin Hérisson;97112;97112;Grand-Bourg;;;-61.271692;15.90343
97112_y80k6x_02205;2205;;Route Nationale N9 STL - CPT;97112;97112;Grand-Bourg;;;-61.298314;15.894639
97112_f9e3d2_00356;356;;Route de Beaufils;97112;97112;Grand-Bourg;;;-61.284001;15.873627
97112_0144_00001;1;;Rue de la Liberté;97112;97112;Grand-Bourg;;;-61.3161;15.882972
97112_d9jzdl_00823;823;;Route de Vanniers;97112;97112;Grand-Bourg;;;-61.280682;15.914211
97112_d9jzdl_01276;1276;;Route de Vanniers;97112;97112;Grand-Bourg;;;-61.279258;15.917983
97112_pm12jy_00656;656;;Route Ravine David;97112;97112;Grand-Bourg;;;-61.322083;15.908546
97112_teaya6_00516;516;;Chemin Fleur de Canne;97112;97112;Grand-Bourg;;;-61.316064;15.916655
97112_sj4v5l_00381;381;;Chemin Acacias;97112;97112;Grand-Bourg;;;-61.271113;15.898584
97112_f9e3d2_00762;762;;Route de Beaufils;97112;97112;Grand-Bourg;;;-61.28415;15.877158
97112_0218_00001;1;;Rue Achille Rene Boisneuf;97112;97112;Grand-Bourg;;;-61.312227;15.886701
97112_odyy2d_00007;7;;Rue du Docteur Marcel ETZOL;97112;97112;Grand-Bourg;;;-61.31496;15.88172
97112_gw1i5u_05199;5199;;Route Nationale N9;97112;97112;Grand-Bourg;;;-61.322021;15.924561
97112_g5vfst_00649;649;;Route N203 vers Capesterre;97112;97112;Grand-Bourg;;;-61.305243;15.877285
97112_1b8ltr_00033;33;;Boulevard de la Caraibe;97112;97112;Grand-Bourg;;;-61.314732;15.880955
97112_cmeyup_02005;2005;;Route N204 vers Port-Louis;97112;97112;Grand-Bourg;;;-61.310405;15.914325
97112_cmeyup_03901;3901;;Route N204 vers Port-Louis;97112;97112;Grand-Bourg;;;-61.296803;15.909087
97112_05tb0n_00002;2;;Rue Joseph IGNACE;97112;97112;Grand-Bourg;;;-61.311332;15.883832
97112_4sxdra_00883;883;;Route de Thibault;97112;97112;Grand-Bourg;;;-61.266108;15.876385
97112_0i8qps_00032;32;;Route de LaTreille;97112;97112;Grand-Bourg;;;-61.315104;15.887225
97112_gw1i5u_05719;5719;;Route Nationale N9;97112;97112;Grand-Bourg;;;-61.317475;15.926239
97112_odyy2d_00006;6;;Rue du Docteur Marcel ETZOL;97112;97112;Grand-Bourg;;;-61.314912;15.881812
97112_0272_00008;8;;Rue du Vieil Arbre;97112;97112;Grand-Bourg;;;-61.31446;15.881186
97112_pd8j1u_00092;92;;Chemin Fond Corossol;97112;97112;Grand-Bourg;;;-61.285461;15.905398
97112_0i8qps_00911;911;;Route de LaTreille;97112;97112;Grand-Bourg;;;-61.311658;15.894114
97112_0217_00009;9;;Avenue Sabliers Joinville;97112;97112;Grand-Bourg;;;-61.314056;15.881985
97112_0002_00002;2;;Allee Poirier;97112;97112;Grand-Bourg;;;-61.315138;15.884119
97112_0203_00001;1;;Rue Pablo Neruda;97112;97112;Grand-Bourg;;;-61.317209;15.886136
97112_gw1i5u_02973;2973;;Route Nationale N9;97112;97112;Grand-Bourg;;;-61.327206;15.91053
97112_y80k6x_02440;2440;;Route Nationale N9 STL - CPT;97112;97112;Grand-Bourg;;;-61.296167;15.895124
97112_u40fl2_00899;899;;Route des Manguiers;97112;97112;Grand-Bourg;;;-61.267697;15.906505
97112_pgsyup_00115;115;;Chemin de Kato;97112;97112;Grand-Bourg;;;-61.292147;15.876286
97112_y80k6x_03624;3624;;Route Nationale N9 STL - CPT;97112;97112;Grand-Bourg;;;-61.286619;15.899644
97112_s9xg93_01456;1456;;Chemin de Pafory;97112;97112;Grand-Bourg;;;-61.300745;15.928699
97112_1iua2i_00230;230;;Chemin Rabi;97112;97112;Grand-Bourg;;;-61.262647;15.905008
97112_0018_00001;1;;Rue Albert BEVILLE;97112;97112;Grand-Bourg;;;-61.318591;15.886103
97112_sj4v5l_00438;438;;Chemin Acacias;97112;97112;Grand-Bourg;;;-61.271632;15.898518
97112_zkvspv_00196;196;;Route de Bambara;97112;97112;Grand-Bourg;;;-61.311867;15.889
97112_cmeyup_01101;1101;;Route N204 vers Port-Louis;97112;97112;Grand-Bourg;;;-61.318519;15.912835
97112_ofyk7p_00847;847;;Route Pointe de Folle Anse;97112;97112;Grand-Bourg;;;-61.336506;15.94142
97112_0144_00007;7;;Rue de la Liberté;97112;97112;Grand-Bourg;;;-61.316318;15.88308
97112_u40fl2_00742;742;;Route des Manguiers;97112;97112;Grand-Bourg;;;-61.268743;15.905661
97112_g5vfst_02910;2910;;Route N203 vers Capesterre;97112;97112;Grand-Bourg;;;-61.285613;15.870813
97112_0134_00012;12;;Rue Alamanda;97112;97112;Grand-Bourg;;;-61.31324;15.886282
97112_0080_01703;1703;;Chemin de l'Étang Jonc;97112;97112;Grand-Bourg;;;-61.291243;15.923069
97112_0153_00004;4;;Rue Martin Luther King;97112;97112;Grand-Bourg;;;-61.314534;15.884485
97112_y80k6x_00383;383;;Route Nationale N9 STL - CPT;97112;97112;Grand-Bourg;;;-61.308275;15.882833
97112_0210_00005;5;;Rue Henry Rinaldo;97112;97112;Grand-Bourg;;;-61.317352;15.886212
97112_pza574_00001;1;;Chemin Duranchel CONFIAC;97112;97112;Grand-Bourg;;;-61.316501;15.888446
97112_g5vfst_03101;3101;;Route N203 vers Capesterre;97112;97112;Grand-Bourg;;;-61.283633;15.870548
97112_rnk6fw_00674;674;;Chemin Chatelard;97112;97112;Grand-Bourg;;;-61.266515;15.92177
97112_g5vfst_01748;1748;;Route N203 vers Capesterre;97112;97112;Grand-Bourg;;;-61.295997;15.873734
97112_pyw5rp_02814;2814;;Route de Morne Lalane;97112;97112;Grand-Bourg;;;-61.266065;15.886223
97112_0303_00034;34;;Rue Mulatresse Solitude;97112;97112;Grand-Bourg;;;-61.313146;15.887287
97112_kefpy2_00001;1;;Chemin Pichelin;97112;97112;Grand-Bourg;;;-61.286335;15.900856
97112_qhhqw7_00850;850;;Chemin du Frangipanier;97112;97112;Grand-Bourg;;;-61.287107;15.891463
97112_y30g79_00270;270;;Chemin Fond Moco;97112;97112;Grand-Bourg;;;-61.265052;15.915068
97112_4i24e7_00170;170;;Route de Morne Rouge;97112;97112;Grand-Bourg;;;-61.304549;15.883363
97112_f30531_00251;251;;Route de Folle-Anse;97112;97112;Grand-Bourg;;;-61.331492;15.918938
97112_05j9q3_01955;1955;;L'Hermitage;97112;97112;Grand-Bourg;;;-61.299908;15.891178
97112_0303_00036;36;;Rue Mulatresse Solitude;97112;97112;Grand-Bourg;;;-61.313063;15.887266
97112_y80k6x_00937;937;;Route Nationale N9 STL - CPT;97112;97112;Grand-Bourg;;;-61.30569;15.886509
97112_0144_00003;3;;Rue de la Liberté;97112;97112;Grand-Bourg;;;-61.316224;15.883038
97112_8e15hd_00058;58;;Route Michel JOSEPHINE;97112;97112;Grand-Bourg;;;-61.299828;15.893753
97112_g5vfst_01239;1239;;Route N203 vers Capesterre;97112;97112;Grand-Bourg;;;-61.300645;15.874844
97112_mrv1lu_00260;260;;Route René GLORIEUX;97112;97112;Grand-Bourg;;;-61.296733;15.894216
97112_edhfqx_00654;654;;Route de Murat;97112;97112;Grand-Bourg;;;-61.299293;15.879858
97112_0264_00004;4;;Passage Vatable;97112;97112;Grand-Bourg;;;-61.313821;15.881135
97112_mrv1lu_00714;714;;Route René GLORIEUX;97112;97112;Grand-Bourg;;;-61.29433;15.895643
97112_4i24e7_01525;1525;;Route de Morne Rouge;97112;97112;Grand-Bourg;;;-61.294196;15.889215
97112_gw1i5u_00093;93;;Route Nationale N9;97112;97112;Grand-Bourg;;;-61.315819;15.887731
97112_cmeyup_06029;6029;;Route N204 vers Port-Louis;97112;97112;Grand-Bourg;;;-61.2849;15.90592
97112_0145_00012;12;;Rue Hibiscus;97112;97112;Grand-Bourg;;;-61.313736;15.885495
97112_y80k6x_06277;6277;;Route Nationale N9 STL - CPT;97112;97112;Grand-Bourg;;;-61.267334;15.907276
97112_e2301p_01287;1287;;Route de Bielle;97112;97112;Grand-Bourg;;;-61.266806;15.917565
97112_v1swfp_02017;2017;;Route de Moringlane;97112;97112;Grand-Bourg;;;-61.304641;15.918115
97112_4sxdra_02091;2091;;Route de Thibault;97112;97112;Grand-Bourg;;;-61.260548;15.884623
97112_r9e5ut_01632;1632;;Route de Buckingham;97112;97112;Grand-Bourg;;;-61.312927;15.908215
97112_0201_00036;36;;Rue Saint John Perse;97112;97112;Grand-Bourg;;;-61.315801;15.886166
97112_0121_00023;23;;Avenue Marcel Etzol;97112;97112;Grand-Bourg;;;-61.314164;15.881302
97112_uerzzn_00510;510;;Route de Petite Banane;97112;97112;Grand-Bourg;;;-61.313355;15.922256
97112_d9jzdl_01560;1560;;Route de Vanniers;97112;97112;Grand-Bourg;;;-61.279478;15.920419
97112_1w2ger_00056;56;;ignace;97112;97112;Grand-Bourg;;;-61.283848;15.908692
97112_0096_00003;3;;Rue du Fort;97112;97112;Grand-Bourg;;;-61.316251;15.882028
97112_f9e3d2_02699;2699;;Route de Beaufils;97112;97112;Grand-Bourg;;;-61.278145;15.89213
97112_a251_01655;1655;;Lotissement Bride;97112;97112;Grand-Bourg;;;-61.307315;15.884949
97112_7avmtj_00208;208;;Chemin Céleste;97112;97112;Grand-Bourg;;;-61.29918;15.906985
97112_y80k6x_02852;2852;;Route Nationale N9 STL - CPT;97112;97112;Grand-Bourg;;;-61.292877;15.897092
97112_0144_00005;5;;Rue de la Liberté;97112;97112;Grand-Bourg;;;-61.316283;15.883046
97112_y80k6x_04439;4439;;Route Nationale N9 STL - CPT;97112;97112;Grand-Bourg;;;-61.283297;15.906347
97112_0002_00018;18;;Allee Poirier;97112;97112;Grand-Bourg;;;-61.314788;15.884831
97112_0303_00002;2;;Rue Mulatresse Solitude;97112;97112;Grand-Bourg;;;-61.314555;15.887988
97112_0212_00023;23;;Rue Hubert Rousseau;97112;97112;Grand-Bourg;;;-61.317906;15.88687
97112_4i24e7_00850;850;;Route de Morne Rouge;97112;97112;Grand-Bourg;;;-61.297798;15.883696
97112_mrv1lu_00047;47;;Route René GLORIEUX;97112;97112;Grand-Bourg;;;-61.298612;15.894092
97112_4sxdra_01441;1441;;Route de Thibault;97112;97112;Grand-Bourg;;;-61.26514;15.881042
97112_r9e5ut_01062;1062;;Route de Buckingham;97112;97112;Grand-Bourg;;;-61.316998;15.906981
97112_0040_00039;39;;Passage des Braves;97112;97112;Grand-Bourg;;;-61.314588;15.884082
97112_28h59g_00226;226;;Chemin man Félicien;97112;97112;Grand-Bourg;;;-61.281809;15.90562
97112_0040_00024;24;;Passage des Braves;97112;97112;Grand-Bourg;;;-61.315235;15.884024
97112_y80k6x_02829;2829;;Route Nationale N9 STL - CPT;97112;97112;Grand-Bourg;;;-61.293079;15.897159
97112_0153_00002;2;;Rue Martin Luther King;97112;97112;Grand-Bourg;;;-61.314649;15.88448
97112_cmeyup_04078;4078;;Route N204 vers Port-Louis;97112;97112;Grand-Bourg;;;-61.295703;15.910214
97112_0272_00014;14;;Rue du Vieil Arbre;97112;97112;Grand-Bourg;;;-61.314281;15.881111
97112_uerzzn_01468;1468;;Route de Petite Banane;97112;97112;Grand-Bourg;;;-61.308966;15.91578
97112_9d9e8z_00530;530;;Chemin des Pêcheurs;97112;97112;Grand-Bourg;;;-61.302597;15.880355
97112_0056_00016;16;;Rue du Commandant Mortenol;97112;97112;Grand-Bourg;;;-61.314414;15.882424
97112_g5vfst_01007;1007;;Route N203 vers Capesterre;97112;97112;Grand-Bourg;;;-61.302751;15.875168
97112_v1swfp_01480;1480;;Route de Moringlane;97112;97112;Grand-Bourg;;;-61.30459;15.922928
97112_0217_00016;16;;Avenue Sabliers Joinville;97112;97112;Grand-Bourg;;;-61.313759;15.881588
97112_4i24e7_00458;458;;Route de Morne Rouge;97112;97112;Grand-Bourg;;;-61.302065;15.883496
97112_0201_00011;11;;Rue Saint John Perse;97112;97112;Grand-Bourg;;;-61.316943;15.88695
97112_tn00tz_00077;77;;Route du Charron;97112;97112;Grand-Bourg;;;-61.278082;15.900351
97112_0i8qps_00423;423;;Route de LaTreille;97112;97112;Grand-Bourg;;;-61.313304;15.890279
97112_qhhqw7_00074;74;;Chemin du Frangipanier;97112;97112;Grand-Bourg;;;-61.292244;15.893795
97112_y80k6x_05410;5410;;Route Nationale N9 STL - CPT;97112;97112;Grand-Bourg;;;-61.275302;15.907065
97112_0i8qps_00538;538;;Route de LaTreille;97112;97112;Grand-Bourg;;;-61.31264;15.891141
97112_y80k6x_07411;7411;;Route Nationale N9 STL - CPT;97112;97112;Grand-Bourg;;;-61.257777;15.904673
97112_0218_00003;3;;Rue Achille Rene Boisneuf;97112;97112;Grand-Bourg;;;-61.312064;15.886631
97112_7avmtj_00136;136;;Chemin Céleste;97112;97112;Grand-Bourg;;;-61.299609;15.906422
97112_0002_00038;38;;Allee Poirier;97112;97112;Grand-Bourg;;;-61.315152;15.886631
97112_r9e5ut_03085;3085;;Route de Buckingham;97112;97112;Grand-Bourg;;;-61.304105;15.903858
97112_o0c4pu_00183;183;;Route de Boisneuf;97112;97112;Grand-Bourg;;;-61.277433;15.919049
97112_cmeyup_02839;2839;;Route N204 vers Port-Louis;97112;97112;Grand-Bourg;;;-61.30364;15.913189
97112_gjqdqg_00019;19;;Chemin Fond Marin;97112;97112;Grand-Bourg;;;-61.282757;15.905338
97112_r9e5ut_02142;2142;;Route de Buckingham;97112;97112;Grand-Bourg;;;-61.311034;15.903958
97112_0080_00398;398;;Chemin de l'Étang Jonc;97112;97112;Grand-Bourg;;;-61.281773;15.919464
97112_g5vfst_01793;1793;;Route N203 vers Capesterre;97112;97112;Grand-Bourg;;;-61.29556;15.873729
97112_g0nv9l_01730;1730;;Route de la Source;97112;97112;Grand-Bourg;;;-61.285049;15.873715
97112_2qcudz_00067;67;;Chemin Agénor QUISOIR;97112;97112;Grand-Bourg;;;-61.313997;15.9274
97112_bk9kbu_00236;236;;Chemin des Mancenilliers;97112;97112;Grand-Bourg;;;-61.288955;15.871501
97112_pza574_00588;588;;Chemin Duranchel CONFIAC;97112;97112;Grand-Bourg;;;-61.315843;15.893379
97112_0303_00055;55;;Rue Mulatresse Solitude;97112;97112;Grand-Bourg;;;-61.312054;15.886913
97112_0221_00013;13;;Rue Sony Rupaire;97112;97112;Grand-Bourg;;;-61.317522;15.887624
97112_0201_00003;3;;Rue Saint John Perse;97112;97112;Grand-Bourg;;;-61.317851;15.887431
97112_y80k6x_06295;6295;;Route Nationale N9 STL - CPT;97112;97112;Grand-Bourg;;;-61.267177;15.907277
97112_0133_00006;6;;Rue Alonzo;97112;97112;Grand-Bourg;;;-61.314604;15.886335
97112_0217_00023;23;;Avenue Sabliers Joinville;97112;97112;Grand-Bourg;;;-61.31151;15.881314
97112_0145_00004;4;;Rue Hibiscus;97112;97112;Grand-Bourg;;;-61.314003;15.885651
97112_cmeyup_05503;5503;;Route N204 vers Port-Louis;97112;97112;Grand-Bourg;;;-61.284117;15.911682
97112_gam7cw_00002;2;;Chemin Maïbois;97112;97112;Grand-Bourg;;;-61.274756;15.882761
97112_93xpqj_00344;344;;Route de Mauraille;97112;97112;Grand-Bourg;;;-61.257654;15.907541
97112_g5vfst_00359;359;;Route N203 vers Capesterre;97112;97112;Grand-Bourg;;;-61.307258;15.878985
97112_y30g79_00344;344;;Chemin Fond Moco;97112;97112;Grand-Bourg;;;-61.264405;15.914858
97112_0211_00005;5;;Rue Gilbert CHAMBERTRAND;97112;97112;Grand-Bourg;;;-61.317669;15.886696
97112_g5vfst_00141;141;;Route N203 vers Capesterre;97112;97112;Grand-Bourg;;;-61.309166;15.879687
97112_0212_00001;1;;Rue Hubert Rousseau;97112;97112;Grand-Bourg;;;-61.319176;15.884593
97112_0071_00013;13;;Place de l'Eglise;97112;97112;Grand-Bourg;;;-61.315193;15.883592
97112_0121_00028;28;;Avenue Marcel Etzol;97112;97112;Grand-Bourg;;;-61.313744;15.88129
97112_i4tg5h_00001;1;;Route de Gagneron;97112;97112;Grand-Bourg;;;-61.270042;15.9076
97112_0144_00021;21;;Rue de la Liberté;97112;97112;Grand-Bourg;;;-61.316901;15.883383
97112_0302_00013;13;;Rue Gerty ARCHIMEDE;97112;97112;Grand-Bourg;;;-61.311462;15.88684
97112_cmeyup_04869;4869;;Route N204 vers Port-Louis;97112;97112;Grand-Bourg;;;-61.289325;15.913424
97112_qhhqw7_00345;345;;Chemin du Frangipanier;97112;97112;Grand-Bourg;;;-61.289772;15.893659
97112_f30531_00351;351;;Route de Folle-Anse;97112;97112;Grand-Bourg;;;-61.331949;15.919673
97112_zh40nc_01280;1280;;Route de Houelche;97112;97112;Grand-Bourg;;;-61.271387;15.904538
97112_0144_00009;9;;Rue de la Liberté;97112;97112;Grand-Bourg;;;-61.316415;15.883129
97112_0145_00002;2;;Rue Hibiscus;97112;97112;Grand-Bourg;;;-61.314048;15.88568
97112_f30531_00305;305;;Route de Folle-Anse;97112;97112;Grand-Bourg;;;-61.331756;15.919323
97112_0i8qps_00958;958;;Route de LaTreille;97112;97112;Grand-Bourg;;;-61.308095;15.892669
97112_0208_00015;15;;Rue de la République;97112;97112;Grand-Bourg;;;-61.315157;15.882085
97112_cmeyup_04296;4296;;Route N204 vers Port-Louis;97112;97112;Grand-Bourg;;;-61.294321;15.911562
97112_tt4e92_00015;15;;Rue Beaurenon;97112;97112;Grand-Bourg;;;-61.315115;15.882538
97112_ajvmqo_00150;150;;Chemin de Gay;97112;97112;Grand-Bourg;;;-61.312701;15.92607
97112_1b8ltr_00009;9;;Boulevard de la Caraibe;97112;97112;Grand-Bourg;;;-61.315655;15.881454
97112_g5vfst_00265;265;;Route N203 vers Capesterre;97112;97112;Grand-Bourg;;;-61.308076;15.879265
97112_y80k6x_06883;6883;;Route Nationale N9 STL - CPT;97112;97112;Grand-Bourg;;;-61.261653;15.907077
97112_69lpf3_00006;6;;Rue RABOT-SAGET;97112;97112;Grand-Bourg;;;-61.317765;15.884545
97112_y80k6x_02230;2230;;Route Nationale N9 STL - CPT;97112;97112;Grand-Bourg;;;-61.298037;15.894629
97112_cmeyup_05256;5256;;Route N204 vers Port-Louis;97112;97112;Grand-Bourg;;;-61.286544;15.911421
97112_gw1i5u_00211;211;;Route Nationale N9;97112;97112;Grand-Bourg;;;-61.316623;15.888437
97112_0121_00001;1;;Avenue Marcel Etzol;97112;97112;Grand-Bourg;;;-61.313222;15.880831
97112_0056_00010;10;;Rue du Commandant Mortenol;97112;97112;Grand-Bourg;;;-61.314537;15.882502
97112_6hmed2_00011;11;;Cour Tirolien;97112;97112;Grand-Bourg;;;-61.315701;15.883917
97112_i4tg5h_01518;1518;;Route de Gagneron;97112;97112;Grand-Bourg;;;-61.258677;15.914365
97112_0210_00010;10;;Rue Henry Rinaldo;97112;97112;Grand-Bourg;;;-61.317708;15.8863
97112_0i8qps_01603;1603;;Route de LaTreille;97112;97112;Grand-Bourg;;;-61.306865;15.898762
97112_0133_00026;26;;Rue Alonzo;97112;97112;Grand-Bourg;;;-61.313894;15.886134
97112_ajvmqo_00137;137;;Chemin de Gay;97112;97112;Grand-Bourg;;;-61.312582;15.926362
97112_gw1i5u_00160;160;;Route Nationale N9;97112;97112;Grand-Bourg;;;-61.316187;15.888217
97112_sj4v5l_00643;643;;Chemin Acacias;97112;97112;Grand-Bourg;;;-61.273485;15.898589
97112_s9xg93_00033;33;;Chemin de Pafory;97112;97112;Grand-Bourg;;;-61.309338;15.935677
97112_cmeyup_04962;4962;;Route N204 vers Port-Louis;97112;97112;Grand-Bourg;;;-61.288618;15.912941
97112_xmv04b_00182;182;;Chemin Bagatelle;97112;97112;Grand-Bourg;;;-61.313515;15.901701
97112_ptrkh0_01113;1113;;La Montagne;97112;97112;Grand-Bourg;;;-61.280611;15.872466
97112_0221_00006;6;;Rue Sony Rupaire;97112;97112;Grand-Bourg;;;-61.31668;15.887409
97112_cmeyup_05802;5802;;Route N204 vers Port-Louis;97112;97112;Grand-Bourg;;;-61.284429;15.908095
97112_0i8qps_00571;571;;Route de LaTreille;97112;97112;Grand-Bourg;;;-61.312575;15.89142
97112_tt4e92_00037;37;;Rue Beaurenon;97112;97112;Grand-Bourg;;;-61.314536;15.882195
97112_gpwjz3_00547;547;;Route Durocher;97112;97112;Grand-Bourg;;;-61.276334;15.912166
97112_siykho_00543;543;;Chemin de la Cible;97112;97112;Grand-Bourg;;;-61.320448;15.88552
97112_c7abqg_00045;45;;Avenue Patrice TIROLIEN;97112;97112;Grand-Bourg;;;-61.313571;15.884865
97112_1w2ger_00009;9;;ignace;97112;97112;Grand-Bourg;;;-61.28358;15.910042
97112_tt4e92_00031;31;;Rue Beaurenon;97112;97112;Grand-Bourg;;;-61.314693;15.882286
97112_93xpqj_00178;178;;Route de Mauraille;97112;97112;Grand-Bourg;;;-61.259094;15.907159
97112_0303_00005;5;;Rue Mulatresse Solitude;97112;97112;Grand-Bourg;;;-61.31429;15.888056
97112_zh40nc_00460;460;;Route de Houelche;97112;97112;Grand-Bourg;;;-61.267612;15.898604
97112_d9jzdl_01048;1048;;Route de Vanniers;97112;97112;Grand-Bourg;;;-61.279613;15.91596
97112_y80k6x_07705;7705;;Route Nationale N9 STL - CPT;97112;97112;Grand-Bourg;;;-61.255164;15.904068
97112_pyw5rp_02277;2277;;Route de Morne Lalane;97112;97112;Grand-Bourg;;;-61.270343;15.883842
97112_0135_00014;14;;Rue Furcie Tirolien;97112;97112;Grand-Bourg;;;-61.315503;15.88246
97112_cmeyup_05238;5238;;Route N204 vers Port-Louis;97112;97112;Grand-Bourg;;;-61.286397;15.911822
97112_cmeyup_05062;5062;;Route N204 vers Port-Louis;97112;97112;Grand-Bourg;;;-61.28965;15.911365
97112_f9e3d2_04513;4513;;Route de Beaufils;97112;97112;Grand-Bourg;;;-61.274198;15.906209
97112_7avmtj_00165;165;;Chemin Céleste;97112;97112;Grand-Bourg;;;-61.299494;15.906677
97112_0121_00024;24;;Avenue Marcel Etzol;97112;97112;Grand-Bourg;;;-61.313567;15.88121
97112_1b8ltr_00002;2;;Boulevard de la Caraibe;97112;97112;Grand-Bourg;;;-61.315867;15.881422
97112_0096_00020;20;;Rue du Fort;97112;97112;Grand-Bourg;;;-61.316087;15.881793
97112_0210_00018;18;;Rue Henry Rinaldo;97112;97112;Grand-Bourg;;;-61.318123;15.885533
97112_0080_00640;640;;Chemin de l'Étang Jonc;97112;97112;Grand-Bourg;;;-61.283777;15.920407
97112_0214_00012;12;;Rue Charles PORTECOP;97112;97112;Grand-Bourg;;;-61.314025;15.884186
97112_e2301p_00720;720;;Route de Bielle;97112;97112;Grand-Bourg;;;-61.268898;15.913462
97112_g5vfst_03856;3856;;Route N203 vers Capesterre;97112;97112;Grand-Bourg;;;-61.276845;15.869672
97112_0141_00001;1;;Rue Joli Coeur;97112;97112;Grand-Bourg;;;-61.317417;15.885816
97112_0i8qps_01635;1635;;Route de LaTreille;97112;97112;Grand-Bourg;;;-61.306386;15.898631
97112_gw1i5u_02490;2490;;Route Nationale N9;97112;97112;Grand-Bourg;;;-61.326398;15.906272
97112_0080_02055;2055;;Chemin de l'Étang Jonc;97112;97112;Grand-Bourg;;;-61.293586;15.92286
97112_4i24e7_00569;569;;Route de Morne Rouge;97112;97112;Grand-Bourg;;;-61.300737;15.883871
97112_teaya6_00104;104;;Chemin Fleur de Canne;97112;97112;Grand-Bourg;;;-61.315651;15.914109
97112_0i8qps_00872;872;;Route de LaTreille;97112;97112;Grand-Bourg;;;-61.310997;15.89361
97112_g5vfst_02824;2824;;Route N203 vers Capesterre;97112;97112;Grand-Bourg;;;-61.286389;15.870952
97112_0221_00003;3;;Rue Sony Rupaire;97112;97112;Grand-Bourg;;;-61.316511;15.887054
97112_uerzzn_00143;143;;Route de Petite Banane;97112;97112;Grand-Bourg;;;-61.31457;15.925131
97112_gw1i5u_00832;832;;Route Nationale N9;97112;97112;Grand-Bourg;;;-61.319279;15.8932
97112_xvywep_00277;277;;Chemin du moulin quatrième Portel;97112;97112;Grand-Bourg;;;-61.304397;15.910139
97112_zkvspv_00895;895;;Route de Bambara;97112;97112;Grand-Bourg;;;-61.306996;15.884964
97112_g5vfst_00171;171;;Route N203 vers Capesterre;97112;97112;Grand-Bourg;;;-61.308894;15.879574
97112_c7abqg_00037;37;;Avenue Patrice TIROLIEN;97112;97112;Grand-Bourg;;;-61.313688;15.883908
97112_0146_00001;1;;Rue Flamboyant;97112;97112;Grand-Bourg;;;-61.313513;15.885524
97112_y80k6x_07653;7653;;Route Nationale N9 STL - CPT;97112;97112;Grand-Bourg;;;-61.255616;15.904162
97112_gw1i5u_05759;5759;;Route Nationale N9;97112;97112;Grand-Bourg;;;-61.317098;15.926276
97112_cmeyup_06033;6033;;Route N204 vers Port-Louis;97112;97112;Grand-Bourg;;;-61.285596;15.906489
97112_52us24_00005;5;;Rue Toussaint-Louverture;97112;97112;Grand-Bourg;;;-61.314549;15.88311
97112_ndaajn_00001;1;;Rue Octave GAREL;97112;97112;Grand-Bourg;;;-61.31798;15.884641
97112_0303_00047;47;;Rue Mulatresse Solitude;97112;97112;Grand-Bourg;;;-61.31241;15.887123
97112_su2fwx_00014;14;;Chemin Coulée Oubliée;97112;97112;Grand-Bourg;;;-61.287951;15.895635
97112_0i8qps_02487;2487;;Route de LaTreille;97112;97112;Grand-Bourg;;;-61.301993;15.90433
97112_05tb0n_00012;12;;Rue Joseph IGNACE;97112;97112;Grand-Bourg;;;-61.31128;15.88478
97112_g5vfst_00024;24;;Route N203 vers Capesterre;97112;97112;Grand-Bourg;;;-61.310218;15.879977
97112_4sxdra_01364;1364;;Route de Thibault;97112;97112;Grand-Bourg;;;-61.264484;15.880377
97112_0002_00008;8;;Allee Poirier;97112;97112;Grand-Bourg;;;-61.315028;15.884373
97112_f9e3d2_04306;4306;;Route de Beaufils;97112;97112;Grand-Bourg;;;-61.274845;15.90402
97112_g5vfst_01435;1435;;Route N203 vers Capesterre;97112;97112;Grand-Bourg;;;-61.298813;15.874525
97112_gw1i5u_06808;6808;;Route Nationale N9;97112;97112;Grand-Bourg;;;-61.312689;15.932645
97112_1b8ltr_00010;10;;Boulevard de la Caraibe;97112;97112;Grand-Bourg;;;-61.310594;15.879808
97112_rh7aqe_00401;401;;Chemin de L'école;97112;97112;Grand-Bourg;;;-61.279355;15.906596
97112_g5vfst_00518;518;;Route N203 vers Capesterre;97112;97112;Grand-Bourg;;;-61.306123;15.878104
97112_y80k6x_03486;3486;;Route Nationale N9 STL - CPT;97112;97112;Grand-Bourg;;;-61.287285;15.89865
97112_cmeyup_04020;4020;;Route N204 vers Port-Louis;97112;97112;Grand-Bourg;;;-61.295964;15.909722
97112_odyy2d_00015;15;;Rue du Docteur Marcel ETZOL;97112;97112;Grand-Bourg;;;-61.315459;15.881964
97112_gw1i5u_00054;54;;Route Nationale N9;97112;97112;Grand-Bourg;;;-61.315496;15.88748
97112_7avmtj_00082;82;;Chemin Céleste;97112;97112;Grand-Bourg;;;-61.299964;15.906071
97112_0i8qps_00319;319;;Route de LaTreille;97112;97112;Grand-Bourg;;;-61.313786;15.889477
97112_y80k6x_00876;876;;Route Nationale N9 STL - CPT;97112;97112;Grand-Bourg;;;-61.305904;15.885996
97112_0017_00029;29;;Rue du Docteur Felix Selbonne;97112;97112;Grand-Bourg;;;-61.315638;15.883714
97112_c7abqg_00014;14;;Avenue Patrice TIROLIEN;97112;97112;Grand-Bourg;;;-61.313664;15.883309
97112_f9e3d2_00352;352;;Route de Beaufils;97112;97112;Grand-Bourg;;;-61.284704;15.873812
97112_g5vfst_00399;399;;Route N203 vers Capesterre;97112;97112;Grand-Bourg;;;-61.306908;15.878852
97112_cxrgxr_01466;1466;;Chemin de la mare Toubois;97112;97112;Grand-Bourg;;;-61.258896;15.894438
97112_0i8qps_01926;1926;;Route de LaTreille;97112;97112;Grand-Bourg;;;-61.304573;15.900287
97112_y80k6x_00730;730;;Route Nationale N9 STL - CPT;97112;97112;Grand-Bourg;;;-61.305823;15.884672
97112_0146_00005;5;;Rue Flamboyant;97112;97112;Grand-Bourg;;;-61.313417;15.8857
97112_0056_00006;6;;Rue du Commandant Mortenol;97112;97112;Grand-Bourg;;;-61.314805;15.882651
97112_0133_00024;24;;Rue Alonzo;97112;97112;Grand-Bourg;;;-61.313942;15.886162
97112_8evxbs_00120;120;;Chemin des arbres à pain;97112;97112;Grand-Bourg;;;-61.307424;15.882079
97112_0272_00012;12;;Rue du Vieil Arbre;97112;97112;Grand-Bourg;;;-61.314339;15.881135
97112_jecipl_00181;181;;Chemin des crabes sémafot;97112;97112;Grand-Bourg;;;-61.320637;15.892522
97112_0212_00009;9;;Rue Hubert Rousseau;97112;97112;Grand-Bourg;;;-61.31889;15.885093
97112_y80k6x_03628;3628;;Route Nationale N9 STL - CPT;97112;97112;Grand-Bourg;;;-61.286342;15.899334
97112_g5vfst_00283;283;;Route N203 vers Capesterre;97112;97112;Grand-Bourg;;;-61.307931;15.879211
97112_0217_00072;72;;Avenue Sabliers Joinville;97112;97112;Grand-Bourg;;;-61.311025;15.880285
97112_0210_00026;26;;Rue Henry Rinaldo;97112;97112;Grand-Bourg;;;-61.31855;15.884808
97112_rwz44x_00580;580;;Chemin Pannyon;97112;97112;Grand-Bourg;;;-61.26323;15.897187
97112_0205_00033;33;;Rue Francois Antenor Habazac;97112;97112;Grand-Bourg;;;-61.315576;15.885986
97112_pm12jy_00792;792;;Route Ravine David;97112;97112;Grand-Bourg;;;-61.321982;15.907155
97112_qttlxt_00422;422;;Chemin de la Bruyère;97112;97112;Grand-Bourg;;;-61.309617;15.936669
97112_r9e5ut_00662;662;;Route de Buckingham;97112;97112;Grand-Bourg;;;-61.320457;15.905609
97112_0i8qps_02015;2015;;Route de LaTreille;97112;97112;Grand-Bourg;;;-61.304259;15.901109
97112_0208_00007;7;;Rue de la République;97112;97112;Grand-Bourg;;;-61.315372;15.881631
97112_0201_00028;28;;Rue Saint John Perse;97112;97112;Grand-Bourg;;;-61.316245;15.886333
97112_4i24e7_00172;172;;Route de Morne Rouge;97112;97112;Grand-Bourg;;;-61.304647;15.883296
97112_0135_00007;7;;Rue Furcie Tirolien;97112;97112;Grand-Bourg;;;-61.315957;15.881998
97112_0202_00006;6;;Rue GAYOTTE;97112;97112;Grand-Bourg;;;-61.316822;15.886169
97112_4sxdra_00862;862;;Route de Thibault;97112;97112;Grand-Bourg;;;-61.265841;15.87616
97112_0041_00004;4;;Rue des Freres Brisacier;97112;97112;Grand-Bourg;;;-61.319359;15.884845
97112_0144_00004;4;;Rue de la Liberté;97112;97112;Grand-Bourg;;;-61.316433;15.883373
97112_cmeyup_01606;1606;;Route N204 vers Port-Louis;97112;97112;Grand-Bourg;;;-61.313869;15.912966
97112_0065_00004;4;;Avenue Delgres;97112;97112;Grand-Bourg;;;-61.314613;15.887147
97112_22fx0i_00216;216;;Chemin Tras Tibonm;97112;97112;Grand-Bourg;;;-61.252022;15.895151
97112_y80k6x_00443;443;;Route Nationale N9 STL - CPT;97112;97112;Grand-Bourg;;;-61.307885;15.883174
97112_gp4zlx_00516;516;;Route de Saint-Marc;97112;97112;Grand-Bourg;;;-61.271682;15.909207
97112_d9jzdl_01835;1835;;Route de Vanniers;97112;97112;Grand-Bourg;;;-61.279891;15.922894
97112_r9e5ut_00181;181;;Route de Buckingham;97112;97112;Grand-Bourg;;;-61.324483;15.905167
97112_4sxdra_01473;1473;;Route de Thibault;97112;97112;Grand-Bourg;;;-61.264069;15.881255
97112_y80k6x_06694;6694;;Route Nationale N9 STL - CPT;97112;97112;Grand-Bourg;;;-61.263431;15.906931
97112_76q0wq_00001;1;;Chemin Laman;97112;97112;Grand-Bourg;;;-61.279662;15.925935
97112_y80k6x_00421;421;;Route Nationale N9 STL - CPT;97112;97112;Grand-Bourg;;;-61.308062;15.883017
97112_0272_00042;42;;Rue du Vieil Arbre;97112;97112;Grand-Bourg;;;-61.313224;15.880707
97112_4sxdra_02209;2209;;Route de Thibault;97112;97112;Grand-Bourg;;;-61.259414;15.884683
97112_r9e5ut_01733;1733;;Route de Buckingham;97112;97112;Grand-Bourg;;;-61.312583;15.907413
97112_no4cu3_00240;240;;Chemin Calebasse;97112;97112;Grand-Bourg;;;-61.316484;15.924217
97112_gw1i5u_00586;586;;Route Nationale N9;97112;97112;Grand-Bourg;;;-61.318403;15.891266
97112_b3jtj2_00253;253;;Chemin Hérisson;97112;97112;Grand-Bourg;;;-61.272916;15.902556
97112_0135_00002;2;;Rue Furcie Tirolien;97112;97112;Grand-Bourg;;;-61.31585;15.881902
97112_0017_00023;23;;Rue du Docteur Felix Selbonne;97112;97112;Grand-Bourg;;;-61.315711;15.883576
97112_8e15hd_00133;133;;Route Michel JOSEPHINE;97112;97112;Grand-Bourg;;;-61.298948;15.892964
97112_v1swfp_01208;1208;;Route de Moringlane;97112;97112;Grand-Bourg;;;-61.303669;15.924931
97112_pm12jy_00888;888;;Route Ravine David;97112;97112;Grand-Bourg;;;-61.320886;15.907003
97112_pyw5rp_01784;1784;;Route de Morne Lalane;97112;97112;Grand-Bourg;;;-61.274119;15.881446
97112_f30531_00870;870;;Route de Folle-Anse;97112;97112;Grand-Bourg;;;-61.333563;15.924001
97112_05j9q3_01959;1959;;L'Hermitage;97112;97112;Grand-Bourg;;;-61.299672;15.891626
97112_0017_00046;46;;Rue du Docteur Felix Selbonne;97112;97112;Grand-Bourg;;;-61.315585;15.883533
97112_0212_00011;11;;Rue Hubert Rousseau;97112;97112;Grand-Bourg;;;-61.318645;15.885506
97112_0144_00015;15;;Rue de la Liberté;97112;97112;Grand-Bourg;;;-61.31672;15.883226
97112_0080_02035;2035;;Chemin de l'Étang Jonc;97112;97112;Grand-Bourg;;;-61.293475;15.923074
97112_0210_00019;19;;Rue Henry Rinaldo;97112;97112;Grand-Bourg;;;-61.318379;15.884408
97112_siykho_00195;195;;Chemin de la Cible;97112;97112;Grand-Bourg;;;-61.3185;15.887956
97112_pyw5rp_01584;1584;;Route de Morne Lalane;97112;97112;Grand-Bourg;;;-61.275236;15.880107
97112_0144_00025;25;;Rue de la Liberté;97112;97112;Grand-Bourg;;;-61.317045;15.883432
97112_0096_00008;8;;Rue du Fort;97112;97112;Grand-Bourg;;;-61.316651;15.882148
97112_0211_00006;6;;Rue Gilbert CHAMBERTRAND;97112;97112;Grand-Bourg;;;-61.317733;15.886568
97112_mrv1lu_00001;1;;Route René GLORIEUX;97112;97112;Grand-Bourg;;;-61.298868;15.894302
97112_0080_00248;248;;Chemin de l'Étang Jonc;97112;97112;Grand-Bourg;;;-61.280537;15.918807
97112_c7abqg_00013;13;;Avenue Patrice TIROLIEN;97112;97112;Grand-Bourg;;;-61.314614;15.881949
97112_cmeyup_01622;1622;;Route N204 vers Port-Louis;97112;97112;Grand-Bourg;;;-61.313708;15.912966
97112_e2301p_00151;151;;Route de Bielle;97112;97112;Grand-Bourg;;;-61.273049;15.911036
97112_1b8ltr_00029;29;;Boulevard de la Caraibe;97112;97112;Grand-Bourg;;;-61.314829;15.881021
97112_0301_00003;3;;Rue Frantz Fanon;97112;97112;Grand-Bourg;;;-61.312155;15.887319
97112_tn00tz_00436;436;;Route du Charron;97112;97112;Grand-Bourg;;;-61.280335;15.899063
97112_qttlxt_00001;1;;Chemin de la Bruyère;97112;97112;Grand-Bourg;;;-61.312289;15.93495
97112_0133_00001;1;;Rue Alonzo;97112;97112;Grand-Bourg;;;-61.314615;15.886516
97112_siykho_00090;90;;Chemin de la Cible;97112;97112;Grand-Bourg;;;-61.31782;15.888621
97112_0135_00004;4;;Rue Furcie Tirolien;97112;97112;Grand-Bourg;;;-61.315802;15.881984
97112_o0c4pu_00023;23;;Route de Boisneuf;97112;97112;Grand-Bourg;;;-61.278861;15.919549
97112_gw1i5u_03336;3336;;Route Nationale N9;97112;97112;Grand-Bourg;;;-61.328648;15.913471
97112_0121_00020;20;;Avenue Marcel Etzol;97112;97112;Grand-Bourg;;;-61.313402;15.881129
97112_cmeyup_05284;5284;;Route N204 vers Port-Louis;97112;97112;Grand-Bourg;;;-61.285967;15.911577
97112_d9jzdl_01545;1545;;Route de Vanniers;97112;97112;Grand-Bourg;;;-61.279458;15.920252
97112_0002_00022;22;;Allee Poirier;97112;97112;Grand-Bourg;;;-61.314787;15.885091
97112_1b8ltr_00035;35;;Boulevard de la Caraibe;97112;97112;Grand-Bourg;;;-61.314665;15.880938
97112_gp4zlx_00551;551;;Route de Saint-Marc;97112;97112;Grand-Bourg;;;-61.271379;15.909219
97112_0212_00015;15;;Rue Hubert Rousseau;97112;97112;Grand-Bourg;;;-61.318357;15.885967
97112_cmeyup_05505;5505;;Route N204 vers Port-Louis;97112;97112;Grand-Bourg;;;-61.284101;15.911857
97112_0303_00023;23;;Rue Mulatresse Solitude;97112;97112;Grand-Bourg;;;-61.313562;15.887692
97112_cmeyup_04188;4188;;Route N204 vers Port-Louis;97112;97112;Grand-Bourg;;;-61.29518;15.911073
97112_0017_00009;9;;Rue du Docteur Felix Selbonne;97112;97112;Grand-Bourg;;;-61.316089;15.882906
97112_gam7cw_00001;1;;Chemin Maïbois;97112;97112;Grand-Bourg;;;-61.274845;15.881728
97112_9gfr6p_00057;57;;Chemin Murato;97112;97112;Grand-Bourg;;;-61.302878;15.875743
97112_g5vfst_02859;2859;;Route N203 vers Capesterre;97112;97112;Grand-Bourg;;;-61.286071;15.871017
97112_tt4e92_00018;18;;Rue Beaurenon;97112;97112;Grand-Bourg;;;-61.315535;15.882665
97112_0212_00007;7;;Rue Hubert Rousseau;97112;97112;Grand-Bourg;;;-61.318965;15.884979
97112_o0c4pu_00249;249;;Route de Boisneuf;97112;97112;Grand-Bourg;;;-61.276968;15.918688
97112_pyw5rp_01408;1408;;Route de Morne Lalane;97112;97112;Grand-Bourg;;;-61.275988;15.878658
97112_0i8qps_01637;1637;;Route de LaTreille;97112;97112;Grand-Bourg;;;-61.306523;15.898774
97112_c7abqg_00047;47;;Avenue Patrice TIROLIEN;97112;97112;Grand-Bourg;;;-61.313059;15.885123
97112_95we8v_00018;18;;Chemin Prèmyé JERNIVAL;97112;97112;Grand-Bourg;;;-61.279413;15.912012
97112_odyy2d_00017;17;;Rue du Docteur Marcel ETZOL;97112;97112;Grand-Bourg;;;-61.315503;15.881991
97112_g5vfst_02821;2821;;Route N203 vers Capesterre;97112;97112;Grand-Bourg;;;-61.286425;15.871086
97112_0065_00003;3;;Avenue Delgres;97112;97112;Grand-Bourg;;;-61.314572;15.887319
97112_0303_00043;43;;Rue Mulatresse Solitude;97112;97112;Grand-Bourg;;;-61.312603;15.887211
97112_ofyk7p_00325;325;;Route Pointe de Folle Anse;97112;97112;Grand-Bourg;;;-61.336096;15.940616
97112_4i24e7_00269;269;;Route de Morne Rouge;97112;97112;Grand-Bourg;;;-61.303485;15.884317
97112_g5vfst_04046;4046;;Route N203 vers Capesterre;97112;97112;Grand-Bourg;;;-61.275047;15.869392
97112_0121_00010;10;;Avenue Marcel Etzol;97112;97112;Grand-Bourg;;;-61.312983;15.880936
97112_69lpf3_00008;8;;Rue RABOT-SAGET;97112;97112;Grand-Bourg;;;-61.317847;15.884325
97112_95we8v_00450;450;;Chemin Prèmyé JERNIVAL;97112;97112;Grand-Bourg;;;-61.277349;15.915254
97112_95we8v_00430;430;;Chemin Prèmyé JERNIVAL;97112;97112;Grand-Bourg;;;-61.277434;15.915068
97112_c7abqg_00043;43;;Avenue Patrice TIROLIEN;97112;97112;Grand-Bourg;;;-61.313445;15.884432
97112_0145_00006;6;;Rue Hibiscus;97112;97112;Grand-Bourg;;;-61.313948;15.88562
97112_7avmtj_00152;152;;Chemin Céleste;97112;97112;Grand-Bourg;;;-61.299526;15.906545
97112_tmpfck_00045;45;;Chemin Boustabak;97112;97112;Grand-Bourg;;;-61.31159;15.892174
97112_cmeyup_03154;3154;;Route N204 vers Port-Louis;97112;97112;Grand-Bourg;;;-61.302067;15.910769
97112_odyy2d_00027;27;;Rue du Docteur Marcel ETZOL;97112;97112;Grand-Bourg;;;-61.31601;15.882247
97112_4i24e7_01456;1456;;Route de Morne Rouge;97112;97112;Grand-Bourg;;;-61.294562;15.88874
97112_0017_00006;6;;Rue du Docteur Felix Selbonne;97112;97112;Grand-Bourg;;;-61.316381;15.882192
97112_g0nv9l_01690;1690;;Route de la Source;97112;97112;Grand-Bourg;;;-61.285408;15.873801
97112_cmeyup_04285;4285;;Route N204 vers Port-Louis;97112;97112;Grand-Bourg;;;-61.294466;15.911596
97112_0205_00015;15;;Rue Francois Antenor Habazac;97112;97112;Grand-Bourg;;;-61.316111;15.884854
97112_siykho_00130;130;;Chemin de la Cible;97112;97112;Grand-Bourg;;;-61.318444;15.888851
97112_e2301p_00001;1;;Route de Bielle;97112;97112;Grand-Bourg;;;-61.273244;15.909707
97112_0i8qps_00280;280;;Route de LaTreille;97112;97112;Grand-Bourg;;;-61.31389;15.889159
97112_qhhqw7_00885;885;;Chemin du Frangipanier;97112;97112;Grand-Bourg;;;-61.287186;15.891132
97112_0303_00027;27;;Rue Mulatresse Solitude;97112;97112;Grand-Bourg;;;-61.313336;15.887585
97112_0080_01485;1485;;Chemin de l'Étang Jonc;97112;97112;Grand-Bourg;;;-61.289163;15.922694
97112_d9jzdl_01215;1215;;Route de Vanniers;97112;97112;Grand-Bourg;;;-61.279448;15.917474
97112_g5vfst_04044;4044;;Route N203 vers Capesterre;97112;97112;Grand-Bourg;;;-61.275158;15.869558
97112_cmeyup_04146;4146;;Route N204 vers Port-Louis;97112;97112;Grand-Bourg;;;-61.295399;15.910747
97112_05tb0n_00026;26;;Rue Joseph IGNACE;97112;97112;Grand-Bourg;;;-61.311068;15.885697
97112_0071_00006;6;;Place de l'Eglise;97112;97112;Grand-Bourg;;;-61.315014;15.883034
97112_p03avt_00346;346;;Route Lamy;97112;97112;Grand-Bourg;;;-61.314668;15.89383
97112_g5vfst_04025;4025;;Route N203 vers Capesterre;97112;97112;Grand-Bourg;;;-61.27526;15.869808
97112_0212_00021;21;;Rue Hubert Rousseau;97112;97112;Grand-Bourg;;;-61.318048;15.886643
97112_qftviv_00126;126;;Chemin Valsaint;97112;97112;Grand-Bourg;;;-61.310924;15.914433
97112_y80k6x_01330;1330;;Route Nationale N9 STL - CPT;97112;97112;Grand-Bourg;;;-61.304013;15.889544
97112_4i24e7_00467;467;;Route de Morne Rouge;97112;97112;Grand-Bourg;;;-61.301708;15.883867
97112_hl50nl_00158;158;;Chemin de Sophie;97112;97112;Grand-Bourg;;;-61.300232;15.894149
97112_0133_00011;11;;Rue Alonzo;97112;97112;Grand-Bourg;;;-61.314062;15.886406
97112_f9e3d2_04394;4394;;Route de Beaufils;97112;97112;Grand-Bourg;;;-61.274553;15.90521
97112_0206_00003;3;;Rue Pierre LEROY;97112;97112;Grand-Bourg;;;-61.316801;15.88285
97112_r9e5ut_00946;946;;Route de Buckingham;97112;97112;Grand-Bourg;;;-61.318476;15.907185
97112_d9jzdl_02518;2518;;Route de Vanniers;97112;97112;Grand-Bourg;;;-61.279543;15.92889
97112_y80k6x_02721;2721;;Route Nationale N9 STL - CPT;97112;97112;Grand-Bourg;;;-61.293662;15.897505
97112_g5vfst_03314;3314;;Route N203 vers Capesterre;97112;97112;Grand-Bourg;;;-61.281863;15.870218
97112_gw1i5u_00001;1;;Route Nationale N9;97112;97112;Grand-Bourg;;;-61.315349;15.887085
97112_g0nv9l_00001;1;;Route de la Source;97112;97112;Grand-Bourg;;;-61.298604;15.878587
97112_0071_00015;15;;Place de l'Eglise;97112;97112;Grand-Bourg;;;-61.31514;15.883648
97112_gw1i5u_03587;3587;;Route Nationale N9;97112;97112;Grand-Bourg;;;-61.329257;15.915662
97112_g5vfst_02748;2748;;Route N203 vers Capesterre;97112;97112;Grand-Bourg;;;-61.287201;15.870632
97112_v1swfp_01478;1478;;Route de Moringlane;97112;97112;Grand-Bourg;;;-61.304483;15.922929
97112_gw1i5u_06612;6612;;Route Nationale N9;97112;97112;Grand-Bourg;;;-61.309117;15.931873
97112_pyw5rp_01812;1812;;Route de Morne Lalane;97112;97112;Grand-Bourg;;;-61.27394;15.881601
97112_d9jzdl_00725;725;;Route de Vanniers;97112;97112;Grand-Bourg;;;-61.279767;15.913183
97112_7avmtj_00042;42;;Chemin Céleste;97112;97112;Grand-Bourg;;;-61.300201;15.905838
97112_tttrhi_00001;1;;Chemin du moulin de Saint-Michel;97112;97112;Grand-Bourg;;;-61.272497;15.882554
97112_0080_00819;819;;Chemin de l'Étang Jonc;97112;97112;Grand-Bourg;;;-61.285248;15.921015
97112_v1swfp_01284;1284;;Route de Moringlane;97112;97112;Grand-Bourg;;;-61.303708;15.924288
97112_f30531_00422;422;;Route de Folle-Anse;97112;97112;Grand-Bourg;;;-61.332177;15.920259
97112_rwz44x_00001;1;;Chemin Pannyon;97112;97112;Grand-Bourg;;;-61.26745;15.899444
97112_0040_00003;3;;Passage des Braves;97112;97112;Grand-Bourg;;;-61.316829;15.88495
97112_0040_00019;19;;Passage des Braves;97112;97112;Grand-Bourg;;;-61.316322;15.884695
97112_4i24e7_01969;1969;;Route de Morne Rouge;97112;97112;Grand-Bourg;;;-61.292053;15.892512
97112_y80k6x_01980;1980;;Route Nationale N9 STL - CPT;97112;97112;Grand-Bourg;;;-61.30022;15.892967
97112_0204_00004;4;;Rue Daniel TALY;97112;97112;Grand-Bourg;;;-61.31785;15.884797
97112_a240_00022;22;;Lot les Hauts de Beaufils;97112;97112;Grand-Bourg;;;-61.285334;15.878263
97112_gw1i5u_05959;5959;;Route Nationale N9;97112;97112;Grand-Bourg;;;-61.315282;15.92671
97112_0065_00036;36;;Avenue Delgres;97112;97112;Grand-Bourg;;;-61.311708;15.885496
97112_0040_00043;43;;Passage des Braves;97112;97112;Grand-Bourg;;;-61.314407;15.884023
97112_28h59g_00034;34;;Chemin man Félicien;97112;97112;Grand-Bourg;;;-61.283472;15.905732
97112_0002_00030;30;;Allee Poirier;97112;97112;Grand-Bourg;;;-61.31509;15.886149
97112_9d9e8z_00430;430;;Chemin des Pêcheurs;97112;97112;Grand-Bourg;;;-61.302511;15.879618
97112_0217_00064;64;;Avenue Sabliers Joinville;97112;97112;Grand-Bourg;;;-61.311406;15.880414
97112_e2301p_00867;867;;Route de Bielle;97112;97112;Grand-Bourg;;;-61.268586;15.914612
97112_cmeyup_04727;4727;;Route N204 vers Port-Louis;97112;97112;Grand-Bourg;;;-61.290656;15.913148
97112_kefpy2_00072;72;;Chemin Pichelin;97112;97112;Grand-Bourg;;;-61.286906;15.901045
97112_u40fl2_00221;221;;Route des Manguiers;97112;97112;Grand-Bourg;;;-61.272676;15.905784
97112_0121_00032;32;;Avenue Marcel Etzol;97112;97112;Grand-Bourg;;;-61.313957;15.881397
97112_f30531_00526;526;;Route de Folle-Anse;97112;97112;Grand-Bourg;;;-61.332679;15.921073
97112_odyy2d_00035;35;;Rue du Docteur Marcel ETZOL;97112;97112;Grand-Bourg;;;-61.3162;15.882362
97112_0i8qps_02481;2481;;Route de LaTreille;97112;97112;Grand-Bourg;;;-61.301511;15.904246
97112_0121_00034;34;;Avenue Marcel Etzol;97112;97112;Grand-Bourg;;;-61.314027;15.88143
97112_d9jzdl_01574;1574;;Route de Vanniers;97112;97112;Grand-Bourg;;;-61.27974;15.920647
97112_sv0tjd_01682;1682;;Chemin de Beauregard;97112;97112;Grand-Bourg;;;-61.253548;15.896815
97112_r9e5ut_01060;1060;;Route de Buckingham;97112;97112;Grand-Bourg;;;-61.317769;15.907169
97112_7chq57_00360;360;;Chemin des Racoons;97112;97112;Grand-Bourg;;;-61.277449;15.922277
97112_0065_00019;19;;Avenue Delgres;97112;97112;Grand-Bourg;;;-61.312354;15.886215
97112_teaya6_00324;324;;Chemin Fleur de Canne;97112;97112;Grand-Bourg;;;-61.315919;15.914899
97112_pyw5rp_02151;2151;;Route de Morne Lalane;97112;97112;Grand-Bourg;;;-61.271397;15.883407
97112_g5vfst_01930;1930;;Route N203 vers Capesterre;97112;97112;Grand-Bourg;;;-61.294349;15.873462
97112_0008_00008;8;;Chemin Communal 4 Dit de Beaufils;97112;97112;Grand-Bourg;;;-61.2845;15.87744
97112_cmeyup_02124;2124;;Route N204 vers Port-Louis;97112;97112;Grand-Bourg;;;-61.309372;15.914696
97112_f9e3d2_04315;4315;;Route de Beaufils;97112;97112;Grand-Bourg;;;-61.274782;15.904587
97112_0080_01415;1415;;Chemin de l'Étang Jonc;97112;97112;Grand-Bourg;;;-61.288552;15.9225
97112_0217_00046;46;;Avenue Sabliers Joinville;97112;97112;Grand-Bourg;;;-61.312146;15.880722
97112_0133_00047;47;;Rue Alonzo;97112;97112;Grand-Bourg;;;-61.311622;15.885168
97112_ndaajn_00002;2;;Rue Octave GAREL;97112;97112;Grand-Bourg;;;-61.317977;15.884418
97112_no4cu3_00061;61;;Chemin Calebasse;97112;97112;Grand-Bourg;;;-61.317056;15.925713
97112_0080_01643;1643;;Chemin de l'Étang Jonc;97112;97112;Grand-Bourg;;;-61.290694;15.922956
97112_e2301p_01192;1192;;Route de Bielle;97112;97112;Grand-Bourg;;;-61.266889;15.916708
97112_qhhqw7_00564;564;;Chemin du Frangipanier;97112;97112;Grand-Bourg;;;-61.287843;15.893287
97112_u40fl2_00176;176;;Route des Manguiers;97112;97112;Grand-Bourg;;;-61.272995;15.906076
97112_tmpfck_00281;281;;Chemin Boustabak;97112;97112;Grand-Bourg;;;-61.309818;15.890867
97112_tt4e92_00036;36;;Rue Beaurenon;97112;97112;Grand-Bourg;;;-61.314719;15.882176
97112_05j9q3_01952;1952;;L'Hermitage;97112;97112;Grand-Bourg;;;-61.299715;15.890688
97112_y80k6x_00183;183;;Route Nationale N9 STL - CPT;97112;97112;Grand-Bourg;;;-61.309633;15.881549
97112_g5vfst_00425;425;;Route N203 vers Capesterre;97112;97112;Grand-Bourg;;;-61.30668;15.878776
97112_g5vfst_00531;531;;Route N203 vers Capesterre;97112;97112;Grand-Bourg;;;-61.305944;15.87806
97112_1b8ltr_00005;5;;Boulevard de la Caraibe;97112;97112;Grand-Bourg;;;-61.31579;15.881545
97112_y80k6x_02830;2830;;Route Nationale N9 STL - CPT;97112;97112;Grand-Bourg;;;-61.29305;15.89708
97112_v1swfp_00185;185;;Route de Moringlane;97112;97112;Grand-Bourg;;;-61.311031;15.928727
97112_tt4e92_00013;13;;Rue Beaurenon;97112;97112;Grand-Bourg;;;-61.315159;15.882569
97112_cmeyup_03798;3798;;Route N204 vers Port-Louis;97112;97112;Grand-Bourg;;;-61.297612;15.9086
97112_g5vfst_00093;93;;Route N203 vers Capesterre;97112;97112;Grand-Bourg;;;-61.309599;15.879839
97112_v1swfp_00645;645;;Route de Moringlane;97112;97112;Grand-Bourg;;;-61.306823;15.928229
97112_0201_00008;8;;Rue Saint John Perse;97112;97112;Grand-Bourg;;;-61.317455;15.887021
97112_c7abqg_00021;21;;Avenue Patrice TIROLIEN;97112;97112;Grand-Bourg;;;-61.314253;15.882697
97112_edhfqx_00951;951;;Route de Murat;97112;97112;Grand-Bourg;;;-61.300204;15.882486
97112_0i8qps_02062;2062;;Route de LaTreille;97112;97112;Grand-Bourg;;;-61.30397;15.901436
97112_rh7aqe_00280;280;;Chemin de L'école;97112;97112;Grand-Bourg;;;-61.279825;15.907017
97112_0201_00020;20;;Rue Saint John Perse;97112;97112;Grand-Bourg;;;-61.316552;15.886297
97112_zkvspv_00463;463;;Route de Bambara;97112;97112;Grand-Bourg;;;-61.310035;15.887432
97112_4sxdra_01706;1706;;Route de Thibault;97112;97112;Grand-Bourg;;;-61.261942;15.881582
97112_a240_00003;3;;Lot les Hauts de Beaufils;97112;97112;Grand-Bourg;;;-61.286189;15.87758
97112_xxj2vw_00099;99;;Chemin des Pincolas;97112;97112;Grand-Bourg;;;-61.301576;15.891555
97112_r9e5ut_01361;1361;;Route de Buckingham;97112;97112;Grand-Bourg;;;-61.315642;15.90929
97112_0205_00025;25;;Rue Francois Antenor Habazac;97112;97112;Grand-Bourg;;;-61.315954;15.885164
97112_g5vfst_00163;163;;Route N203 vers Capesterre;97112;97112;Grand-Bourg;;;-61.308977;15.879605
97112_uerzzn_00025;25;;Route de Petite Banane;97112;97112;Grand-Bourg;;;-61.314567;15.926219
97112_n2v8wm_00157;157;;Route Jadin Bo Kaz;97112;97112;Grand-Bourg;;;-61.307953;15.881195
97112_0203_00002;2;;Rue Pablo Neruda;97112;97112;Grand-Bourg;;;-61.317313;15.885982
97112_0272_00010;10;;Rue du Vieil Arbre;97112;97112;Grand-Bourg;;;-61.314399;15.881161
97112_0065_00002;2;;Avenue Delgres;97112;97112;Grand-Bourg;;;-61.314764;15.887242
97112_c7abqg_00039;39;;Avenue Patrice TIROLIEN;97112;97112;Grand-Bourg;;;-61.313611;15.884059
97112_4sxdra_00167;167;;Route de Thibault;97112;97112;Grand-Bourg;;;-61.270088;15.871552
97112_0210_00001;1;;Rue Henry Rinaldo;97112;97112;Grand-Bourg;;;-61.317167;15.886589
97112_ajvmqo_00135;135;;Chemin de Gay;97112;97112;Grand-Bourg;;;-61.312731;15.926254
97112_0040_00015;15;;Passage des Braves;97112;97112;Grand-Bourg;;;-61.316382;15.884897
97112_y80k6x_05639;5639;;Route Nationale N9 STL - CPT;97112;97112;Grand-Bourg;;;-61.27317;15.907221
97112_4sxdra_01254;1254;;Route de Thibault;97112;97112;Grand-Bourg;;;-61.264725;15.879436
97112_4sxdra_02891;2891;;Route de Thibault;97112;97112;Grand-Bourg;;;-61.256173;15.889234
97112_g5vfst_00243;243;;Route N203 vers Capesterre;97112;97112;Grand-Bourg;;;-61.308285;15.87935
97112_g5vfst_02911;2911;;Route N203 vers Capesterre;97112;97112;Grand-Bourg;;;-61.285597;15.870914
97112_0210_00008;8;;Rue Henry Rinaldo;97112;97112;Grand-Bourg;;;-61.317645;15.886396
97112_y80k6x_06616;6616;;Route Nationale N9 STL - CPT;97112;97112;Grand-Bourg;;;-61.264537;15.906646
97112_0144_00035;35;;Rue de la Liberté;97112;97112;Grand-Bourg;;;-61.317502;15.883643
97112_0065_00023;23;;Avenue Delgres;97112;97112;Grand-Bourg;;;-61.312021;15.886106
97112_0065_00028;28;;Avenue Delgres;97112;97112;Grand-Bourg;;;-61.313003;15.88627
97112_0i8qps_00277;277;;Route de LaTreille;97112;97112;Grand-Bourg;;;-61.313979;15.889175
97112_0212_00018;18;;Rue Hubert Rousseau;97112;97112;Grand-Bourg;;;-61.318085;15.88607
97112_r9e5ut_00355;355;;Route de Buckingham;97112;97112;Grand-Bourg;;;-61.32281;15.906407
97112_0080_00839;839;;Chemin de l'Étang Jonc;97112;97112;Grand-Bourg;;;-61.285722;15.920427
97112_0041_00002;2;;Rue des Freres Brisacier;97112;97112;Grand-Bourg;;;-61.319421;15.884789
97112_y80k6x_02688;2688;;Route Nationale N9 STL - CPT;97112;97112;Grand-Bourg;;;-61.294223;15.896552
97112_y80k6x_04923;4923;;Route Nationale N9 STL - CPT;97112;97112;Grand-Bourg;;;-61.279647;15.908406
97112_0201_00030;30;;Rue Saint John Perse;97112;97112;Grand-Bourg;;;-61.316108;15.886265
97112_y80k6x_04403;4403;;Route Nationale N9 STL - CPT;97112;97112;Grand-Bourg;;;-61.283611;15.906003
97112_0121_00044;44;;Avenue Marcel Etzol;97112;97112;Grand-Bourg;;;-61.314478;15.881645
97112_0208_00011;11;;Rue de la République;97112;97112;Grand-Bourg;;;-61.315286;15.881803
97112_s9xg93_00066;66;;Chemin de Pafory;97112;97112;Grand-Bourg;;;-61.309025;15.935644
97112_uerzzn_00366;366;;Route de Petite Banane;97112;97112;Grand-Bourg;;;-61.314033;15.923287
97112_cmeyup_04435;4435;;Route N204 vers Port-Louis;97112;97112;Grand-Bourg;;;-61.293202;15.912214
97112_y80k6x_00103;103;;Route Nationale N9 STL - CPT;97112;97112;Grand-Bourg;;;-61.310172;15.880999
97112_r9e5ut_03052;3052;;Route de Buckingham;97112;97112;Grand-Bourg;;;-61.304677;15.903554
97112_8e15hd_00063;63;;Route Michel JOSEPHINE;97112;97112;Grand-Bourg;;;-61.298818;15.893597
97112_0i8qps_01760;1760;;Route de LaTreille;97112;97112;Grand-Bourg;;;-61.305309;15.899014
97112_7avmtj_00202;202;;Chemin Céleste;97112;97112;Grand-Bourg;;;-61.299241;15.906917
97112_0i8qps_02464;2464;;Route de LaTreille;97112;97112;Grand-Bourg;;;-61.301495;15.903997
97112_teaya6_00402;402;;Chemin Fleur de Canne;97112;97112;Grand-Bourg;;;-61.316251;15.915389
97112_2qcudz_00089;89;;Chemin Agénor QUISOIR;97112;97112;Grand-Bourg;;;-61.314048;15.927603
97112_tn00tz_00561;561;;Route du Charron;97112;97112;Grand-Bourg;;;-61.280854;15.898526
97112_i4tg5h_00286;286;;Route de Gagneron;97112;97112;Grand-Bourg;;;-61.268745;15.909787
