id;numero;rep;nom_voie;code_postal;code_insee;nom_commune;nom_ancienne_commune;nom_ld;lon;lat
16264_0310_00002;2;;Route de l'Ancien Four;16490;16264;Pleuville;;;0.485108;46.098977
16264_0093_00001;1;;Rue des Pradelles;16490;16264;Pleuville;;;0.49044;46.091969
16264_0087_00004;4;;Route du Masdieu;16490;16264;Pleuville;;;0.509068;46.083407
16264_0020_00011;11;;Route de la Courcelle;16490;16264;Pleuville;;;0.485855;46.099904
16264_0440_00002;2;;Route de Chatain;16490;16264;Pleuville;;;0.483702;46.088863
16264_0091_00005;5;;Route de la Peranche;16490;16264;Pleuville;;;0.452633;46.091753
16264_0100_00063;63;;Rue de la Resistance;16490;16264;Pleuville;;;0.498774;46.089777
16264_0070_00002;2;;Route de la Maison Bleue;16490;16264;Pleuville;;;0.481653;46.097793
16264_0220_00001;1;;Route de la Touche;16490;16264;Pleuville;;;0.514126;46.092508
16264_0360_00005;5;;Route de Benest;16490;16264;Pleuville;;;0.492141;46.070888
16264_0100_00033;33;;Rue de la Resistance;16490;16264;Pleuville;;;0.494682;46.090599
16264_0091_00014;14;;Route de la Peranche;16490;16264;Pleuville;;;0.453755;46.091527
16264_0100_00018;18;;Rue de la Resistance;16490;16264;Pleuville;;;0.497331;46.089932
16264_0430_00005;5;;Route de Charroux;16490;16264;Pleuville;;;0.489561;46.093355
16264_0087_00007;7;;Route du Masdieu;16490;16264;Pleuville;;;0.510145;46.08307
16264_0014_00002;2;;Route de Chez Brande;16490;16264;Pleuville;;;0.475408;46.07841
16264_0100_00032;32;;Rue de la Resistance;16490;16264;Pleuville;;;0.500374;46.088825
16264_0093_00002;2;;Rue des Pradelles;16490;16264;Pleuville;;;0.490771;46.092373
16264_0020_00008;8;;Route de la Courcelle;16490;16264;Pleuville;;;0.485705;46.09947
16264_0039_00002;2;;Route des Grands Bois;16490;16264;Pleuville;;;0.495585;46.067748
16264_0100_00071;71;;Rue de la Resistance;16490;16264;Pleuville;;;0.500105;46.089357
16264_0390_00002;2;;Route de la Bussiere;16490;16264;Pleuville;;;0.480796;46.097548
16264_0016_00003;3;;Route de Confolens;16490;16264;Pleuville;;;0.50122;46.07454
16264_0087_00002;2;;Route du Masdieu;16490;16264;Pleuville;;;0.508567;46.083627
16264_0099_00001;1;;Route de Pressac;16490;16264;Pleuville;;;0.516087;46.098398
16264_0041_00001;1;;Impasse des Grands Pres;16490;16264;Pleuville;;;0.496319;46.082882
16264_0300_00001;1;;Route de l'Age Close;16490;16264;Pleuville;;;0.456485;46.092551
16264_0100_00008;8;;Rue de la Resistance;16490;16264;Pleuville;;;0.495836;46.090349
16264_0440_00005;5;;Route de Chatain;16490;16264;Pleuville;;;0.483106;46.086796
16264_0100_00001;1;;Rue de la Resistance;16490;16264;Pleuville;;;0.49163;46.092608
16264_0420_00004;4;;Chemin des Champs de la Messe;16490;16264;Pleuville;;;0.495886;46.083468
16264_0390_00004;4;;Route de la Bussiere;16490;16264;Pleuville;;;0.48043;46.096783
16264_0085_00006;6;;Rue du Maquis Raf;16490;16264;Pleuville;;;0.498772;46.091288
16264_0010_00011;11;;Rue du Chene Vert;16490;16264;Pleuville;;;0.493747;46.089717
16264_0450_00007;7;;Impasse Chemin de Vaine;16490;16264;Pleuville;;;0.484206;46.087344
16264_0100_00046;46;;Rue de la Resistance;16490;16264;Pleuville;;;0.502466;46.087784
16264_0088_00011;11;;Route de Mauprevoir;16490;16264;Pleuville;;;0.486119;46.118199
16264_0033_00003;3;;Route de Flet;16490;16264;Pleuville;;;0.506092;46.097765
16264_0088_00009;9;;Route de Mauprevoir;16490;16264;Pleuville;;;0.485951;46.117907
16264_0450_00002;2;;Impasse Chemin de Vaine;16490;16264;Pleuville;;;0.483389;46.087101
16264_0100_00009;9;;Rue de la Resistance;16490;16264;Pleuville;;;0.493118;46.091417
16264_0091_00009;9;;Route de la Peranche;16490;16264;Pleuville;;;0.452403;46.092301
16264_0035_00008;8;;Impasse de la Fontaine;16490;16264;Pleuville;;;0.455392;46.091198
16264_0088_00006;6;;Route de Mauprevoir;16490;16264;Pleuville;;;0.484732;46.124151
16264_0350_00001;1;;Route de la Baudrie;16490;16264;Pleuville;;;0.466516;46.091563
16264_0260_00002;2;;Route de Vaine;16490;16264;Pleuville;;;0.495578;46.083099
16264_0016_00006;6;;Route de Confolens;16490;16264;Pleuville;;;0.501554;46.074765
16264_0310_00004;4;;Route de l'Ancien Four;16490;16264;Pleuville;;;0.485017;46.09907
16264_0083_00003;3;;Route de Maltard;16490;16264;Pleuville;;;0.524728;46.083389
16264_0030_00001;1;;Route des Etangs;16490;16264;Pleuville;;;0.499562;46.091278
16264_0100_00015;15;;Rue de la Resistance;16490;16264;Pleuville;;;0.493624;46.091001
16264_0100_00067;67;;Rue de la Resistance;16490;16264;Pleuville;;;0.499264;46.089598
16264_0100_00048;48;;Rue de la Resistance;16490;16264;Pleuville;;;0.502755;46.087597
16264_0100_00049;49;;Rue de la Resistance;16490;16264;Pleuville;;;0.497659;46.090307
16264_0100_00024;24;;Rue de la Resistance;16490;16264;Pleuville;;;0.4982;46.089627
16264_0100_00034;34;;Rue de la Resistance;16490;16264;Pleuville;;;0.500924;46.088671
16264_0100_00038;38;;Rue de la Resistance;16490;16264;Pleuville;;;0.501589;46.088375
16264_0093_00006;6;;Rue des Pradelles;16490;16264;Pleuville;;;0.490383;46.092652
16264_0028_00001;1;;Route des Ecures;16490;16264;Pleuville;;;0.51587;46.107359
16264_0096_00001;1;;Impasse Pres Moutis;16490;16264;Pleuville;;;0.498792;46.08145
16264_0120_00003;3;;Route des Tessieres;16490;16264;Pleuville;;;0.461104;46.090623
16264_0020_00001;1;;Route de la Courcelle;16490;16264;Pleuville;;;0.48464;46.098161
16264_0100_00044;44;;Rue de la Resistance;16490;16264;Pleuville;;;0.502098;46.088002
16264_0091_00002;2;;Route de la Peranche;16490;16264;Pleuville;;;0.457251;46.100636
16264_0085_00002;2;;Rue du Maquis Raf;16490;16264;Pleuville;;;0.49725;46.090579
16264_0440_00001;1;;Route de Chatain;16490;16264;Pleuville;;;0.485312;46.089431
16264_0049_00001;1;;Chemin de la Lande;16490;16264;Pleuville;;;0.452795;46.105969
16264_0100_00017;17;;Rue de la Resistance;16490;16264;Pleuville;;;0.493711;46.090942
16264_0340_00002;2;;Route du Bois Jura;16490;16264;Pleuville;;;0.482542;46.115678
16264_0039_00006;6;;Route des Grands Bois;16490;16264;Pleuville;;;0.506154;46.059611
16264_0100_00089;89;;Rue de la Resistance;16490;16264;Pleuville;;;0.502628;46.088209
16264_0380_00003;3;;Chemin des Brandes;16490;16264;Pleuville;;;0.490155;46.071016
16264_0330_00005;5;;Route de Bel Air;16490;16264;Pleuville;;;0.497153;46.097918
16264_0440_00003;3;;Route de Chatain;16490;16264;Pleuville;;;0.484018;46.087439
16264_0093_00004;4;;Rue des Pradelles;16490;16264;Pleuville;;;0.490597;46.092504
16264_0260_00001;1;;Route de Vaine;16490;16264;Pleuville;;;0.495412;46.082876
16264_0013_00004;4;;Route de Chez Le Besson;16490;16264;Pleuville;;;0.493296;46.11635
16264_0100_00087;87;;Rue de la Resistance;16490;16264;Pleuville;;;0.502225;46.088247
16264_0091_00008;8;;Route de la Peranche;16490;16264;Pleuville;;;0.453883;46.092008
16264_0035_00001;1;;Impasse de la Fontaine;16490;16264;Pleuville;;;0.454746;46.091525
16264_0100_00083;83;;Rue de la Resistance;16490;16264;Pleuville;;;0.501691;46.088575
16264_0010_00002;2;;Rue du Chene Vert;16490;16264;Pleuville;;;0.494187;46.090448
16264_0094_00001;1;;Impasse Le Pre Ferrail;16490;16264;Pleuville;;;0.51736;46.105796
16264_0100_00010;10;;Rue de la Resistance;16490;16264;Pleuville;;;0.496401;46.090277
16264_0100_00042;42;;Rue de la Resistance;16490;16264;Pleuville;;;0.501947;46.088091
16264_0090_00002;2;;Allee de l'Orangerie;16490;16264;Pleuville;;;0.498854;46.092433
16264_0088_00010;10;;Route de Mauprevoir;16490;16264;Pleuville;;;0.485033;46.124085
16264_0035_00003;3;;Impasse de la Fontaine;16490;16264;Pleuville;;;0.455216;46.091448
16264_0450_00002_bis;2;bis;Impasse Chemin de Vaine;16490;16264;Pleuville;;;0.483518;46.087061
16264_0360_00014;14;;Route de Benest;16490;16264;Pleuville;;;0.491658;46.070839
16264_0100_00065;65;;Rue de la Resistance;16490;16264;Pleuville;;;0.499056;46.089655
16264_0100_00073;73;;Rue de la Resistance;16490;16264;Pleuville;;;0.500367;46.089242
16264_0039_00005;5;;Route des Grands Bois;16490;16264;Pleuville;;;0.501639;46.065113
16264_0260_00004;4;;Route de Vaine;16490;16264;Pleuville;;;0.494863;46.083111
16264_0100_00004;4;;Rue de la Resistance;16490;16264;Pleuville;;;0.492812;46.091354
16264_0041_00004;4;;Impasse des Grands Pres;16490;16264;Pleuville;;;0.495987;46.082506
16264_0083_00001;1;;Route de Maltard;16490;16264;Pleuville;;;0.524067;46.083333
16264_0095_00001;1;;Impasse du Pre du Parc;16490;16264;Pleuville;;;0.492222;46.070656
16264_0039_00007;7;;Route des Grands Bois;16490;16264;Pleuville;;;0.502241;46.064652
16264_0100_00006;6;;Rue de la Resistance;16490;16264;Pleuville;;;0.493102;46.091083
16264_0085_00004;4;;Rue du Maquis Raf;16490;16264;Pleuville;;;0.497718;46.090832
16264_0046_00001;1;;Impasse Kubiac;16490;16264;Pleuville;;;0.485438;46.098561
16264_0092_00004;4;;Impasse des Peux Plats;16490;16264;Pleuville;;;0.452088;46.092115
16264_0092_00001;1;;Impasse des Peux Plats;16490;16264;Pleuville;;;0.452137;46.091787
16264_0060_00003;3;;Route de Limoges;16490;16264;Pleuville;;;0.491719;46.127784
16264_0100_00027;27;;Rue de la Resistance;16490;16264;Pleuville;;;0.494349;46.090701
16264_0091_00001;1;;Route de la Peranche;16490;16264;Pleuville;;;0.454333;46.091703
16264_0100_00020;20;;Rue de la Resistance;16490;16264;Pleuville;;;0.497567;46.089865
16264_0030_00003;3;;Route des Etangs;16490;16264;Pleuville;;;0.537681;46.088212
16264_0070_00004;4;;Route de la Maison Bleue;16490;16264;Pleuville;;;0.483283;46.100369
16264_0380_00001;1;;Chemin des Brandes;16490;16264;Pleuville;;;0.490995;46.070764
16264_0100_00031;31;;Rue de la Resistance;16490;16264;Pleuville;;;0.494569;46.090637
16264_0120_00002;2;;Route des Tessieres;16490;16264;Pleuville;;;0.460391;46.093805
16264_0440_00004;4;;Route de Chatain;16490;16264;Pleuville;;;0.483009;46.087538
16264_0087_00006;6;;Route du Masdieu;16490;16264;Pleuville;;;0.509787;46.083083
16264_0060_00001;1;;Route de Limoges;16490;16264;Pleuville;;;0.491962;46.127491
16264_0360_00006;6;;Route de Benest;16490;16264;Pleuville;;;0.499019;46.080665
16264_0091_00012;12;;Route de la Peranche;16490;16264;Pleuville;;;0.454118;46.091554
16264_0390_00009;9;;Route de la Bussiere;16490;16264;Pleuville;;;0.479167;46.094954
16264_0087_00001;1;;Route du Masdieu;16490;16264;Pleuville;;;0.508098;46.083635
16264_0310_00008;8;;Route de l'Ancien Four;16490;16264;Pleuville;;;0.484702;46.099068
16264_0430_00004;4;;Route de Charroux;16490;16264;Pleuville;;;0.484437;46.096711
16264_0120_00004;4;;Route des Tessieres;16490;16264;Pleuville;;;0.461014;46.090153
16264_0089_00001;1;;Route de Montoux;16490;16264;Pleuville;;;0.4731;46.093116
16264_0390_00001;1;;Route de la Bussiere;16490;16264;Pleuville;;;0.481217;46.097125
16264_0020_00004;4;;Route de la Courcelle;16490;16264;Pleuville;;;0.484929;46.098082
16264_0200_00008;8;;Rue des Tilleuls;16490;16264;Pleuville;;;0.494908;46.08992
16264_0033_00004;4;;Route de Flet;16490;16264;Pleuville;;;0.506723;46.09813
16264_0088_00002;2;;Route de Mauprevoir;16490;16264;Pleuville;;;0.490117;46.098467
16264_0300_00002;2;;Route de l'Age Close;16490;16264;Pleuville;;;0.457611;46.092121
16264_0100_00057;57;;Rue de la Resistance;16490;16264;Pleuville;;;0.498219;46.09006
16264_0360_00004;4;;Route de Benest;16490;16264;Pleuville;;;0.499015;46.080927
16264_0100_00091;91;;Rue de la Resistance;16490;16264;Pleuville;;;0.502845;46.087907
16264_0100_00040;40;;Rue de la Resistance;16490;16264;Pleuville;;;0.501749;46.088173
16264_0420_00002;2;;Chemin des Champs de la Messe;16490;16264;Pleuville;;;0.496039;46.083432
16264_0018_00001;1;;Impasse des Cosses;16490;16264;Pleuville;;;0.501393;46.073649
16264_0220_00002;2;;Route de la Touche;16490;16264;Pleuville;;;0.514448;46.092519
16264_0088_00015;15;;Route de Mauprevoir;16490;16264;Pleuville;;;0.484476;46.125487
16264_0360_00003;3;;Route de Benest;16490;16264;Pleuville;;;0.492329;46.071028
16264_0091_00016;16;;Route de la Peranche;16490;16264;Pleuville;;;0.4529;46.091953
16264_0100_00013;13;;Rue de la Resistance;16490;16264;Pleuville;;;0.49355;46.091038
16264_0100_00022;22;;Rue de la Resistance;16490;16264;Pleuville;;;0.497947;46.089774
16264_0095_00005;5;;Impasse du Pre du Parc;16490;16264;Pleuville;;;0.492387;46.070409
16264_0450_00005;5;;Impasse Chemin de Vaine;16490;16264;Pleuville;;;0.484314;46.086948
16264_0339_00002;2;;Impasse de Bois Jura;16490;16264;Pleuville;;;0.473947;46.112543
16264_0100_00039;39;;Rue de la Resistance;16490;16264;Pleuville;;;0.495063;46.090553
16264_0089_00004;4;;Route de Montoux;16490;16264;Pleuville;;;0.472651;46.092187
16264_0095_00003;3;;Impasse du Pre du Parc;16490;16264;Pleuville;;;0.492345;46.070502
16264_0050_00002;2;;Impasse du Lavoir;16490;16264;Pleuville;;;0.493146;46.090967
16264_0100_00021;21;;Rue de la Resistance;16490;16264;Pleuville;;;0.493953;46.090862
16264_0016_00004;4;;Route de Confolens;16490;16264;Pleuville;;;0.501771;46.074833
16264_0440_00007;7;;Route de Chatain;16490;16264;Pleuville;;;0.482632;46.08576
16264_0091_00010;10;;Route de la Peranche;16490;16264;Pleuville;;;0.453965;46.091781
16264_0035_00002;2;;Impasse de la Fontaine;16490;16264;Pleuville;;;0.454741;46.091372
16264_0094_00002;2;;Impasse Le Pre Ferrail;16490;16264;Pleuville;;;0.51821;46.10714
16264_0100_00085;85;;Rue de la Resistance;16490;16264;Pleuville;;;0.502056;46.088475
16264_0100_00079;79;;Rue de la Resistance;16490;16264;Pleuville;;;0.500991;46.088904
16264_0100_00026;26;;Rue de la Resistance;16490;16264;Pleuville;;;0.498582;46.089473
16264_0039_00003;3;;Route des Grands Bois;16490;16264;Pleuville;;;0.49656;46.068797
16264_0430_00007;7;;Route de Charroux;16490;16264;Pleuville;;;0.48838;46.093987
16264_0260_00007;7;;Route de Vaine;16490;16264;Pleuville;;;0.493874;46.083031
16264_0088_00005;5;;Route de Mauprevoir;16490;16264;Pleuville;;;0.489464;46.102081
16264_0091_00004;4;;Route de la Peranche;16490;16264;Pleuville;;;0.45684;46.097889
16264_0025_00002;2;;Chemin Les Courees;16490;16264;Pleuville;;;0.48451;46.099316
16264_0085_00009;9;;Rue du Maquis Raf;16490;16264;Pleuville;;;0.499183;46.091812
16264_0100_00051;51;;Rue de la Resistance;16490;16264;Pleuville;;;0.497719;46.09021
16264_0089_00003;3;;Route de Montoux;16490;16264;Pleuville;;;0.473014;46.092456
16264_0390_00006;6;;Route de la Bussiere;16490;16264;Pleuville;;;0.475843;46.093735
16264_0390_00007;7;;Route de la Bussiere;16490;16264;Pleuville;;;0.479228;46.095027
16264_0100_00037;37;;Rue de la Resistance;16490;16264;Pleuville;;;0.495026;46.090614
16264_0093_00005;5;;Rue des Pradelles;16490;16264;Pleuville;;;0.490011;46.092302
16264_0092_00003;3;;Impasse des Peux Plats;16490;16264;Pleuville;;;0.451906;46.091975
16264_0016_00007;7;;Route de Confolens;16490;16264;Pleuville;;;0.501194;46.073998
16264_0100_00043;43;;Rue de la Resistance;16490;16264;Pleuville;;;0.495265;46.090543
16264_0100_00035;35;;Rue de la Resistance;16490;16264;Pleuville;;;0.494887;46.090558
16264_0380_00002;2;;Chemin des Brandes;16490;16264;Pleuville;;;0.490549;46.071457
16264_0028_00002;2;;Route des Ecures;16490;16264;Pleuville;;;0.516528;46.10775
16264_0092_00002;2;;Impasse des Peux Plats;16490;16264;Pleuville;;;0.452285;46.091997
16264_0430_00009;9;;Route de Charroux;16490;16264;Pleuville;;;0.488001;46.09405
16264_0100_00025;25;;Rue de la Resistance;16490;16264;Pleuville;;;0.494212;46.090767
16264_0013_00003;3;;Route de Chez Le Besson;16490;16264;Pleuville;;;0.49443;46.117543
16264_0260_00003;3;;Route de Vaine;16490;16264;Pleuville;;;0.495239;46.082873
16264_0100_00045;45;;Rue de la Resistance;16490;16264;Pleuville;;;0.4954;46.090547
16264_0330_00001;1;;Route de Bel Air;16490;16264;Pleuville;;;0.490178;46.098279
16264_0016_00005;5;;Route de Confolens;16490;16264;Pleuville;;;0.501095;46.074101
16264_0200_00001;1;;Rue des Tilleuls;16490;16264;Pleuville;;;0.494804;46.090273
16264_0430_00001;1;;Route de Charroux;16490;16264;Pleuville;;;0.489842;46.092866
16264_0020_00002;2;;Route de la Courcelle;16490;16264;Pleuville;;;0.484879;46.098035
16264_0390_00013;13;;Route de la Bussiere;16490;16264;Pleuville;;;0.475894;46.093518
16264_0100_00041;41;;Rue de la Resistance;16490;16264;Pleuville;;;0.495157;46.090565
16264_0330_00003;3;;Route de Bel Air;16490;16264;Pleuville;;;0.497032;46.097883
16264_0088_00012;12;;Route de Mauprevoir;16490;16264;Pleuville;;;0.485888;46.124164
16264_0100_00075;75;;Rue de la Resistance;16490;16264;Pleuville;;;0.50063;46.08914
16264_0092_00005;5;;Impasse des Peux Plats;16490;16264;Pleuville;;;0.451867;46.092194
16264_0100_00014;14;;Rue de la Resistance;16490;16264;Pleuville;;;0.496949;46.090116
16264_0050_00004;4;;Impasse du Lavoir;16490;16264;Pleuville;;;0.492762;46.090741
16264_0100_00077;77;;Rue de la Resistance;16490;16264;Pleuville;;;0.5008;46.08906
16264_0200_00010;10;;Rue des Tilleuls;16490;16264;Pleuville;;;0.495174;46.089821
16264_0060_00005;5;;Route de Limoges;16490;16264;Pleuville;;;0.491885;46.127626
16264_0100_00081;81;;Rue de la Resistance;16490;16264;Pleuville;;;0.501282;46.088773
16264_0091_00007;7;;Route de la Peranche;16490;16264;Pleuville;;;0.452376;46.092118
16264_0085_00003;3;;Rue du Maquis Raf;16490;16264;Pleuville;;;0.496856;46.090785
16264_0020_00007;7;;Route de la Courcelle;16490;16264;Pleuville;;;0.485389;46.099335
16264_0041_00002;2;;Impasse des Grands Pres;16490;16264;Pleuville;;;0.496066;46.082751
16264_0046_00003;3;;Impasse Kubiac;16490;16264;Pleuville;;;0.485508;46.098446
16264_0100_00069;69;;Rue de la Resistance;16490;16264;Pleuville;;;0.499647;46.089435
16264_0085_00007;7;;Rue du Maquis Raf;16490;16264;Pleuville;;;0.498613;46.091654
16264_0083_00002;2;;Route de Maltard;16490;16264;Pleuville;;;0.52384;46.083196
16264_0200_00002;2;;Rue des Tilleuls;16490;16264;Pleuville;;;0.494038;46.09003
16264_0339_00001;1;;Impasse de Bois Jura;16490;16264;Pleuville;;;0.474228;46.113045
16264_0020_00005;5;;Route de la Courcelle;16490;16264;Pleuville;;;0.485341;46.099253
16264_0360_00001;1;;Route de Benest;16490;16264;Pleuville;;;0.495846;46.088213
16264_0100_00047;47;;Rue de la Resistance;16490;16264;Pleuville;;;0.495645;46.090561
16264_0100_00019;19;;Rue de la Resistance;16490;16264;Pleuville;;;0.493906;46.090905
16264_0010_00003;3;;Rue du Chene Vert;16490;16264;Pleuville;;;0.493845;46.090409
16264_0060_00009;9;;Route de Limoges;16490;16264;Pleuville;;;0.491373;46.127685
16264_0310_00006;6;;Route de l'Ancien Four;16490;16264;Pleuville;;;0.484947;46.0991
16264_0100_00029;29;;Rue de la Resistance;16490;16264;Pleuville;;;0.49446;46.090669
16264_0088_00008;8;;Route de Mauprevoir;16490;16264;Pleuville;;;0.484876;46.124118
16264_0260_00005;5;;Route de Vaine;16490;16264;Pleuville;;;0.494047;46.083183
16264_0200_00006;6;;Rue des Tilleuls;16490;16264;Pleuville;;;0.494658;46.089981
16264_0100_00036;36;;Rue de la Resistance;16490;16264;Pleuville;;;0.501167;46.088496
16264_0020_00009;9;;Route de la Courcelle;16490;16264;Pleuville;;;0.485462;46.099436
16264_0120_00001;1;;Route des Tessieres;16490;16264;Pleuville;;;0.460822;46.091448
16264_0087_00009;9;;Route du Masdieu;16490;16264;Pleuville;;;0.510277;46.083021
16264_0087_00005;5;;Route du Masdieu;16490;16264;Pleuville;;;0.509752;46.083288
16264_0200_00004;4;;Rue des Tilleuls;16490;16264;Pleuville;;;0.494368;46.090092
16264_0010_00009;9;;Rue du Chene Vert;16490;16264;Pleuville;;;0.49383;46.089858
16264_0390_00005;5;;Route de la Bussiere;16490;16264;Pleuville;;;0.480933;46.096747
16264_0100_00002;2;;Rue de la Resistance;16490;16264;Pleuville;;;0.492676;46.091457
16264_0091_00006;6;;Route de la Peranche;16490;16264;Pleuville;;;0.453896;46.092194
16264_0100_00053;53;;Rue de la Resistance;16490;16264;Pleuville;;;0.497845;46.090124
16264_0430_00003;3;;Route de Charroux;16490;16264;Pleuville;;;0.489646;46.093195
16264_0430_00013;13;;Route de Charroux;16490;16264;Pleuville;;;0.480601;46.09785
16264_0360_00012;12;;Route de Benest;16490;16264;Pleuville;;;0.491847;46.070914
16264_0089_00002;2;;Route de Montoux;16490;16264;Pleuville;;;0.472785;46.09237
16264_0100_00007;7;;Rue de la Resistance;16490;16264;Pleuville;;;0.492791;46.091925
16264_0020_00006;6;;Route de la Courcelle;16490;16264;Pleuville;;;0.48513;46.098203
16264_0100_00012;12;;Rue de la Resistance;16490;16264;Pleuville;;;0.496607;46.090266
16264_0100_00016;16;;Rue de la Resistance;16490;16264;Pleuville;;;0.497184;46.090037
16264_0085_00001;1;;Rue du Maquis Raf;16490;16264;Pleuville;;;0.496431;46.090903
16264_0020_00003;3;;Route de la Courcelle;16490;16264;Pleuville;;;0.484776;46.098274
16264_0085_00008;8;;Rue du Maquis Raf;16490;16264;Pleuville;;;0.499063;46.09143
16264_0090_00004;4;;Allee de l'Orangerie;16490;16264;Pleuville;;;0.498666;46.092728
16264_0025_00003;3;;Chemin Les Courees;16490;16264;Pleuville;;;0.484448;46.098972
16264_0100_00011;11;;Rue de la Resistance;16490;16264;Pleuville;;;0.493332;46.091258
16264_0093_00007;7;;Rue des Pradelles;16490;16264;Pleuville;;;0.48977;46.092477
16264_0091_00018;18;;Route de la Peranche;16490;16264;Pleuville;;;0.452625;46.092305
16264_0100_00061;61;;Rue de la Resistance;16490;16264;Pleuville;;;0.49857;46.089813
16264_0090_00006;6;;Allee de l'Orangerie;16490;16264;Pleuville;;;0.498125;46.093239
16264_0100_00030;30;;Rue de la Resistance;16490;16264;Pleuville;;;0.499957;46.088907
16264_0080_00001;1;;Place de la Mairie;16490;16264;Pleuville;;;0.495255;46.09031
16264_0088_00003;3;;Route de Mauprevoir;16490;16264;Pleuville;;;0.489855;46.098348
16264_0370_00001;1;;Chemin Les Boursault;16490;16264;Pleuville;;;0.473593;46.112217
16264_0260_00006;6;;Route de Vaine;16490;16264;Pleuville;;;0.494783;46.082995
16264_0100_00003;3;;Rue de la Resistance;16490;16264;Pleuville;;;0.492021;46.092468
16264_0088_00007;7;;Route de Mauprevoir;16490;16264;Pleuville;;;0.489742;46.102143
16264_0100_00059;59;;Rue de la Resistance;16490;16264;Pleuville;;;0.498377;46.090041
16264_0039_00004;4;;Route des Grands Bois;16490;16264;Pleuville;;;0.496432;46.067926
16264_0085_00005;5;;Rue du Maquis Raf;16490;16264;Pleuville;;;0.497333;46.090982
16264_0100_00028;28;;Rue de la Resistance;16490;16264;Pleuville;;;0.499162;46.089261
16264_0100_00093;93;;Rue de la Resistance;16490;16264;Pleuville;;;0.503313;46.087667
16264_0085_00010;10;;Rue du Maquis Raf;16490;16264;Pleuville;;;0.499421;46.091537
16264_0360_00016;16;;Route de Benest;16490;16264;Pleuville;;;0.491522;46.070773
16264_0010_00007;7;;Rue du Chene Vert;16490;16264;Pleuville;;;0.493683;46.090149
16264_0085_00011;11;;Rue du Maquis Raf;16490;16264;Pleuville;;;0.49972;46.092066
16264_0450_00004;4;;Impasse Chemin de Vaine;16490;16264;Pleuville;;;0.483715;46.086907
16264_0091_00003;3;;Route de la Peranche;16490;16264;Pleuville;;;0.452838;46.091627
16264_0025_00001;1;;Chemin Les Courees;16490;16264;Pleuville;;;0.484554;46.098632
16264_0010_00001;1;;Rue du Chene Vert;16490;16264;Pleuville;;;0.493733;46.090693
16264_0013_00002;2;;Route de Chez Le Besson;16490;16264;Pleuville;;;0.49379;46.117338
16264_0360_00002;2;;Route de Benest;16490;16264;Pleuville;;;0.499248;46.081397
16264_0440_00006;6;;Route de Chatain;16490;16264;Pleuville;;;0.482083;46.085865
16264_0035_00004;4;;Impasse de la Fontaine;16490;16264;Pleuville;;;0.454908;46.091067
16264_0100_00055;55;;Rue de la Resistance;16490;16264;Pleuville;;;0.498113;46.090111
16264_0440_00009;9;;Route de Chatain;16490;16264;Pleuville;;;0.482704;46.085634
16264_0087_00003;3;;Route du Masdieu;16490;16264;Pleuville;;;0.509467;46.083435
16264_0010_00005;5;;Rue du Chene Vert;16490;16264;Pleuville;;;0.493862;46.090282
16264_0013_00001;1;;Route de Chez Le Besson;16490;16264;Pleuville;;;0.494663;46.117732
16264_0016_00008;8;;Route de Confolens;16490;16264;Pleuville;;;0.500687;46.074434
16264_0410_00001;1;;Impasse des Champs Brules;16490;16264;Pleuville;;;0.4842;46.098164
16264_0033_00006;6;;Route de Flet;16490;16264;Pleuville;;;0.506375;46.098375
16264_0033_00002;2;;Route de Flet;16490;16264;Pleuville;;;0.506902;46.097855
16264_0360_00010;10;;Route de Benest;16490;16264;Pleuville;;;0.491992;46.071022
16264_0200_00003;3;;Rue des Tilleuls;16490;16264;Pleuville;;;0.495675;46.089904
16264_0360_00008;8;;Route de Benest;16490;16264;Pleuville;;;0.492137;46.071112
16264_0093_00003;3;;Rue des Pradelles;16490;16264;Pleuville;;;0.490225;46.092144
16264_0390_00011;11;;Route de la Bussiere;16490;16264;Pleuville;;;0.479097;46.094864
16264_0088_00004;4;;Route de Mauprevoir;16490;16264;Pleuville;;;0.486303;46.118311
16264_0390_00003;3;;Route de la Bussiere;16490;16264;Pleuville;;;0.480922;46.097014
16264_0033_00001;1;;Route de Flet;16490;16264;Pleuville;;;0.506087;46.097294
16264_0016_00001;1;;Route de Confolens;16490;16264;Pleuville;;;0.501565;46.074307
16264_0100_00023;23;;Rue de la Resistance;16490;16264;Pleuville;;;0.494074;46.090813
16264_0088_00001;1;;Route de Mauprevoir;16490;16264;Pleuville;;;0.489658;46.093781
16264_0018_00003;3;;Impasse des Cosses;16490;16264;Pleuville;;;0.501389;46.073559
16264_0100_00050;50;;Rue de la Resistance;16490;16264;Pleuville;;;0.502838;46.087202
16264_0093_00008;8;;Rue des Pradelles;16490;16264;Pleuville;;;0.490156;46.092801
16264_0350_00002;2;;Route de la Baudrie;16490;16264;Pleuville;;;0.466454;46.091778
16264_0080_00003;3;;Place de la Mairie;16490;16264;Pleuville;;;0.495219;46.090073
16264_0360_00004_bis;4;bis;Route de Benest;16490;16264;Pleuville;;;0.498928;46.080841
16264_0420_00006;6;;Chemin des Champs de la Messe;16490;16264;Pleuville;;;0.49576;46.083512
16264_0039_00001;1;;Route des Grands Bois;16490;16264;Pleuville;;;0.491579;46.070444
16264_0100_00005;5;;Rue de la Resistance;16490;16264;Pleuville;;;0.492187;46.092331
16264_0370_00003;3;;Chemin Les Boursault;16490;16264;Pleuville;;;0.47352;46.112304
16264_0330_00007;7;;Route de Bel Air;16490;16264;Pleuville;;;0.497244;46.097938
16264_0035_00006;6;;Impasse de la Fontaine;16490;16264;Pleuville;;;0.455069;46.091233
16264_0450_00001;1;;Impasse Chemin de Vaine;16490;16264;Pleuville;;;0.483465;46.087346
16264_0060_00007;7;;Route de Limoges;16490;16264;Pleuville;;;0.491568;46.127671
16264_0016_00002;2;;Route de Confolens;16490;16264;Pleuville;;;0.501953;46.074855
16264_0430_00011;11;;Route de Charroux;16490;16264;Pleuville;;;0.485322;46.095721
16264_0430_00002;2;;Route de Charroux;16490;16264;Pleuville;;;0.485892;46.095986
