id;numero;rep;nom_voie;code_postal;code_insee;nom_commune;nom_ancienne_commune;nom_ld;lon;lat
33168_0027_00055;55;;Chemin du Pontarit;33350;33168;Flaujagues;;;0.038475;44.826026
33168_0031_00199;199;;Route du Poy;33350;33168;Flaujagues;;;0.031219;44.834362
33168_0001_00225;225;;Route de Caillauca;33350;33168;Flaujagues;;;0.025835;44.824933
33168_0029_00039;39;;Chemin du Port de Lamothe;33350;33168;Flaujagues;;;0.023393;44.843717
33168_0030_00015;15;;Rue du Port du Moulin;33350;33168;Flaujagues;;;0.036277;44.8279
33168_0021_00195;195;;Route de Pomarède;33350;33168;Flaujagues;;;0.031012;44.82177
33168_0017_02190;2190;;Route de Micouleau;33350;33168;Flaujagues;;;0.014272;44.846011
33168_0026_00011;11;;Rue du Pas d’Oin;33350;33168;Flaujagues;;;0.036439;44.829569
33168_0002_00309;309;;Route de Castillon;33350;33168;Flaujagues;;;0.032122;44.82738
33168_0031_00093;93;;Route du Poy;33350;33168;Flaujagues;;;0.032542;44.833929
33168_0017_02226;2226;;Route de Micouleau;33350;33168;Flaujagues;;;0.013814;44.846023
33168_0017_02453;2453;;Route de Micouleau;33350;33168;Flaujagues;;;0.010883;44.845544
33168_0008_00034;34;;Chemin de l’École;33350;33168;Flaujagues;;;0.036938;44.827362
33168_0020_00359;359;;Rue de Pétérit;33350;33168;Flaujagues;;;0.030652;44.81991
33168_0018_00866;866;;Route de Mondeau;33350;33168;Flaujagues;;;0.013628;44.82063
33168_0001_00110;110;;Route de Caillauca;33350;33168;Flaujagues;;;0.024827;44.825613
33168_0023_00434;434;;Route des Chartrons;33350;33168;Flaujagues;;;0.036793;44.831809
33168_0007_00038;38;;Route de Juillac;33350;33168;Flaujagues;;;0.03592;44.82723
33168_0020_00105;105;;Rue de Pétérit;33350;33168;Flaujagues;;;0.032738;44.821066
33168_0017_00120;120;;Route de Micouleau;33350;33168;Flaujagues;;;0.03766;44.835566
33168_0007_00819;819;;Route de Juillac;33350;33168;Flaujagues;;;0.035284;44.822329
33168_0019_00180;180;;Route de Pessac;33350;33168;Flaujagues;;;0.036955;44.826282
33168_0023_00436;436;;Route des Chartrons;33350;33168;Flaujagues;;;0.036938;44.831842
33168_0028_01780;1780;;Route du Pontpeyrat;33350;33168;Flaujagues;;;0.021316;44.837847
33168_0023_00365;365;;Route des Chartrons;33350;33168;Flaujagues;;;0.034409;44.831996
33168_0005_00565;565;;Route de Gaychon;33350;33168;Flaujagues;;;0.020563;44.8305
33168_0023_00568;568;;Route des Chartrons;33350;33168;Flaujagues;;;0.036246;44.83297
33168_0007_00854;854;;Route de Juillac;33350;33168;Flaujagues;;;0.035763;44.822105
33168_0019_00205;205;;Route de Pessac;33350;33168;Flaujagues;;;0.037549;44.826536
33168_0012_00115;115;;Promenade de la Dordogne;33350;33168;Flaujagues;;;0.036548;44.829157
33168_0001_00166;166;;Route de Caillauca;33350;33168;Flaujagues;;;0.025091;44.825081
33168_0019_00033;33;;Route de Pessac;33350;33168;Flaujagues;;;0.036297;44.827583
33168_0001_00333;333;;Route de Caillauca;33350;33168;Flaujagues;;;0.027063;44.824465
33168_0012_00123;123;;Promenade de la Dordogne;33350;33168;Flaujagues;;;0.036728;44.82932
33168_0017_02413;2413;;Route de Micouleau;33350;33168;Flaujagues;;;0.011509;44.845915
33168_0002_01732;1732;;Route de Castillon;33350;33168;Flaujagues;;;0.014472;44.827294
33168_0014_00187;187;;Côte de la Martelle;33350;33168;Flaujagues;;;0.038697;44.823094
33168_0007_00061;61;;Route de Juillac;33350;33168;Flaujagues;;;0.036037;44.826901
33168_0009_00019;19;;Allée de l’Église;33350;33168;Flaujagues;;;0.036492;44.827655
33168_0017_02147;2147;;Route de Micouleau;33350;33168;Flaujagues;;;0.0144;44.845412
33168_0002_00081;81;;Route de Castillon;33350;33168;Flaujagues;;;0.0354;44.827247
33168_0023_00618;618;;Route des Chartrons;33350;33168;Flaujagues;;;0.037319;44.8334
33168_0017_01981;1981;;Route de Micouleau;33350;33168;Flaujagues;;;0.01678;44.844196
33168_0007_00940;940;;Route de Juillac;33350;33168;Flaujagues;;;0.036658;44.822069
33168_0025_00030;30;;Chemin du Chalard;33350;33168;Flaujagues;;;0.035107;44.82991
33168_0018_00280;280;;Route de Mondeau;33350;33168;Flaujagues;;;0.016699;44.824137
33168_0019_00304;304;;Route de Pessac;33350;33168;Flaujagues;;;0.037921;44.825476
33168_0002_00611;611;;Route de Castillon;33350;33168;Flaujagues;;;0.028435;44.826654
33168_0023_00508;508;;Route des Chartrons;33350;33168;Flaujagues;;;0.037043;44.832474
33168_0002_00342;342;;Route de Castillon;33350;33168;Flaujagues;;;0.031584;44.827721
33168_0019_00417;417;;Route de Pessac;33350;33168;Flaujagues;;;0.040504;44.826157
33168_0017_02170;2170;;Route de Micouleau;33350;33168;Flaujagues;;;0.014553;44.846456
33168_0004_00499;499;;Route de Francesa;33350;33168;Flaujagues;;;0.028978;44.817624
33168_0017_00055;55;;Route de Micouleau;33350;33168;Flaujagues;;;0.033428;44.833942
33168_0017_02048;2048;;Route de Micouleau;33350;33168;Flaujagues;;;0.015882;44.845326
33168_0005_00526;526;;Route de Gaychon;33350;33168;Flaujagues;;;0.021062;44.830538
33168_0027_00124;124;;Chemin du Pontarit;33350;33168;Flaujagues;;;0.039396;44.826276
33168_0010_00777;777;;Chemin de l’Estage;33350;33168;Flaujagues;;;0.01207;44.820808
33168_0030_00051;51;;Rue du Port du Moulin;33350;33168;Flaujagues;;;0.036698;44.827947
33168_0019_00129;129;;Route de Pessac;33350;33168;Flaujagues;;;0.036999;44.826982
33168_0019_00160;160;;Route de Pessac;33350;33168;Flaujagues;;;0.036781;44.826425
33168_0030_00035;35;;Rue du Port du Moulin;33350;33168;Flaujagues;;;0.036456;44.828168
33168_0015_00053;53;;Chemin de Lauquey;33350;33168;Flaujagues;;;0.022509;44.826161
33168_0019_00159;159;;Route de Pessac;33350;33168;Flaujagues;;;0.037019;44.826578
33168_0012_00021;21;;Promenade de la Dordogne;33350;33168;Flaujagues;;;0.037138;44.828454
33168_0002_00324;324;;Route de Castillon;33350;33168;Flaujagues;;;0.031907;44.827577
33168_0023_00020;20;;Route des Chartrons;33350;33168;Flaujagues;;;0.036068;44.828008
33168_0007_00959;959;;Route de Juillac;33350;33168;Flaujagues;;;0.037399;44.822082
33168_0019_00665;665;;Route de Pessac;33350;33168;Flaujagues;;;0.042798;44.825095
33168_0001_00301;301;;Route de Caillauca;33350;33168;Flaujagues;;;0.026532;44.824522
33168_0017_02298;2298;;Route de Micouleau;33350;33168;Flaujagues;;;0.013043;44.846268
33168_0017_00874;874;;Route de Micouleau;33350;33168;Flaujagues;;;0.029401;44.841701
33168_0020_00367;367;;Rue de Pétérit;33350;33168;Flaujagues;;;0.030439;44.820031
33168_0011_00094;94;;Rue de la Cave;33350;33168;Flaujagues;;;0.034324;44.823238
33168_0008_00030;30;;Chemin de l’École;33350;33168;Flaujagues;;;0.03688;44.827332
33168_0002_01178;1178;;Route de Castillon;33350;33168;Flaujagues;;;0.021277;44.826722
33168_0011_00085;85;;Rue de la Cave;33350;33168;Flaujagues;;;0.034847;44.823633
33168_0001_00200;200;;Route de Caillauca;33350;33168;Flaujagues;;;0.025428;44.82478
33168_0002_01755;1755;;Route de Castillon;33350;33168;Flaujagues;;;0.014048;44.82702
33168_0007_00185;185;;Route de Juillac;33350;33168;Flaujagues;;;0.035221;44.825809
33168_0009_00104;104;;Allée de l’Église;33350;33168;Flaujagues;;;0.037601;44.828025
33168_0029_00320;320;;Chemin du Port de Lamothe;33350;33168;Flaujagues;;;0.02615;44.845332
33168_0033_00050;50;;Voie du Temple;33350;33168;Flaujagues;;;0.035213;44.826922
33168_0028_00159;159;;Route du Pontpeyrat;33350;33168;Flaujagues;;;0.013861;44.828757
33168_0017_00426;426;;Route de Micouleau;33350;33168;Flaujagues;;;0.032649;44.837439
33168_0007_00012;12;;Route de Juillac;33350;33168;Flaujagues;;;0.036177;44.82739
33168_0020_00332;332;;Rue de Pétérit;33350;33168;Flaujagues;;;0.030908;44.820779
33168_0004_00333;333;;Route de Francesa;33350;33168;Flaujagues;;;0.029582;44.819172
33168_0020_00201;201;;Rue de Pétérit;33350;33168;Flaujagues;;;0.032972;44.820065
33168_0003_00080;80;;Chemin de Fonvidal;33350;33168;Flaujagues;;;0.034558;44.821366
33168_0030_00097;97;;Rue du Port du Moulin;33350;33168;Flaujagues;;;0.037176;44.828217
33168_0033_00040;40;;Voie du Temple;33350;33168;Flaujagues;;;0.035401;44.826933
33168_0023_00572;572;;Route des Chartrons;33350;33168;Flaujagues;;;0.034558;44.832808
33168_0030_00059;59;;Rue du Port du Moulin;33350;33168;Flaujagues;;;0.036785;44.827983
33168_0007_00122;122;;Route de Juillac;33350;33168;Flaujagues;;;0.035353;44.826535
33168_0023_00561;561;;Route des Chartrons;33350;33168;Flaujagues;;;0.031334;44.83258
33168_0017_02317;2317;;Route de Micouleau;33350;33168;Flaujagues;;;0.012569;44.846018
33168_0019_00147;147;;Route de Pessac;33350;33168;Flaujagues;;;0.036945;44.826658
33168_0023_00566;566;;Route des Chartrons;33350;33168;Flaujagues;;;0.036008;44.832679
33168_0012_00097;97;;Promenade de la Dordogne;33350;33168;Flaujagues;;;0.036863;44.829108
33168_0019_00030;30;;Route de Pessac;33350;33168;Flaujagues;;;0.036035;44.827594
33168_0017_00778;778;;Route de Micouleau;33350;33168;Flaujagues;;;0.031189;44.840853
33168_0020_00082;82;;Rue de Pétérit;33350;33168;Flaujagues;;;0.032307;44.821221
33168_0008_00038;38;;Chemin de l’École;33350;33168;Flaujagues;;;0.037054;44.827355
33168_0002_01070;1070;;Route de Castillon;33350;33168;Flaujagues;;;0.022699;44.826716
33168_0019_00667;667;;Route de Pessac;33350;33168;Flaujagues;;;0.04297;44.824823
33168_0011_00221;221;;Rue de la Cave;33350;33168;Flaujagues;;;0.036343;44.823215
33168_0002_01047;1047;;Route de Castillon;33350;33168;Flaujagues;;;0.022958;44.826132
33168_0002_01013;1013;;Route de Castillon;33350;33168;Flaujagues;;;0.023379;44.826103
33168_0020_00323;323;;Rue de Pétérit;33350;33168;Flaujagues;;;0.030779;44.818709
33168_0004_00210;210;;Route de Francesa;33350;33168;Flaujagues;;;0.02914;44.82037
33168_0007_01012;1012;;Route de Juillac;33350;33168;Flaujagues;;;0.036648;44.821589
33168_0008_00060;60;;Chemin de l’École;33350;33168;Flaujagues;;;0.037468;44.827553
33168_0007_00250;250;;Route de Juillac;33350;33168;Flaujagues;;;0.034404;44.825704
33168_0030_00074;74;;Rue du Port du Moulin;33350;33168;Flaujagues;;;0.036992;44.82799
33168_0023_00255;255;;Route des Chartrons;33350;33168;Flaujagues;;;0.035316;44.830005
33168_0004_00478;478;;Route de Francesa;33350;33168;Flaujagues;;;0.028281;44.818207
33168_0031_00359;359;;Route du Poy;33350;33168;Flaujagues;;;0.02993;44.835145
33168_0002_00318;318;;Route de Castillon;33350;33168;Flaujagues;;;0.032101;44.82794
33168_0017_02217;2217;;Route de Micouleau;33350;33168;Flaujagues;;;0.013739;44.845609
33168_0031_00886;886;;Route du Poy;33350;33168;Flaujagues;;;0.024297;44.837292
33168_0002_00339;339;;Route de Castillon;33350;33168;Flaujagues;;;0.031877;44.827411
33168_0004_00317;317;;Route de Francesa;33350;33168;Flaujagues;;;0.02974;44.81939
33168_0001_00277;277;;Route de Caillauca;33350;33168;Flaujagues;;;0.026323;44.824656
33168_0008_00050;50;;Chemin de l’École;33350;33168;Flaujagues;;;0.037276;44.827465
33168_0017_01316;1316;;Route de Micouleau;33350;33168;Flaujagues;;;0.0268;44.844591
33168_0002_00343;343;;Route de Castillon;33350;33168;Flaujagues;;;0.031849;44.827397
33168_0014_00046;46;;Côte de la Martelle;33350;33168;Flaujagues;;;0.038964;44.824383
33168_0018_00862;862;;Route de Mondeau;33350;33168;Flaujagues;;;0.01403;44.820384
33168_0018_00604;604;;Route de Mondeau;33350;33168;Flaujagues;;;0.01631;44.82134
33168_0014_00074;74;;Côte de la Martelle;33350;33168;Flaujagues;;;0.038623;44.824172
33168_0007_01027;1027;;Route de Juillac;33350;33168;Flaujagues;;;0.03757;44.821542
33168_0023_00438;438;;Route des Chartrons;33350;33168;Flaujagues;;;0.036826;44.831966
33168_0026_00008;8;;Rue du Pas d’Oin;33350;33168;Flaujagues;;;0.036455;44.830009
33168_0011_00145;145;;Rue de la Cave;33350;33168;Flaujagues;;;0.035232;44.823529
33168_0033_00030;30;;Voie du Temple;33350;33168;Flaujagues;;;0.035569;44.826945
33168_0023_00289;289;;Route des Chartrons;33350;33168;Flaujagues;;;0.035084;44.830319
33168_0002_00949;949;;Route de Castillon;33350;33168;Flaujagues;;;0.024476;44.825803
33168_0002_00379;379;;Route de Castillon;33350;33168;Flaujagues;;;0.031171;44.826881
33168_0002_00913;913;;Route de Castillon;33350;33168;Flaujagues;;;0.024858;44.826286
33168_0004_00263;263;;Route de Francesa;33350;33168;Flaujagues;;;0.030065;44.819798
33168_0002_01011;1011;;Route de Castillon;33350;33168;Flaujagues;;;0.023322;44.826259
33168_0017_02569;2569;;Route de Micouleau;33350;33168;Flaujagues;;;0.009683;44.845441
33168_0019_01055;1055;;Route de Pessac;33350;33168;Flaujagues;;;0.046195;44.823465
33168_0004_00127;127;;Route de Francesa;33350;33168;Flaujagues;;;0.030576;44.820949
33168_0020_00381;381;;Rue de Pétérit;33350;33168;Flaujagues;;;0.030242;44.819966
33168_0007_00911;911;;Route de Juillac;33350;33168;Flaujagues;;;0.036482;44.822621
33168_0002_01118;1118;;Route de Castillon;33350;33168;Flaujagues;;;0.021952;44.826791
33168_0015_00070;70;;Chemin de Lauquey;33350;33168;Flaujagues;;;0.021895;44.826044
33168_0017_01976;1976;;Route de Micouleau;33350;33168;Flaujagues;;;0.016734;44.845239
33168_0009_00063;63;;Allée de l’Église;33350;33168;Flaujagues;;;0.036874;44.827859
33168_0005_00274;274;;Route de Gaychon;33350;33168;Flaujagues;;;0.022507;44.828784
33168_0023_00530;530;;Route des Chartrons;33350;33168;Flaujagues;;;0.037035;44.832667
33168_0002_00341;341;;Route de Castillon;33350;33168;Flaujagues;;;0.031847;44.827407
33168_0029_00015;15;;Chemin du Port de Lamothe;33350;33168;Flaujagues;;;0.023263;44.843445
33168_0020_00197;197;;Rue de Pétérit;33350;33168;Flaujagues;;;0.033726;44.820051
33168_0031_00591;591;;Route du Poy;33350;33168;Flaujagues;;;0.027627;44.83551
33168_0002_01496;1496;;Route de Castillon;33350;33168;Flaujagues;;;0.01774;44.826775
33168_0017_02599;2599;;Route de Micouleau;33350;33168;Flaujagues;;;0.009384;44.84542
33168_0017_00170;170;;Route de Micouleau;33350;33168;Flaujagues;;;0.034442;44.835362
33168_0014_00254;254;;Côte de la Martelle;33350;33168;Flaujagues;;;0.037853;44.822681
33168_0026_00021;21;;Rue du Pas d’Oin;33350;33168;Flaujagues;;;0.0363;44.829578
33168_0019_00154;154;;Route de Pessac;33350;33168;Flaujagues;;;0.036715;44.826566
33168_0002_01162;1162;;Route de Castillon;33350;33168;Flaujagues;;;0.021948;44.827222
33168_0014_00094;94;;Côte de la Martelle;33350;33168;Flaujagues;;;0.037596;44.824255
33168_0004_00293;293;;Route de Francesa;33350;33168;Flaujagues;;;0.029905;44.819634
33168_0019_00543;543;;Route de Pessac;33350;33168;Flaujagues;;;0.041851;44.825559
33168_0017_01973;1973;;Route de Micouleau;33350;33168;Flaujagues;;;0.017002;44.845051
33168_0004_00238;238;;Route de Francesa;33350;33168;Flaujagues;;;0.029926;44.820135
33168_0008_00052;52;;Chemin de l’École;33350;33168;Flaujagues;;;0.03746;44.827566
33168_0013_00014;14;;Place de la Mairie;33350;33168;Flaujagues;;;0.036625;44.827242
33168_0007_00195;195;;Route de Juillac;33350;33168;Flaujagues;;;0.035052;44.82595
33168_0027_00127;127;;Chemin du Pontarit;33350;33168;Flaujagues;;;0.039212;44.826442
33168_0007_00565;565;;Route de Juillac;33350;33168;Flaujagues;;;0.033525;44.823038
33168_0004_00424;424;;Route de Francesa;33350;33168;Flaujagues;;;0.028856;44.818601
33168_0033_00034;34;;Voie du Temple;33350;33168;Flaujagues;;;0.035498;44.826935
33168_0020_00211;211;;Rue de Pétérit;33350;33168;Flaujagues;;;0.032289;44.819984
33168_0020_00300;300;;Rue de Pétérit;33350;33168;Flaujagues;;;0.031271;44.820402
33168_0019_00139;139;;Route de Pessac;33350;33168;Flaujagues;;;0.03697;44.826788
33168_0028_00013;13;;Route du Pontpeyrat;33350;33168;Flaujagues;;;0.013087;44.827544
33168_0019_00985;985;;Route de Pessac;33350;33168;Flaujagues;;;0.045801;44.823101
33168_0012_00139;139;;Promenade de la Dordogne;33350;33168;Flaujagues;;;0.036695;44.829455
33168_0019_00422;422;;Route de Pessac;33350;33168;Flaujagues;;;0.039054;44.82463
33168_0029_00297;297;;Chemin du Port de Lamothe;33350;33168;Flaujagues;;;0.024767;44.846201
33168_0007_00901;901;;Route de Juillac;33350;33168;Flaujagues;;;0.036266;44.822413
33168_0001_00450;450;;Route de Caillauca;33350;33168;Flaujagues;;;0.028029;44.823827
33168_0019_00185;185;;Route de Pessac;33350;33168;Flaujagues;;;0.037264;44.826434
33168_0017_00228;228;;Route de Micouleau;33350;33168;Flaujagues;;;0.034726;44.835835
33168_0008_00070;70;;Chemin de l’École;33350;33168;Flaujagues;;;0.038215;44.827026
33168_0004_00392;392;;Route de Francesa;33350;33168;Flaujagues;;;0.028802;44.818855
33168_0030_00067;67;;Rue du Port du Moulin;33350;33168;Flaujagues;;;0.036892;44.828058
33168_0013_00018;18;;Place de la Mairie;33350;33168;Flaujagues;;;0.036739;44.827299
33168_0023_00165;165;;Route des Chartrons;33350;33168;Flaujagues;;;0.035209;44.82926
33168_0017_00166;166;;Route de Micouleau;33350;33168;Flaujagues;;;0.036527;44.83589
33168_0012_00045;45;;Promenade de la Dordogne;33350;33168;Flaujagues;;;0.03707;44.828683
33168_0007_00169;169;;Route de Juillac;33350;33168;Flaujagues;;;0.035326;44.826032
33168_0007_01179;1179;;Route de Juillac;33350;33168;Flaujagues;;;0.03781;44.821299
33168_0002_00352;352;;Route de Castillon;33350;33168;Flaujagues;;;0.031505;44.82766
33168_0017_02020;2020;;Route de Micouleau;33350;33168;Flaujagues;;;0.016124;44.845288
33168_0017_02278;2278;;Route de Micouleau;33350;33168;Flaujagues;;;0.01319;44.846253
33168_0006_00029;29;;Route de Jean Faux;33350;33168;Flaujagues;;;0.014889;44.820109
33168_0023_00658;658;;Route des Chartrons;33350;33168;Flaujagues;;;0.036529;44.833888
33168_0030_00023;23;;Rue du Port du Moulin;33350;33168;Flaujagues;;;0.036429;44.827836
33168_0015_00140;140;;Chemin de Lauquey;33350;33168;Flaujagues;;;0.021729;44.825285
33168_0007_00287;287;;Route de Juillac;33350;33168;Flaujagues;;;0.03503;44.82557
33168_0023_00598;598;;Route des Chartrons;33350;33168;Flaujagues;;;0.037147;44.833073
33168_0031_00155;155;;Route du Poy;33350;33168;Flaujagues;;;0.031882;44.834355
33168_0024_00045;45;;Chemin des Coutures;33350;33168;Flaujagues;;;0.028065;44.817344
33168_0026_00036;36;;Rue du Pas d’Oin;33350;33168;Flaujagues;;;0.036067;44.829742
33168_0019_00813;813;;Route de Pessac;33350;33168;Flaujagues;;;0.04415;44.824472
33168_0002_01324;1324;;Route de Castillon;33350;33168;Flaujagues;;;0.019524;44.826747
33168_0009_00089;89;;Allée de l’Église;33350;33168;Flaujagues;;;0.037146;44.828009
33168_0017_02012;2012;;Route de Micouleau;33350;33168;Flaujagues;;;0.016366;44.845515
33168_0031_00681;681;;Route du Poy;33350;33168;Flaujagues;;;0.025924;44.836007
33168_0019_00330;330;;Route de Pessac;33350;33168;Flaujagues;;;0.038164;44.825261
33168_0018_00020;20;;Route de Mondeau;33350;33168;Flaujagues;;;0.017294;44.826535
33168_0019_00123;123;;Route de Pessac;33350;33168;Flaujagues;;;0.036796;44.826829
33168_0019_00721;721;;Route de Pessac;33350;33168;Flaujagues;;;0.043422;44.824787
33168_0004_00310;310;;Route de Francesa;33350;33168;Flaujagues;;;0.029305;44.819511
33168_0023_00496;496;;Route des Chartrons;33350;33168;Flaujagues;;;0.036562;44.832256
33168_0009_00073;73;;Allée de l’Église;33350;33168;Flaujagues;;;0.03697;44.827902
33168_0018_00266;266;;Route de Mondeau;33350;33168;Flaujagues;;;0.017165;44.824318
33168_0017_00056;56;;Route de Micouleau;33350;33168;Flaujagues;;;0.03561;44.834238
33168_0014_00165;165;;Côte de la Martelle;33350;33168;Flaujagues;;;0.038727;44.823338
33168_0015_00110;110;;Chemin de Lauquey;33350;33168;Flaujagues;;;0.021777;44.825723
33168_0017_01242;1242;;Route de Micouleau;33350;33168;Flaujagues;;;0.027239;44.844044
33168_0019_00943;943;;Route de Pessac;33350;33168;Flaujagues;;;0.045989;44.824139
33168_0031_00811;811;;Route du Poy;33350;33168;Flaujagues;;;0.023433;44.836333
33168_0011_00244;244;;Rue de la Cave;33350;33168;Flaujagues;;;0.035007;44.82288
33168_0020_00172;172;;Rue de Pétérit;33350;33168;Flaujagues;;;0.032076;44.820341
33168_0023_00382;382;;Route des Chartrons;33350;33168;Flaujagues;;;0.03635;44.831219
33168_0001_00472;472;;Route de Caillauca;33350;33168;Flaujagues;;;0.028291;44.823532
33168_0002_00189;189;;Route de Castillon;33350;33168;Flaujagues;;;0.033601;44.82745
33168_0009_00055;55;;Allée de l’Église;33350;33168;Flaujagues;;;0.03676;44.827828
33168_0018_00389;389;;Route de Mondeau;33350;33168;Flaujagues;;;0.017432;44.823203
33168_0014_00240;240;;Côte de la Martelle;33350;33168;Flaujagues;;;0.037246;44.823315
33168_0023_00142;142;;Route des Chartrons;33350;33168;Flaujagues;;;0.035709;44.82904
33168_0018_00887;887;;Route de Mondeau;33350;33168;Flaujagues;;;0.013789;44.820076
33168_0020_00158;158;;Rue de Pétérit;33350;33168;Flaujagues;;;0.032225;44.820625
33168_0001_00241;241;;Route de Caillauca;33350;33168;Flaujagues;;;0.026015;44.824783
33168_0033_00041;41;;Voie du Temple;33350;33168;Flaujagues;;;0.035403;44.826814
33168_0023_00494;494;;Route des Chartrons;33350;33168;Flaujagues;;;0.036922;44.832165
33168_0020_00107;107;;Rue de Pétérit;33350;33168;Flaujagues;;;0.032742;44.820922
33168_0017_01893;1893;;Route de Micouleau;33350;33168;Flaujagues;;;0.017356;44.844906
33168_0020_00307;307;;Rue de Pétérit;33350;33168;Flaujagues;;;0.031159;44.820078
33168_0019_00399;399;;Route de Pessac;33350;33168;Flaujagues;;;0.040324;44.826332
33168_0023_00213;213;;Route des Chartrons;33350;33168;Flaujagues;;;0.035154;44.829764
33168_0017_00222;222;;Route de Micouleau;33350;33168;Flaujagues;;;0.037471;44.836979
33168_0005_00483;483;;Route de Gaychon;33350;33168;Flaujagues;;;0.020975;44.83024
33168_0002_01125;1125;;Route de Castillon;33350;33168;Flaujagues;;;0.02182;44.826383
33168_0004_00274;274;;Route de Francesa;33350;33168;Flaujagues;;;0.029623;44.81978
33168_0007_01205;1205;;Route de Juillac;33350;33168;Flaujagues;;;0.038373;44.82151
33168_0019_00118;118;;Route de Pessac;33350;33168;Flaujagues;;;0.036485;44.826808
33168_0007_00615;615;;Route de Juillac;33350;33168;Flaujagues;;;0.033683;44.822564
33168_0018_00306;306;;Route de Mondeau;33350;33168;Flaujagues;;;0.017114;44.823957
33168_0017_00088;88;;Route de Micouleau;33350;33168;Flaujagues;;;0.03757;44.834902
33168_0005_00328;328;;Route de Gaychon;33350;33168;Flaujagues;;;0.022218;44.829183
33168_0030_00032;32;;Rue du Port du Moulin;33350;33168;Flaujagues;;;0.036529;44.827806
33168_0028_00695;695;;Route du Pontpeyrat;33350;33168;Flaujagues;;;0.013463;44.833133
33168_0023_00348;348;;Route des Chartrons;33350;33168;Flaujagues;;;0.036436;44.830978
33168_0018_00440;440;;Route de Mondeau;33350;33168;Flaujagues;;;0.016617;44.822582
33168_0030_00102;102;;Rue du Port du Moulin;33350;33168;Flaujagues;;;0.037342;44.828172
33168_0007_00095;95;;Route de Juillac;33350;33168;Flaujagues;;;0.035862;44.826681
33168_0012_00109;109;;Promenade de la Dordogne;33350;33168;Flaujagues;;;0.036733;44.829175
33168_0016_00343;343;;Chemin de Malacousse;33350;33168;Flaujagues;;;0.040093;44.820199
33168_0019_00127;127;;Route de Pessac;33350;33168;Flaujagues;;;0.036957;44.826952
33168_0013_00006;6;;Place de la Mairie;33350;33168;Flaujagues;;;0.036545;44.827216
33168_0020_00281;281;;Rue de Pétérit;33350;33168;Flaujagues;;;0.031332;44.819516
33168_0004_00355;355;;Route de Francesa;33350;33168;Flaujagues;;;0.0295;44.819054
33168_0023_00460;460;;Route des Chartrons;33350;33168;Flaujagues;;;0.034879;44.831866
33168_0014_00090;90;;Côte de la Martelle;33350;33168;Flaujagues;;;0.038227;44.824357
33168_0017_01882;1882;;Route de Micouleau;33350;33168;Flaujagues;;;0.017737;44.845571
33168_0004_00350;350;;Route de Francesa;33350;33168;Flaujagues;;;0.029198;44.819145
33168_0014_00368;368;;Côte de la Martelle;33350;33168;Flaujagues;;;0.03672;44.822918
33168_0007_00496;496;;Route de Juillac;33350;33168;Flaujagues;;;0.032646;44.823757
33168_0007_00215;215;;Route de Juillac;33350;33168;Flaujagues;;;0.034939;44.825791
33168_0022_00066;66;;Route de Ramonet;33350;33168;Flaujagues;;;0.024398;44.825089
33168_0004_00306;306;;Route de Francesa;33350;33168;Flaujagues;;;0.028821;44.819523
33168_0019_00173;173;;Route de Pessac;33350;33168;Flaujagues;;;0.037126;44.826473
33168_0002_01179;1179;;Route de Castillon;33350;33168;Flaujagues;;;0.021298;44.826386
33168_0007_00256;256;;Route de Juillac;33350;33168;Flaujagues;;;0.034333;44.825606
33168_0025_00110;110;;Chemin du Chalard;33350;33168;Flaujagues;;;0.034103;44.830033
33168_0004_00466;466;;Route de Francesa;33350;33168;Flaujagues;;;0.028631;44.818302
33168_0007_00022;22;;Route de Juillac;33350;33168;Flaujagues;;;0.035947;44.827355
33168_0018_00750;750;;Route de Mondeau;33350;33168;Flaujagues;;;0.015141;44.820589
33168_0023_00640;640;;Route des Chartrons;33350;33168;Flaujagues;;;0.034252;44.833347
33168_0007_00073;73;;Route de Juillac;33350;33168;Flaujagues;;;0.035959;44.826794
33168_0017_02023;2023;;Route de Micouleau;33350;33168;Flaujagues;;;0.015975;44.845086
33168_0011_00252;252;;Rue de la Cave;33350;33168;Flaujagues;;;0.035374;44.822703
33168_0017_00123;123;;Route de Micouleau;33350;33168;Flaujagues;;;0.033043;44.834582
33168_0017_00862;862;;Route de Micouleau;33350;33168;Flaujagues;;;0.030234;44.841021
33168_0030_00040;40;;Rue du Port du Moulin;33350;33168;Flaujagues;;;0.036612;44.827837
33168_0030_00061;61;;Rue du Port du Moulin;33350;33168;Flaujagues;;;0.036686;44.828102
33168_0019_00125;125;;Route de Pessac;33350;33168;Flaujagues;;;0.036866;44.826917
33168_0017_01940;1940;;Route de Micouleau;33350;33168;Flaujagues;;;0.016986;44.845433
33168_0022_00051;51;;Route de Ramonet;33350;33168;Flaujagues;;;0.024697;44.825098
33168_0014_00366;366;;Côte de la Martelle;33350;33168;Flaujagues;;;0.036728;44.822607
33168_0030_00080;80;;Rue du Port du Moulin;33350;33168;Flaujagues;;;0.03708;44.828032
33168_0007_00278;278;;Route de Juillac;33350;33168;Flaujagues;;;0.034099;44.825566
33168_0018_00804;804;;Route de Mondeau;33350;33168;Flaujagues;;;0.01439;44.820451
33168_0017_02133;2133;;Route de Micouleau;33350;33168;Flaujagues;;;0.01486;44.845371
33168_0024_00030;30;;Chemin des Coutures;33350;33168;Flaujagues;;;0.028293;44.817817
33168_0007_00763;763;;Route de Juillac;33350;33168;Flaujagues;;;0.034363;44.822225
33168_0017_02501;2501;;Route de Micouleau;33350;33168;Flaujagues;;;0.010092;44.845555
33168_0029_00037;37;;Chemin du Port de Lamothe;33350;33168;Flaujagues;;;0.023301;44.843653
33168_0012_00166;166;;Promenade de la Dordogne;33350;33168;Flaujagues;;;0.036806;44.829764
33168_0027_00097;97;;Chemin du Pontarit;33350;33168;Flaujagues;;;0.038803;44.826653
33168_0017_00361;361;;Route de Micouleau;33350;33168;Flaujagues;;;0.032032;44.836547
33168_0030_00039;39;;Rue du Port du Moulin;33350;33168;Flaujagues;;;0.036541;44.827962
33168_0023_00408;408;;Route des Chartrons;33350;33168;Flaujagues;;;0.036408;44.831375
33168_0021_01111;1111;;Route de Pomarède;33350;33168;Flaujagues;;;0.021152;44.822112
33168_0017_01985;1985;;Route de Micouleau;33350;33168;Flaujagues;;;0.01641;44.844978
33168_0004_00240;240;;Route de Francesa;33350;33168;Flaujagues;;;0.029566;44.820207
33168_0023_00301;301;;Route des Chartrons;33350;33168;Flaujagues;;;0.035226;44.830391
33168_0007_00609;609;;Route de Juillac;33350;33168;Flaujagues;;;0.034262;44.822712
33168_0002_00255;255;;Route de Castillon;33350;33168;Flaujagues;;;0.032808;44.826837
33168_0011_00243;243;;Rue de la Cave;33350;33168;Flaujagues;;;0.036071;44.822807
33168_0007_00756;756;;Route de Juillac;33350;33168;Flaujagues;;;0.034605;44.821614
33168_0031_00861;861;;Route du Poy;33350;33168;Flaujagues;;;0.022979;44.836213
33168_0030_00029;29;;Rue du Port du Moulin;33350;33168;Flaujagues;;;0.036396;44.828043
33168_0017_02340;2340;;Route de Micouleau;33350;33168;Flaujagues;;;0.012397;44.846318
33168_0002_01797;1797;;Route de Castillon;33350;33168;Flaujagues;;;0.013574;44.827081
33168_0007_00220;220;;Route de Juillac;33350;33168;Flaujagues;;;0.034671;44.825923
33168_0019_00078;78;;Route de Pessac;33350;33168;Flaujagues;;;0.036359;44.827176
33168_0002_01039;1039;;Route de Castillon;33350;33168;Flaujagues;;;0.022958;44.826306
33168_0017_02058;2058;;Route de Micouleau;33350;33168;Flaujagues;;;0.015772;44.845488
33168_0007_00810;810;;Route de Juillac;33350;33168;Flaujagues;;;0.0354;44.822051
33168_0002_00507;507;;Route de Castillon;33350;33168;Flaujagues;;;0.029454;44.82709
33168_0017_01006;1006;;Route de Micouleau;33350;33168;Flaujagues;;;0.027519;44.841123
33168_0027_00135;135;;Chemin du Pontarit;33350;33168;Flaujagues;;;0.039311;44.826456
33168_0004_00177;177;;Route de Francesa;33350;33168;Flaujagues;;;0.030495;44.82036
33168_0007_00183;183;;Route de Juillac;33350;33168;Flaujagues;;;0.035131;44.825881
33168_0007_00224;224;;Route de Juillac;33350;33168;Flaujagues;;;0.034142;44.825786
33168_0007_00877;877;;Route de Juillac;33350;33168;Flaujagues;;;0.035914;44.822398
33168_0023_00559;559;;Route des Chartrons;33350;33168;Flaujagues;;;0.03189;44.83283
33168_0017_01977;1977;;Route de Micouleau;33350;33168;Flaujagues;;;0.017012;44.84404
33168_0012_00083;83;;Promenade de la Dordogne;33350;33168;Flaujagues;;;0.03692;44.828972
33168_0009_00100;100;;Allée de l’Église;33350;33168;Flaujagues;;;0.037422;44.827972
33168_0018_00784;784;;Route de Mondeau;33350;33168;Flaujagues;;;0.014738;44.820485
33168_0023_00031;31;;Route des Chartrons;33350;33168;Flaujagues;;;0.035768;44.828006
33168_0025_00240;240;;Chemin du Chalard;33350;33168;Flaujagues;;;0.032134;44.830042
33168_0022_00083;83;;Route de Ramonet;33350;33168;Flaujagues;;;0.024656;44.824857
33168_0023_00562;562;;Route des Chartrons;33350;33168;Flaujagues;;;0.034533;44.832661
33168_0017_02499;2499;;Route de Micouleau;33350;33168;Flaujagues;;;0.010302;44.845604
33168_0011_00018;18;;Rue de la Cave;33350;33168;Flaujagues;;;0.033444;44.823362
33168_0003_00041;41;;Chemin de Fonvidal;33350;33168;Flaujagues;;;0.035078;44.821788
33168_0018_00874;874;;Route de Mondeau;33350;33168;Flaujagues;;;0.013656;44.820206
33168_0002_01071;1071;;Route de Castillon;33350;33168;Flaujagues;;;0.022513;44.826395
33168_0023_00631;631;;Route des Chartrons;33350;33168;Flaujagues;;;0.033675;44.833101
33168_0004_00469;469;;Route de Francesa;33350;33168;Flaujagues;;;0.029035;44.817932
33168_0030_00089;89;;Rue du Port du Moulin;33350;33168;Flaujagues;;;0.03702;44.828184
33168_0004_00380;380;;Route de Francesa;33350;33168;Flaujagues;;;0.02861;44.819143
33168_0007_01280;1280;;Route de Juillac;33350;33168;Flaujagues;;;0.039322;44.821333
33168_0017_02136;2136;;Route de Micouleau;33350;33168;Flaujagues;;;0.014988;44.845606
33168_0021_00135;135;;Route de Pomarède;33350;33168;Flaujagues;;;0.032011;44.821876
33168_0021_01115;1115;;Route de Pomarède;33350;33168;Flaujagues;;;0.021233;44.821857
33168_0001_00056;56;;Route de Caillauca;33350;33168;Flaujagues;;;0.025276;44.82609
33168_0017_02074;2074;;Route de Micouleau;33350;33168;Flaujagues;;;0.015549;44.845474
33168_0027_00152;152;;Chemin du Pontarit;33350;33168;Flaujagues;;;0.040005;44.826481
33168_0004_00248;248;;Route de Francesa;33350;33168;Flaujagues;;;0.029569;44.819998
33168_0023_00660;660;;Route des Chartrons;33350;33168;Flaujagues;;;0.037182;44.834011
33168_0007_00172;172;;Route de Juillac;33350;33168;Flaujagues;;;0.035008;44.82632
33168_0004_00401;401;;Route de Francesa;33350;33168;Flaujagues;;;0.029305;44.818509
33168_0009_00106;106;;Allée de l’Église;33350;33168;Flaujagues;;;0.037511;44.828113
33168_0033_00004;4;;Voie du Temple;33350;33168;Flaujagues;;;0.035829;44.82696
33168_0025_00070;70;;Chemin du Chalard;33350;33168;Flaujagues;;;0.034596;44.830023
33168_0021_01315;1315;;Route de Pomarède;33350;33168;Flaujagues;;;0.017952;44.821271
33168_0019_00861;861;;Route de Pessac;33350;33168;Flaujagues;;;0.044589;44.824404
33168_0002_01543;1543;;Route de Castillon;33350;33168;Flaujagues;;;0.016874;44.826731
33168_0019_00131;131;;Route de Pessac;33350;33168;Flaujagues;;;0.038725;44.826247
33168_0017_00342;342;;Route de Micouleau;33350;33168;Flaujagues;;;0.032565;44.836429
33168_0018_00484;484;;Route de Mondeau;33350;33168;Flaujagues;;;0.016866;44.822198
33168_0032_00011;11;;Chemin du Rival;33350;33168;Flaujagues;;;0.04634;44.822787
33168_0019_00495;495;;Route de Pessac;33350;33168;Flaujagues;;;0.040981;44.825772
