id;numero;rep;nom_voie;code_postal;code_insee;nom_commune;nom_ancienne_commune;nom_ld;lon;lat
86235_2ap3pc_00014;14;;Rue de la Treille - Le Dognon;86160;86235;Saint-Maurice-la-Clouère;;;0.476626;46.379599
86235_0015_00007;7;;Place de la Liberté;86160;86235;Saint-Maurice-la-Clouère;;;0.410528;46.376389
86235_b080_00002;2;;Lieu-Dit la Grange du Puy;86160;86235;Saint-Maurice-la-Clouère;;;0.465249;46.392609
86235_0013_00002;2;;Route de Gizay;86160;86235;Saint-Maurice-la-Clouère;;;0.411464;46.377266
86235_u65b6h_00002;2;;Lieu-Dit Mossais;86160;86235;Saint-Maurice-la-Clouère;;;0.452166;46.389659
86235_ws9dgj_00004;4;;Lieu-Dit Brossac;86160;86235;Saint-Maurice-la-Clouère;;;0.423298;46.378913
86235_ws9dgj_00007;7;;Lieu-Dit Brossac;86160;86235;Saint-Maurice-la-Clouère;;;0.424719;46.378151
86235_tpxvj2_00001;1;;Lieu-Dit les Malterres;86160;86235;Saint-Maurice-la-Clouère;;;0.468204;46.39056
86235_gwhd38_00008;8;;Lieu-Dit Nervarand;86160;86235;Saint-Maurice-la-Clouère;;;0.505193;46.369272
86235_0023_00004;4;;Impasse du Moulin;86160;86235;Saint-Maurice-la-Clouère;;;0.413139;46.376342
86235_ho2kpr_00014;14;;Rue de la Vieille Forge - Le Dognon;86160;86235;Saint-Maurice-la-Clouère;;;0.476448;46.379732
86235_7pmtma_00003;3;;Plan de Puy Felix - Puy Félix;86160;86235;Saint-Maurice-la-Clouère;;;0.427662;46.375303
86235_b002_00003;3;;L’Ancienne Cure;86160;86235;Saint-Maurice-la-Clouère;;;0.407099;46.376934
86235_0018_00058;58;;Rue Principale;86160;86235;Saint-Maurice-la-Clouère;;;0.41471;46.378426
86235_25k9rp_00001;1;;Lieu-Dit le Geneteau;86160;86235;Saint-Maurice-la-Clouère;;;0.42648;46.379676
86235_ho2kpr_00005;5;;Rue de la Vieille Forge - Le Dognon;86160;86235;Saint-Maurice-la-Clouère;;;0.475407;46.380102
86235_0007_00001;1;;Chemin de la Croix de la Garde;86160;86235;Saint-Maurice-la-Clouère;;;0.411265;46.380993
86235_8wqvug_00004;4;;Rue Pierré Puy Félix;86160;86235;Saint-Maurice-la-Clouère;;;0.426486;46.375898
86235_0003_00013;13;;Chemin des Carrières;86160;86235;Saint-Maurice-la-Clouère;;;0.409444;46.38038
86235_0018_00026;26;;Rue Principale;86160;86235;Saint-Maurice-la-Clouère;;;0.410751;46.377069
86235_a130_00010;10;;Zone Artisanale de Galmoisin;86160;86235;Saint-Maurice-la-Clouère;;;0.404204;46.384719
86235_zd7dk9_00022;22;;Rue Jeannine et Yves Girard Le Dognon;86160;86235;Saint-Maurice-la-Clouère;;;0.473391;46.380985
86235_0016_00023;23;;Rue du Moulin;86160;86235;Saint-Maurice-la-Clouère;;;0.414486;46.376004
86235_0026_00012;12;;Rue des Grands Champs;86160;86235;Saint-Maurice-la-Clouère;;;0.405573;46.382136
86235_5ojovb_00004;4;;Lieu-Dit le Mineret;86160;86235;Saint-Maurice-la-Clouère;;;0.483735;46.394274
86235_0030_00004;4;;Rue François Baco;86160;86235;Saint-Maurice-la-Clouère;;;0.411222;46.383855
86235_pd4g8g_00007;7;;Lieu-Dit Le Montairon;86160;86235;Saint-Maurice-la-Clouère;;;0.485293;46.384859
86235_0018_00019;19;;Rue Principale;86160;86235;Saint-Maurice-la-Clouère;;;0.411265;46.377072
86235_0026_00014_bis;14;bis;Rue des Grands Champs;86160;86235;Saint-Maurice-la-Clouère;;;0.405952;46.382312
86235_b111_00004;4;;Lieu-Dit le Petit Fouilloux;86160;86235;Saint-Maurice-la-Clouère;;;0.394221;46.390584
86235_0030_00008;8;;Rue François Baco;86160;86235;Saint-Maurice-la-Clouère;;;0.410643;46.383632
86235_pd4g8g_00010;10;;Lieu-Dit Le Montairon;86160;86235;Saint-Maurice-la-Clouère;;;0.484766;46.383972
86235_a120_00022;22;;Zone artisanale de l’Arboretum;86160;86235;Saint-Maurice-la-Clouère;;;0.405617;46.38502
86235_k74dfj_00002;2;;Lieu-Dit la Tuilerie;86160;86235;Saint-Maurice-la-Clouère;;;0.391575;46.405924
86235_0003_00006;6;;Chemin des Carrières;86160;86235;Saint-Maurice-la-Clouère;;;0.411031;46.379171
86235_b114_00003;3;;Le Petit Trou;86160;86235;Saint-Maurice-la-Clouère;;;0.402505;46.377536
86235_0100_00014;14;;Rue Charles Oberlin;86160;86235;Saint-Maurice-la-Clouère;;;0.411655;46.383556
86235_0018_00001;1;;Rue Principale;86160;86235;Saint-Maurice-la-Clouère;;;0.409428;46.377094
86235_b114_00007;7;;Le Petit Trou;86160;86235;Saint-Maurice-la-Clouère;;;0.402874;46.378283
86235_0018_00044;44;;Rue Principale;86160;86235;Saint-Maurice-la-Clouère;;;0.41309;46.377545
86235_0020_00003;3;;Rue Robert Pacaud;86160;86235;Saint-Maurice-la-Clouère;;;0.415311;46.380666
86235_kf0a4w_00001;1;;Lieu-Dit la Chapelière;86160;86235;Saint-Maurice-la-Clouère;;;0.503258;46.399687
86235_0004_00016;16;;Route de Chez Vécant;86160;86235;Saint-Maurice-la-Clouère;;;0.407136;46.382446
86235_a130_00023;23;;Zone Artisanale de Galmoisin;86160;86235;Saint-Maurice-la-Clouère;;;0.40261;46.386791
86235_0017_00001;1;;Rue Pierre Andrault;86160;86235;Saint-Maurice-la-Clouère;;;0.407316;46.381114
86235_kf0a4w_00007;7;;Lieu-Dit la Chapelière;86160;86235;Saint-Maurice-la-Clouère;;;0.503006;46.400111
86235_0013_00022_bis;22;bis;Route de Gizay;86160;86235;Saint-Maurice-la-Clouère;;;0.411611;46.379229
86235_838y1e_00002;2;;Galmoisin;86160;86235;Saint-Maurice-la-Clouère;;;0.399006;46.380845
86235_0017_00002;2;;Rue Pierre Andrault;86160;86235;Saint-Maurice-la-Clouère;;;0.40703;46.38134
86235_0026_00010;10;;Rue des Grands Champs;86160;86235;Saint-Maurice-la-Clouère;;;0.405227;46.382069
86235_b002_00011;11;;L’Ancienne Cure;86160;86235;Saint-Maurice-la-Clouère;;;0.406595;46.377057
86235_0023_00005;5;;Impasse du Moulin;86160;86235;Saint-Maurice-la-Clouère;;;0.41335;46.3766
86235_b117_00001;1;;Lieu-Dit les Petites Vallées;86160;86235;Saint-Maurice-la-Clouère;;;0.381337;46.398743
86235_ho2kpr_00016;16;;Rue de la Vieille Forge - Le Dognon;86160;86235;Saint-Maurice-la-Clouère;;;0.47701;46.379383
86235_0018_00055;55;;Rue Principale;86160;86235;Saint-Maurice-la-Clouère;;;0.41324;46.377511
86235_0016_00009;9;;Rue du Moulin;86160;86235;Saint-Maurice-la-Clouère;;;0.412556;46.375077
86235_avmq0c_00008;8;;Lieu-Dit Remigeoux;86160;86235;Saint-Maurice-la-Clouère;;;0.430702;46.393343
86235_0018_00027;27;;Rue Principale;86160;86235;Saint-Maurice-la-Clouère;;;0.411609;46.377
86235_0018_00014;14;;Rue Principale;86160;86235;Saint-Maurice-la-Clouère;;;0.410261;46.377018
86235_0013_00010;10;;Route de Gizay;86160;86235;Saint-Maurice-la-Clouère;;;0.411312;46.377992
86235_b171_00001;1;;Pavillon de la Motte;86160;86235;Saint-Maurice-la-Clouère;;;0.443932;46.360126
86235_pd4g8g_00013;13;;Lieu-Dit Le Montairon;86160;86235;Saint-Maurice-la-Clouère;;;0.486801;46.384047
86235_x1kzz1_00017;17;;Lieu-Dit Chantemerle;86160;86235;Saint-Maurice-la-Clouère;;;0.482619;46.374483
86235_0026_00005;5;;Rue des Grands Champs;86160;86235;Saint-Maurice-la-Clouère;;;0.403638;46.381781
86235_0003_00003;3;;Chemin des Carrières;86160;86235;Saint-Maurice-la-Clouère;;;0.410779;46.379476
86235_0003_00010;10;;Chemin des Carrières;86160;86235;Saint-Maurice-la-Clouère;;;0.410551;46.379552
86235_o3r65n_00003;3;;Le Pin;86160;86235;Saint-Maurice-la-Clouère;;;0.447818;46.366166
86235_0018_00016;16;;Rue Principale;86160;86235;Saint-Maurice-la-Clouère;;;0.410345;46.377014
86235_0016_00003;3;;Rue du Moulin;86160;86235;Saint-Maurice-la-Clouère;;;0.410898;46.375838
86235_yg25wu_00001;1;;Lieu-Dit la Motte;86160;86235;Saint-Maurice-la-Clouère;;;0.444172;46.36269
86235_0007_00007;7;;Chemin de la Croix de la Garde;86160;86235;Saint-Maurice-la-Clouère;;;0.409151;46.381046
86235_pd4g8g_00006;6;;Lieu-Dit Le Montairon;86160;86235;Saint-Maurice-la-Clouère;;;0.485142;46.384548
86235_a130_00012;12;;Zone Artisanale de Galmoisin;86160;86235;Saint-Maurice-la-Clouère;;;0.404315;46.384202
86235_zo47wm_00004;4;;Lieu-Dit Toucheronde;86160;86235;Saint-Maurice-la-Clouère;;;0.454757;46.370257
86235_0018_00059;59;;Rue Principale;86160;86235;Saint-Maurice-la-Clouère;;;0.413471;46.377596
86235_18x6ig_00002;2;;Lieu-Dit Bellevue;86160;86235;Saint-Maurice-la-Clouère;;;0.442895;46.376256
86235_b111_00010;10;;Lieu-Dit le Petit Fouilloux;86160;86235;Saint-Maurice-la-Clouère;;;0.394745;46.3905
86235_b043_00016;16;;Lieu-Dit Chez Vecant;86160;86235;Saint-Maurice-la-Clouère;;;0.403439;46.390269
86235_jh1xbw_00001;1;;Lieu-Dit Julicine;86160;86235;Saint-Maurice-la-Clouère;;;0.51613;46.378789
86235_0022_00006;6;;Place de la Croix de la Garde;86160;86235;Saint-Maurice-la-Clouère;;;0.411521;46.381896
86235_b002_00001;1;;L’Ancienne Cure;86160;86235;Saint-Maurice-la-Clouère;;;0.407236;46.377002
86235_qigqx8_00002;2;;Chemin de la Grand-Mère - Puy Félix;86160;86235;Saint-Maurice-la-Clouère;;;0.428312;46.375414
86235_0016_00014;14;;Rue du Moulin;86160;86235;Saint-Maurice-la-Clouère;;;0.412684;46.375641
86235_0006_00011;11;;Chemin du Côteau;86160;86235;Saint-Maurice-la-Clouère;;;0.404279;46.380154
86235_0022_00001;1;;Place de la Croix de la Garde;86160;86235;Saint-Maurice-la-Clouère;;;0.411951;46.381484
86235_y1ab8u_00003;3;;La Ressonnière;86160;86235;Saint-Maurice-la-Clouère;;;0.428744;46.40826
86235_0018_00021;21;;Rue Principale;86160;86235;Saint-Maurice-la-Clouère;;;0.411322;46.377072
86235_b043_00015;15;;Lieu-Dit Chez Vecant;86160;86235;Saint-Maurice-la-Clouère;;;0.404065;46.391636
86235_0013_00004;4;;Route de Gizay;86160;86235;Saint-Maurice-la-Clouère;;;0.411496;46.377452
86235_0016_00026;26;;Rue du Moulin;86160;86235;Saint-Maurice-la-Clouère;;;0.41402;46.376217
86235_0014_00010;10;;Rue Henri Senellier;86160;86235;Saint-Maurice-la-Clouère;;;0.414697;46.380137
86235_0018_00007;7;;Rue Principale;86160;86235;Saint-Maurice-la-Clouère;;;0.409889;46.376997
86235_i6zl8p_00006;6;;Rue du Gué - Puy Félix;86160;86235;Saint-Maurice-la-Clouère;;;0.426803;46.375068
86235_0018_00042;42;;Rue Principale;86160;86235;Saint-Maurice-la-Clouère;;;0.412929;46.377486
86235_0080_00008;8;;Route de Vivonne;86160;86235;Saint-Maurice-la-Clouère;;;0.401471;46.385052
86235_0026_00024;24;;Rue des Grands Champs;86160;86235;Saint-Maurice-la-Clouère;;;0.405842;46.381486
86235_0015_00003;3;;Place de la Liberté;86160;86235;Saint-Maurice-la-Clouère;;;0.409907;46.376841
86235_0008_00011;11;;Rue du Curé Boiteau;86160;86235;Saint-Maurice-la-Clouère;;;0.412003;46.378972
86235_0006_00009;9;;Chemin du Côteau;86160;86235;Saint-Maurice-la-Clouère;;;0.404598;46.380251
86235_8wqvug_00008;8;;Rue Pierré Puy Félix;86160;86235;Saint-Maurice-la-Clouère;;;0.427193;46.375887
86235_2zy1h6_00014;14;;Rue de l’Ancienne Mare - Le Dognon;86160;86235;Saint-Maurice-la-Clouère;;;0.474999;46.38062
86235_0003_00007;7;;Chemin des Carrières;86160;86235;Saint-Maurice-la-Clouère;;;0.410415;46.379844
86235_838y1e_00004;4;;Galmoisin;86160;86235;Saint-Maurice-la-Clouère;;;0.402309;46.381458
86235_0110_00008;8;;Rue Othello;86160;86235;Saint-Maurice-la-Clouère;;;0.411348;46.384805
86235_0027_00001;1;;Impasse Galmoisin;86160;86235;Saint-Maurice-la-Clouère;;;0.405279;46.380487
86235_a120_00006;6;;Zone artisanale de l’Arboretum;86160;86235;Saint-Maurice-la-Clouère;;;0.406443;46.383742
86235_0024_00010;10;;Rue de la Pibole;86160;86235;Saint-Maurice-la-Clouère;;;0.411177;46.381277
86235_0005_00007;7;;Place des Cordonniers;86160;86235;Saint-Maurice-la-Clouère;;;0.4133;46.377312
86235_0007_00015;15;;Chemin de la Croix de la Garde;86160;86235;Saint-Maurice-la-Clouère;;;0.407645;46.380993
86235_0030_00002;2;;Rue François Baco;86160;86235;Saint-Maurice-la-Clouère;;;0.411619;46.383785
86235_0009_00006;6;;Rue du Curé Jallet;86160;86235;Saint-Maurice-la-Clouère;;;0.416264;46.379855
86235_pd4g8g_00005;5;;Lieu-Dit Le Montairon;86160;86235;Saint-Maurice-la-Clouère;;;0.485205;46.384694
86235_0030_00006;6;;Rue François Baco;86160;86235;Saint-Maurice-la-Clouère;;;0.410716;46.383872
86235_0018_00029;29;;Rue Principale;86160;86235;Saint-Maurice-la-Clouère;;;0.411705;46.37719
86235_o3r65n_00001;1;;Le Pin;86160;86235;Saint-Maurice-la-Clouère;;;0.447908;46.367221
86235_zd7dk9_00014;14;;Rue Jeannine et Yves Girard Le Dognon;86160;86235;Saint-Maurice-la-Clouère;;;0.474049;46.38158
86235_0026_00018;18;;Rue des Grands Champs;86160;86235;Saint-Maurice-la-Clouère;;;0.406208;46.382031
86235_0013_00017;17;;Route de Gizay;86160;86235;Saint-Maurice-la-Clouère;;;0.411985;46.379775
86235_0016_00012;12;;Rue du Moulin;86160;86235;Saint-Maurice-la-Clouère;;;0.412547;46.375596
86235_0005_00003;3;;Place des Cordonniers;86160;86235;Saint-Maurice-la-Clouère;;;0.41313;46.377184
86235_0009_00003;3;;Rue du Curé Jallet;86160;86235;Saint-Maurice-la-Clouère;;;0.416023;46.379388
86235_ho2kpr_00022;22;;Rue de la Vieille Forge - Le Dognon;86160;86235;Saint-Maurice-la-Clouère;;;0.478116;46.379058
86235_0012_00004;4;;Rue Edgard Suraud;86160;86235;Saint-Maurice-la-Clouère;;;0.415775;46.380355
86235_7pmtma_00002;2;;Plan de Puy Felix - Puy Félix;86160;86235;Saint-Maurice-la-Clouère;;;0.427465;46.375404
86235_0010_00005;5;;Rue Desire Bienvenu;86160;86235;Saint-Maurice-la-Clouère;;;0.413697;46.379114
86235_b080_00001;1;;Lieu-Dit la Grange du Puy;86160;86235;Saint-Maurice-la-Clouère;;;0.465797;46.392715
86235_ugoeh6_00001;1;;Lieu-Dit Auget;86160;86235;Saint-Maurice-la-Clouère;;;0.499185;46.397505
86235_0018_00011;11;;Rue Principale;86160;86235;Saint-Maurice-la-Clouère;;;0.410895;46.37702
86235_b002_00005;5;;L’Ancienne Cure;86160;86235;Saint-Maurice-la-Clouère;;;0.406891;46.376856
86235_0011_00016;16;;Rue du Docteur Mèriguet;86160;86235;Saint-Maurice-la-Clouère;;;0.413722;46.380091
86235_0018_00033;33;;Rue Principale;86160;86235;Saint-Maurice-la-Clouère;;;0.411988;46.377258
86235_0016_00024;24;;Rue du Moulin;86160;86235;Saint-Maurice-la-Clouère;;;0.413848;46.376152
86235_0002_00009;9;;Rue de Bellabre;86160;86235;Saint-Maurice-la-Clouère;;;0.41232;46.378183
86235_0010_00002;2;;Rue Desire Bienvenu;86160;86235;Saint-Maurice-la-Clouère;;;0.41274;46.380075
86235_0018_00065;65;;Rue Principale;86160;86235;Saint-Maurice-la-Clouère;;;0.419435;46.378551
86235_0021_00003;3;;Chemin des Sapinettes;86160;86235;Saint-Maurice-la-Clouère;;;0.413132;46.380858
86235_0004_00010;10;;Route de Chez Vécant;86160;86235;Saint-Maurice-la-Clouère;;;0.409514;46.381619
86235_0080_00014;14;;Route de Vivonne;86160;86235;Saint-Maurice-la-Clouère;;;0.399416;46.385931
86235_dcv3dk_00003;3;;Lieu-Dit la Rochereau;86160;86235;Saint-Maurice-la-Clouère;;;0.466983;46.388265
86235_0009_00004;4;;Rue du Curé Jallet;86160;86235;Saint-Maurice-la-Clouère;;;0.415993;46.379737
86235_zd7dk9_00025;25;;Rue Jeannine et Yves Girard Le Dognon;86160;86235;Saint-Maurice-la-Clouère;;;0.473939;46.380611
86235_0016_00013;13;;Rue du Moulin;86160;86235;Saint-Maurice-la-Clouère;;;0.413159;46.375518
86235_dqblzw_00001;1;;Lieu-Dit Mauvonne;86160;86235;Saint-Maurice-la-Clouère;;;0.448069;46.399329
86235_0100_00024;24;;Rue Charles Oberlin;86160;86235;Saint-Maurice-la-Clouère;;;0.411686;46.385296
86235_0014_00006;6;;Rue Henri Senellier;86160;86235;Saint-Maurice-la-Clouère;;;0.415006;46.38011
86235_0110_00012;12;;Rue Othello;86160;86235;Saint-Maurice-la-Clouère;;;0.410784;46.384866
86235_b078_00010;10;;Lieu-Dit la Grange Carrée;86160;86235;Saint-Maurice-la-Clouère;;;0.466454;46.377316
86235_0002_00002;2;;Rue de Bellabre;86160;86235;Saint-Maurice-la-Clouère;;;0.41182;46.378178
86235_b078_00006;6;;Lieu-Dit la Grange Carrée;86160;86235;Saint-Maurice-la-Clouère;;;0.466314;46.377538
86235_stex8o_00002;2;;La Vacherie.;86160;86235;Saint-Maurice-la-Clouère;;;0.492117;46.381378
86235_7pmtma_00004;4;;Plan de Puy Felix - Puy Félix;86160;86235;Saint-Maurice-la-Clouère;;;0.427335;46.375393
86235_ho2kpr_00019;19;;Rue de la Vieille Forge - Le Dognon;86160;86235;Saint-Maurice-la-Clouère;;;0.478168;46.379627
86235_ws9dgj_00003;3;;Lieu-Dit Brossac;86160;86235;Saint-Maurice-la-Clouère;;;0.424486;46.378639
86235_x1kzz1_00001;1;;Lieu-Dit Chantemerle;86160;86235;Saint-Maurice-la-Clouère;;;0.483331;46.375744
86235_0100_00001_a;1;a;Rue Charles Oberlin;86160;86235;Saint-Maurice-la-Clouère;;;0.412401;46.383732
86235_ps0rgt_00004;4;;Plamboux;86160;86235;Saint-Maurice-la-Clouère;;;0.450277;46.382522
86235_0016_00008;8;;Rue du Moulin;86160;86235;Saint-Maurice-la-Clouère;;;0.412395;46.375253
86235_0026_00027;27;;Rue des Grands Champs;86160;86235;Saint-Maurice-la-Clouère;;;0.406943;46.382268
86235_b043_00020;20;;Lieu-Dit Chez Vecant;86160;86235;Saint-Maurice-la-Clouère;;;0.404448;46.391207
86235_o3r65n_00005;5;;Le Pin;86160;86235;Saint-Maurice-la-Clouère;;;0.447252;46.366553
86235_l320gr_00001;1;;La Foncoudreau;86160;86235;Saint-Maurice-la-Clouère;;;0.512652;46.382894
86235_o6w85s_00005;5;;Rue des Granges - Le Dognon;86160;86235;Saint-Maurice-la-Clouère;;;0.475249;46.381577
86235_i33ruu_00001;1;;Lieu-Dit les Glycines;86160;86235;Saint-Maurice-la-Clouère;;;0.404198;46.408317
86235_0007_00002_bis;2;bis;Chemin de la Croix de la Garde;86160;86235;Saint-Maurice-la-Clouère;;;0.41151;46.380625
86235_0008_00003;3;;Rue du Curé Boiteau;86160;86235;Saint-Maurice-la-Clouère;;;0.41257;46.379247
86235_0015_00005;5;;Place de la Liberté;86160;86235;Saint-Maurice-la-Clouère;;;0.409893;46.376767
86235_0012_00008;8;;Rue Edgard Suraud;86160;86235;Saint-Maurice-la-Clouère;;;0.416141;46.380634
86235_7pmtma_00009;9;;Plan de Puy Felix - Puy Félix;86160;86235;Saint-Maurice-la-Clouère;;;0.42756;46.375129
86235_0026_00033;33;;Rue des Grands Champs;86160;86235;Saint-Maurice-la-Clouère;;;0.406551;46.381753
86235_0100_00003;3;;Rue Charles Oberlin;86160;86235;Saint-Maurice-la-Clouère;;;0.412208;46.383983
86235_0026_00003;3;;Rue des Grands Champs;86160;86235;Saint-Maurice-la-Clouère;;;0.40347;46.381585
86235_0018_00038;38;;Rue Principale;86160;86235;Saint-Maurice-la-Clouère;;;0.412662;46.377451
86235_0100_00004;4;;Rue Charles Oberlin;86160;86235;Saint-Maurice-la-Clouère;;;0.412325;46.383484
86235_8wqvug_00006;6;;Rue Pierré Puy Félix;86160;86235;Saint-Maurice-la-Clouère;;;0.426853;46.375959
86235_0018_00036;36;;Rue Principale;86160;86235;Saint-Maurice-la-Clouère;;;0.41253;46.377443
86235_a120_00004;4;;Zone artisanale de l’Arboretum;86160;86235;Saint-Maurice-la-Clouère;;;0.40581;46.383813
86235_b078_00008;8;;Lieu-Dit la Grange Carrée;86160;86235;Saint-Maurice-la-Clouère;;;0.466149;46.377432
86235_0004_00019;19;;Route de Chez Vécant;86160;86235;Saint-Maurice-la-Clouère;;;0.40858;46.382458
86235_0004_00003;3;;Route de Chez Vécant;86160;86235;Saint-Maurice-la-Clouère;;;0.411633;46.380322
86235_b002_00009;9;;L’Ancienne Cure;86160;86235;Saint-Maurice-la-Clouère;;;0.406684;46.376845
86235_0013_00013;13;;Route de Gizay;86160;86235;Saint-Maurice-la-Clouère;;;0.411923;46.379355
86235_i6zl8p_00001;1;;Rue du Gué - Puy Félix;86160;86235;Saint-Maurice-la-Clouère;;;0.427178;46.375671
86235_0005_00009;9;;Place des Cordonniers;86160;86235;Saint-Maurice-la-Clouère;;;0.413415;46.377393
86235_b043_00012;12;;Lieu-Dit Chez Vecant;86160;86235;Saint-Maurice-la-Clouère;;;0.403184;46.390217
86235_x1kzz1_00008;8;;Lieu-Dit Chantemerle;86160;86235;Saint-Maurice-la-Clouère;;;0.482295;46.374629
86235_0020_00001_bis;1;bis;Rue Robert Pacaud;86160;86235;Saint-Maurice-la-Clouère;;;0.415201;46.380609
86235_ws9dgj_00006;6;;Lieu-Dit Brossac;86160;86235;Saint-Maurice-la-Clouère;;;0.424166;46.378481
86235_b075_00003;3;;Lieu-Dit la Grande Fougère;86160;86235;Saint-Maurice-la-Clouère;;;0.412649;46.397172
86235_0024_00008;8;;Rue de la Pibole;86160;86235;Saint-Maurice-la-Clouère;;;0.411421;46.381236
86235_a130_00007;7;;Zone Artisanale de Galmoisin;86160;86235;Saint-Maurice-la-Clouère;;;0.402891;46.383721
86235_dcv3dk_00002;2;;Lieu-Dit la Rochereau;86160;86235;Saint-Maurice-la-Clouère;;;0.464945;46.383068
86235_0013_00008;8;;Route de Gizay;86160;86235;Saint-Maurice-la-Clouère;;;0.411455;46.378005
86235_0030_00001;1;;Rue François Baco;86160;86235;Saint-Maurice-la-Clouère;;;0.411312;46.384202
86235_b043_00017;17;;Lieu-Dit Chez Vecant;86160;86235;Saint-Maurice-la-Clouère;;;0.404278;46.39193
86235_0004_00014;14;;Route de Chez Vécant;86160;86235;Saint-Maurice-la-Clouère;;;0.408768;46.382095
86235_0100_00021;21;;Rue Charles Oberlin;86160;86235;Saint-Maurice-la-Clouère;;;0.411984;46.385869
86235_sum1ta_00002;2;;Lieu-Dit les Coudres;86160;86235;Saint-Maurice-la-Clouère;;;0.425462;46.382435
86235_0012_00002;2;;Rue Edgard Suraud;86160;86235;Saint-Maurice-la-Clouère;;;0.415544;46.380244
86235_ps0rgt_00002;2;;Plamboux;86160;86235;Saint-Maurice-la-Clouère;;;0.449979;46.38251
86235_8wqvug_00005;5;;Rue Pierré Puy Félix;86160;86235;Saint-Maurice-la-Clouère;;;0.426586;46.376453
86235_0018_00041;41;;Rue Principale;86160;86235;Saint-Maurice-la-Clouère;;;0.412525;46.37736
86235_2ap3pc_00005;5;;Rue de la Treille - Le Dognon;86160;86235;Saint-Maurice-la-Clouère;;;0.476276;46.379635
86235_fdmw3d_00002;2;;Lieu-Dit la Rayonnière;86160;86235;Saint-Maurice-la-Clouère;;;0.454611;46.378719
86235_a120_00003;3;;Zone artisanale de l’Arboretum;86160;86235;Saint-Maurice-la-Clouère;;;0.405251;46.384461
86235_0006_00001;1;;Chemin du Côteau;86160;86235;Saint-Maurice-la-Clouère;;;0.406303;46.380957
86235_0017_00003;3;;Rue Pierre Andrault;86160;86235;Saint-Maurice-la-Clouère;;;0.40794;46.381845
86235_0016_00019;19;;Rue du Moulin;86160;86235;Saint-Maurice-la-Clouère;;;0.413892;46.37576
86235_0009_00001;1;;Rue du Curé Jallet;86160;86235;Saint-Maurice-la-Clouère;;;0.415753;46.379228
86235_b014_00002;2;;Lieu-Dit Bois Batard;86160;86235;Saint-Maurice-la-Clouère;;;0.403204;46.406542
86235_0017_00006;6;;Rue Pierre Andrault;86160;86235;Saint-Maurice-la-Clouère;;;0.407267;46.381729
86235_b115_00002;2;;Lieu-Dit la Petite Fougère;86160;86235;Saint-Maurice-la-Clouère;;;0.417575;46.398211
86235_6ksieb_00003;3;;Rue du Petit Jacques - Puy Félix;86160;86235;Saint-Maurice-la-Clouère;;;0.428552;46.376247
86235_0027_00002;2;;Impasse Galmoisin;86160;86235;Saint-Maurice-la-Clouère;;;0.405277;46.380831
86235_b078_00004;4;;Lieu-Dit la Grange Carrée;86160;86235;Saint-Maurice-la-Clouère;;;0.466179;46.3776
86235_8wqvug_00007;7;;Rue Pierré Puy Félix;86160;86235;Saint-Maurice-la-Clouère;;;0.427303;46.376121
86235_cb7h4s_00004;4;;Lieu-Dit la Farcière;86160;86235;Saint-Maurice-la-Clouère;;;0.454848;46.364385
86235_0002_00001_bis;1;bis;Rue de Bellabre;86160;86235;Saint-Maurice-la-Clouère;;;0.412305;46.377657
86235_09xkju_00002;2;;Rue du Chemin Blanc - Le Dognon;86160;86235;Saint-Maurice-la-Clouère;;;0.474232;46.380622
86235_0010_00009;9;;Rue Desire Bienvenu;86160;86235;Saint-Maurice-la-Clouère;;;0.413508;46.379679
86235_a120_00014;14;;Zone artisanale de l’Arboretum;86160;86235;Saint-Maurice-la-Clouère;;;0.407559;46.384099
86235_0100_00016;16;;Rue Charles Oberlin;86160;86235;Saint-Maurice-la-Clouère;;;0.411871;46.384069
86235_0018_00067;67;;Rue Principale;86160;86235;Saint-Maurice-la-Clouère;;;0.418342;46.380016
86235_x1kzz1_00014;14;;Lieu-Dit Chantemerle;86160;86235;Saint-Maurice-la-Clouère;;;0.481544;46.374003
86235_0004_00012;12;;Route de Chez Vécant;86160;86235;Saint-Maurice-la-Clouère;;;0.409029;46.38187
86235_0018_00035;35;;Rue Principale;86160;86235;Saint-Maurice-la-Clouère;;;0.412106;46.37728
86235_0100_00007;7;;Rue Charles Oberlin;86160;86235;Saint-Maurice-la-Clouère;;;0.412272;46.384465
86235_pd4g8g_00016;16;;Lieu-Dit Le Montairon;86160;86235;Saint-Maurice-la-Clouère;;;0.485247;46.383868
86235_0100_00014_b;14;b;Rue Charles Oberlin;86160;86235;Saint-Maurice-la-Clouère;;;0.411563;46.383594
86235_x1kzz1_00003;3;;Lieu-Dit Chantemerle;86160;86235;Saint-Maurice-la-Clouère;;;0.48312;46.375491
86235_0004_00004;4;;Route de Chez Vécant;86160;86235;Saint-Maurice-la-Clouère;;;0.411357;46.379742
86235_0015_00002;2;;Place de la Liberté;86160;86235;Saint-Maurice-la-Clouère;;;0.410604;46.37695
86235_zd7dk9_00015;15;;Rue Jeannine et Yves Girard Le Dognon;86160;86235;Saint-Maurice-la-Clouère;;;0.47465;46.381899
86235_0005_00011;11;;Place des Cordonniers;86160;86235;Saint-Maurice-la-Clouère;;;0.413425;46.377343
86235_0030_00007;7;;Rue François Baco;86160;86235;Saint-Maurice-la-Clouère;;;0.410483;46.384372
86235_0026_00020;20;;Rue des Grands Champs;86160;86235;Saint-Maurice-la-Clouère;;;0.406108;46.381868
86235_0010_00011;11;;Rue Desire Bienvenu;86160;86235;Saint-Maurice-la-Clouère;;;0.413275;46.38003
86235_qigqx8_00004;4;;Chemin de la Grand-Mère - Puy Félix;86160;86235;Saint-Maurice-la-Clouère;;;0.428965;46.375312
86235_0004_00010_bis;10;bis;Route de Chez Vécant;86160;86235;Saint-Maurice-la-Clouère;;;0.409263;46.381722
86235_0005_00007_bis;7;bis;Place des Cordonniers;86160;86235;Saint-Maurice-la-Clouère;;;0.413382;46.377264
86235_0018_00050;50;;Rue Principale;86160;86235;Saint-Maurice-la-Clouère;;;0.413605;46.377684
86235_0023_00002;2;;Impasse du Moulin;86160;86235;Saint-Maurice-la-Clouère;;;0.413376;46.376131
86235_0020_00004;4;;Rue Robert Pacaud;86160;86235;Saint-Maurice-la-Clouère;;;0.415147;46.380873
86235_0024_00006;6;;Rue de la Pibole;86160;86235;Saint-Maurice-la-Clouère;;;0.411506;46.381234
86235_0012_00007;7;;Rue Edgard Suraud;86160;86235;Saint-Maurice-la-Clouère;;;0.41637;46.380406
86235_0110_00022;22;;Rue Othello;86160;86235;Saint-Maurice-la-Clouère;;;0.411311;46.385777
86235_0013_00007;7;;Route de Gizay;86160;86235;Saint-Maurice-la-Clouère;;;0.411733;46.378896
86235_0005_00001;1;;Place des Cordonniers;86160;86235;Saint-Maurice-la-Clouère;;;0.413046;46.377281
86235_0100_00014_a;14;a;Rue Charles Oberlin;86160;86235;Saint-Maurice-la-Clouère;;;0.411509;46.383474
86235_zo47wm_00002;2;;Lieu-Dit Toucheronde;86160;86235;Saint-Maurice-la-Clouère;;;0.454995;46.370266
86235_b079_00001;1;;Lieu-Dit la Grange des Brandes;86160;86235;Saint-Maurice-la-Clouère;;;0.460877;46.39924
86235_0030_00003;3;;Rue François Baco;86160;86235;Saint-Maurice-la-Clouère;;;0.41102;46.384194
86235_0100_00008;8;;Rue Charles Oberlin;86160;86235;Saint-Maurice-la-Clouère;;;0.412048;46.383505
86235_2ap3pc_00006;6;;Rue de la Treille - Le Dognon;86160;86235;Saint-Maurice-la-Clouère;;;0.475664;46.379463
86235_ho2kpr_00004;4;;Rue de la Vieille Forge - Le Dognon;86160;86235;Saint-Maurice-la-Clouère;;;0.474342;46.380118
86235_i6zl8p_00003;3;;Rue du Gué - Puy Félix;86160;86235;Saint-Maurice-la-Clouère;;;0.42715;46.374952
86235_0100_00002;2;;Rue Charles Oberlin;86160;86235;Saint-Maurice-la-Clouère;;;0.412441;46.383431
86235_0013_00023;23;;Route de Gizay;86160;86235;Saint-Maurice-la-Clouère;;;0.412369;46.380815
86235_0001_00004;4;;Rue Alexis Phémolant;86160;86235;Saint-Maurice-la-Clouère;;;0.412508;46.379614
86235_x1kzz1_00021;21;;Lieu-Dit Chantemerle;86160;86235;Saint-Maurice-la-Clouère;;;0.482184;46.37436
86235_0015_00001;1;;Place de la Liberté;86160;86235;Saint-Maurice-la-Clouère;;;0.409903;46.376919
86235_0006_00013_bis;13;bis;Chemin du Côteau;86160;86235;Saint-Maurice-la-Clouère;;;0.403472;46.380483
86235_x1kzz1_00004;4;;Lieu-Dit Chantemerle;86160;86235;Saint-Maurice-la-Clouère;;;0.482663;46.375348
86235_0009_00009;9;;Rue du Curé Jallet;86160;86235;Saint-Maurice-la-Clouère;;;0.416768;46.37981
86235_8wqvug_00003;3;;Rue Pierré Puy Félix;86160;86235;Saint-Maurice-la-Clouère;;;0.426209;46.376503
86235_avmq0c_00002;2;;Lieu-Dit Remigeoux;86160;86235;Saint-Maurice-la-Clouère;;;0.432477;46.392286
86235_0002_00007;7;;Rue de Bellabre;86160;86235;Saint-Maurice-la-Clouère;;;0.41236;46.377995
86235_0013_00009;9;;Route de Gizay;86160;86235;Saint-Maurice-la-Clouère;;;0.411831;46.379042
86235_a130_00019;19;;Zone Artisanale de Galmoisin;86160;86235;Saint-Maurice-la-Clouère;;;0.40335;46.385789
86235_7pmtma_00005;5;;Plan de Puy Felix - Puy Félix;86160;86235;Saint-Maurice-la-Clouère;;;0.427995;46.375209
86235_ho2kpr_00007;7;;Rue de la Vieille Forge - Le Dognon;86160;86235;Saint-Maurice-la-Clouère;;;0.476424;46.379958
86235_ws9dgj_00008;8;;Lieu-Dit Brossac;86160;86235;Saint-Maurice-la-Clouère;;;0.42436;46.377752
86235_0014_00004;4;;Rue Henri Senellier;86160;86235;Saint-Maurice-la-Clouère;;;0.415209;46.379936
86235_0018_00049;49;;Rue Principale;86160;86235;Saint-Maurice-la-Clouère;;;0.412962;46.377421
86235_0005_00005;5;;Place des Cordonniers;86160;86235;Saint-Maurice-la-Clouère;;;0.413174;46.377295
86235_0018_00002;2;;Rue Principale;86160;86235;Saint-Maurice-la-Clouère;;;0.40984;46.377112
86235_pd4g8g_00009;9;;Lieu-Dit Le Montairon;86160;86235;Saint-Maurice-la-Clouère;;;0.485526;46.384531
86235_0016_00004;4;;Rue du Moulin;86160;86235;Saint-Maurice-la-Clouère;;;0.411667;46.375814
86235_0022_00002;2;;Place de la Croix de la Garde;86160;86235;Saint-Maurice-la-Clouère;;;0.411416;46.381529
86235_0009_00002;2;;Rue du Curé Jallet;86160;86235;Saint-Maurice-la-Clouère;;;0.415569;46.379524
86235_ugoeh6_00004;4;;Lieu-Dit Auget;86160;86235;Saint-Maurice-la-Clouère;;;0.499303;46.398142
86235_wwye0k_00002;2;;Lieu-Dit les Rousselières;86160;86235;Saint-Maurice-la-Clouère;;;0.453722;46.405929
86235_0024_00004;4;;Rue de la Pibole;86160;86235;Saint-Maurice-la-Clouère;;;0.411902;46.381199
86235_ho2kpr_00013;13;;Rue de la Vieille Forge - Le Dognon;86160;86235;Saint-Maurice-la-Clouère;;;0.476909;46.379748
86235_0026_00026;26;;Rue des Grands Champs;86160;86235;Saint-Maurice-la-Clouère;;;0.405871;46.381294
86235_i6zl8p_00002;2;;Rue du Gué - Puy Félix;86160;86235;Saint-Maurice-la-Clouère;;;0.426746;46.375292
86235_0110_00001;1;;Rue Othello;86160;86235;Saint-Maurice-la-Clouère;;;0.411249;46.385114
86235_0026_00022;22;;Rue des Grands Champs;86160;86235;Saint-Maurice-la-Clouère;;;0.405985;46.38168
86235_0018_00032;32;;Rue Principale;86160;86235;Saint-Maurice-la-Clouère;;;0.411001;46.377105
86235_0026_00002;2;;Rue des Grands Champs;86160;86235;Saint-Maurice-la-Clouère;;;0.404091;46.381667
86235_0018_00003;3;;Rue Principale;86160;86235;Saint-Maurice-la-Clouère;;;0.409665;46.377046
86235_x1kzz1_00013;13;;Lieu-Dit Chantemerle;86160;86235;Saint-Maurice-la-Clouère;;;0.482603;46.374756
86235_avpg1u_00001;1;;Lieu-Dit la Maingre;86160;86235;Saint-Maurice-la-Clouère;;;0.467116;46.367955
86235_gwhd38_00002;2;;Lieu-Dit Nervarand;86160;86235;Saint-Maurice-la-Clouère;;;0.507909;46.369606
86235_0110_00024;24;;Rue Othello;86160;86235;Saint-Maurice-la-Clouère;;;0.411431;46.385961
86235_0026_00037;37;;Rue des Grands Champs;86160;86235;Saint-Maurice-la-Clouère;;;0.406324;46.38135
86235_0026_00011;11;;Rue des Grands Champs;86160;86235;Saint-Maurice-la-Clouère;;;0.404486;46.382197
86235_0018_00031;31;;Rue Principale;86160;86235;Saint-Maurice-la-Clouère;;;0.411825;46.377215
86235_x1kzz1_00019;19;;Lieu-Dit Chantemerle;86160;86235;Saint-Maurice-la-Clouère;;;0.482558;46.374375
86235_0001_00002;2;;Rue Alexis Phémolant;86160;86235;Saint-Maurice-la-Clouère;;;0.412592;46.379443
86235_0005_00013;13;;Place des Cordonniers;86160;86235;Saint-Maurice-la-Clouère;;;0.413379;46.377459
86235_0100_00009;9;;Rue Charles Oberlin;86160;86235;Saint-Maurice-la-Clouère;;;0.412281;46.384631
86235_b114_00005;5;;Le Petit Trou;86160;86235;Saint-Maurice-la-Clouère;;;0.402648;46.377806
86235_0030_00011;11;;Rue François Baco;86160;86235;Saint-Maurice-la-Clouère;;;0.410253;46.384099
86235_0026_00009;9;;Rue des Grands Champs;86160;86235;Saint-Maurice-la-Clouère;;;0.404127;46.382058
86235_0026_00004;4;;Rue des Grands Champs;86160;86235;Saint-Maurice-la-Clouère;;;0.40436;46.381768
86235_0018_00028;28;;Rue Principale;86160;86235;Saint-Maurice-la-Clouère;;;0.410839;46.377091
86235_b043_00011;11;;Lieu-Dit Chez Vecant;86160;86235;Saint-Maurice-la-Clouère;;;0.403558;46.391258
86235_0010_00004;4;;Rue Desire Bienvenu;86160;86235;Saint-Maurice-la-Clouère;;;0.412618;46.380313
86235_0018_00030;30;;Rue Principale;86160;86235;Saint-Maurice-la-Clouère;;;0.410851;46.377212
86235_x1kzz1_00012;12;;Lieu-Dit Chantemerle;86160;86235;Saint-Maurice-la-Clouère;;;0.48186;46.374371
86235_0015_00004;4;;Place de la Liberté;86160;86235;Saint-Maurice-la-Clouère;;;0.410618;46.376874
86235_dcv3dk_00005;5;;Lieu-Dit la Rochereau;86160;86235;Saint-Maurice-la-Clouère;;;0.467832;46.387799
86235_0003_00015;15;;Chemin des Carrières;86160;86235;Saint-Maurice-la-Clouère;;;0.408919;46.380433
86235_b117_00003;3;;Lieu-Dit les Petites Vallées;86160;86235;Saint-Maurice-la-Clouère;;;0.381667;46.398909
86235_zd7dk9_00012;12;;Rue Jeannine et Yves Girard Le Dognon;86160;86235;Saint-Maurice-la-Clouère;;;0.474204;46.381871
86235_x1kzz1_00007;7;;Lieu-Dit Chantemerle;86160;86235;Saint-Maurice-la-Clouère;;;0.48285;46.375039
86235_0100_00001;1;;Rue Charles Oberlin;86160;86235;Saint-Maurice-la-Clouère;;;0.412113;46.383802
86235_0110_00018;18;;Rue Othello;86160;86235;Saint-Maurice-la-Clouère;;;0.411047;46.385323
86235_0015_00009;9;;Place de la Liberté;86160;86235;Saint-Maurice-la-Clouère;;;0.410164;46.376753
86235_0011_00002;2;;Rue du Docteur Mèriguet;86160;86235;Saint-Maurice-la-Clouère;;;0.41513;46.378728
86235_w49xx3_00003;3;;Route de Poitiers;86160;86235;Saint-Maurice-la-Clouère;;;0.401528;46.383754
86235_0004_00023;23;;Route de Chez Vécant;86160;86235;Saint-Maurice-la-Clouère;;;0.407979;46.382699
86235_b075_00001;1;;Lieu-Dit la Grande Fougère;86160;86235;Saint-Maurice-la-Clouère;;;0.413076;46.396704
86235_a120_00007;7;;Zone artisanale de l’Arboretum;86160;86235;Saint-Maurice-la-Clouère;;;0.404516;46.385302
86235_x1kzz1_00010;10;;Lieu-Dit Chantemerle;86160;86235;Saint-Maurice-la-Clouère;;;0.482179;46.37449
86235_0018_00008;8;;Rue Principale;86160;86235;Saint-Maurice-la-Clouère;;;0.410102;46.377033
86235_a130_00008;8;;Zone Artisanale de Galmoisin;86160;86235;Saint-Maurice-la-Clouère;;;0.403564;46.384696
86235_pd4g8g_00014;14;;Lieu-Dit Le Montairon;86160;86235;Saint-Maurice-la-Clouère;;;0.485004;46.384219
86235_b112_00005;5;;Le Petit Plamboux.;86160;86235;Saint-Maurice-la-Clouère;;;0.452453;46.384719
86235_a130_00013;13;;Zone Artisanale de Galmoisin;86160;86235;Saint-Maurice-la-Clouère;;;0.402819;46.384811
86235_wwye0k_00001;1;;Lieu-Dit les Rousselières;86160;86235;Saint-Maurice-la-Clouère;;;0.453878;46.405601
86235_a130_00009;9;;Zone Artisanale de Galmoisin;86160;86235;Saint-Maurice-la-Clouère;;;0.402816;46.384066
86235_0110_00002;2;;Rue Othello;86160;86235;Saint-Maurice-la-Clouère;;;0.411815;46.384785
86235_0020_00001;1;;Rue Robert Pacaud;86160;86235;Saint-Maurice-la-Clouère;;;0.415107;46.380519
86235_45frnt_00001;1;;Lieu-Dit les Molles;86160;86235;Saint-Maurice-la-Clouère;;;0.510673;46.386908
86235_0006_00013;13;;Chemin du Côteau;86160;86235;Saint-Maurice-la-Clouère;;;0.40388;46.380014
86235_zd7dk9_00006;6;;Rue Jeannine et Yves Girard Le Dognon;86160;86235;Saint-Maurice-la-Clouère;;;0.474228;46.382533
86235_zd7dk9_00023;23;;Rue Jeannine et Yves Girard Le Dognon;86160;86235;Saint-Maurice-la-Clouère;;;0.473786;46.380941
86235_b043_00006;6;;Lieu-Dit Chez Vecant;86160;86235;Saint-Maurice-la-Clouère;;;0.403326;46.389612
86235_zc44t1_00001;1;;Passage des Rosiers Le Dognon;86160;86235;Saint-Maurice-la-Clouère;;;0.473959;46.381174
86235_0100_00018;18;;Rue Charles Oberlin;86160;86235;Saint-Maurice-la-Clouère;;;0.411983;46.384217
86235_0110_00014;14;;Rue Othello;86160;86235;Saint-Maurice-la-Clouère;;;0.410527;46.384919
86235_b072_00001;1;;Le Grand Fouilloux;86160;86235;Saint-Maurice-la-Clouère;;;0.3922;46.392955
86235_0006_00006;6;;Chemin du Côteau;86160;86235;Saint-Maurice-la-Clouère;;;0.405338;46.380235
86235_0018_00022;22;;Rue Principale;86160;86235;Saint-Maurice-la-Clouère;;;0.410459;46.377035
86235_0012_00006;6;;Rue Edgard Suraud;86160;86235;Saint-Maurice-la-Clouère;;;0.415973;46.380519
86235_zd7dk9_00026;26;;Rue Jeannine et Yves Girard Le Dognon;86160;86235;Saint-Maurice-la-Clouère;;;0.473338;46.380515
86235_0027_00005;5;;Impasse Galmoisin;86160;86235;Saint-Maurice-la-Clouère;;;0.404808;46.380705
86235_b6tjdf_00003;3;;Lieu-Dit le Paisseau;86160;86235;Saint-Maurice-la-Clouère;;;0.3871;46.390453
86235_0006_00008;8;;Chemin du Côteau;86160;86235;Saint-Maurice-la-Clouère;;;0.404323;46.379869
86235_0016_00006_a;6;a;Rue du Moulin;86160;86235;Saint-Maurice-la-Clouère;;;0.412135;46.375315
86235_0018_00056;56;;Rue Principale;86160;86235;Saint-Maurice-la-Clouère;;;0.4145;46.37824
86235_0026_00017;17;;Rue des Grands Champs;86160;86235;Saint-Maurice-la-Clouère;;;0.405393;46.382505
86235_2zy1h6_00004;4;;Rue de l’Ancienne Mare - Le Dognon;86160;86235;Saint-Maurice-la-Clouère;;;0.474306;46.380993
86235_a130_00011;11;;Zone Artisanale de Galmoisin;86160;86235;Saint-Maurice-la-Clouère;;;0.402911;46.384532
86235_b111_00006;6;;Lieu-Dit le Petit Fouilloux;86160;86235;Saint-Maurice-la-Clouère;;;0.394597;46.390981
86235_0100_00006;6;;Rue Charles Oberlin;86160;86235;Saint-Maurice-la-Clouère;;;0.412237;46.383412
86235_0011_00005;5;;Rue du Docteur Mèriguet;86160;86235;Saint-Maurice-la-Clouère;;;0.415105;46.379255
86235_0100_00011;11;;Rue Charles Oberlin;86160;86235;Saint-Maurice-la-Clouère;;;0.41217;46.384844
86235_s37z5t_00002;2;;Lieu-Dit la Betière;86160;86235;Saint-Maurice-la-Clouère;;;0.466767;46.372323
86235_0004_00008;8;;Route de Chez Vécant;86160;86235;Saint-Maurice-la-Clouère;;;0.409635;46.381481
86235_ho2kpr_00015;15;;Rue de la Vieille Forge - Le Dognon;86160;86235;Saint-Maurice-la-Clouère;;;0.47739;46.379817
86235_0015_00010;10;;Place de la Liberté;86160;86235;Saint-Maurice-la-Clouère;;;0.410875;46.376681
86235_b043_00002;2;;Lieu-Dit Chez Vecant;86160;86235;Saint-Maurice-la-Clouère;;;0.40231;46.389836
86235_0013_00020;20;;Route de Gizay;86160;86235;Saint-Maurice-la-Clouère;;;0.411532;46.378843
86235_0007_00003;3;;Chemin de la Croix de la Garde;86160;86235;Saint-Maurice-la-Clouère;;;0.410096;46.381031
86235_sjwdo5_00001;1;;Lieu-Dit les Brousses;86160;86235;Saint-Maurice-la-Clouère;;;0.497507;46.404729
86235_0100_00022;22;;Rue Charles Oberlin;86160;86235;Saint-Maurice-la-Clouère;;;0.411817;46.38511
86235_6ksieb_00005;5;;Rue du Petit Jacques - Puy Félix;86160;86235;Saint-Maurice-la-Clouère;;;0.428477;46.376541
86235_0013_00024;24;;Route de Gizay;86160;86235;Saint-Maurice-la-Clouère;;;0.411869;46.380907
86235_0110_00020;20;;Rue Othello;86160;86235;Saint-Maurice-la-Clouère;;;0.411121;46.385554
86235_0030_00005;5;;Rue François Baco;86160;86235;Saint-Maurice-la-Clouère;;;0.410764;46.384316
86235_b114_00003_bis;3;bis;Le Petit Trou;86160;86235;Saint-Maurice-la-Clouère;;;0.403066;46.37766
86235_0007_00013_bis;13;bis;Chemin de la Croix de la Garde;86160;86235;Saint-Maurice-la-Clouère;;;0.408008;46.381003
86235_a120_00008;8;;Zone artisanale de l’Arboretum;86160;86235;Saint-Maurice-la-Clouère;;;0.407602;46.383654
86235_0018_00023;23;;Rue Principale;86160;86235;Saint-Maurice-la-Clouère;;;0.411404;46.37703
86235_0016_00006;6;;Rue du Moulin;86160;86235;Saint-Maurice-la-Clouère;;;0.411892;46.375309
86235_0013_00003;3;;Route de Gizay;86160;86235;Saint-Maurice-la-Clouère;;;0.411663;46.37816
86235_ho2kpr_00008;8;;Rue de la Vieille Forge - Le Dognon;86160;86235;Saint-Maurice-la-Clouère;;;0.475093;46.37998
86235_i6zl8p_00012;12;;Rue du Gué - Puy Félix;86160;86235;Saint-Maurice-la-Clouère;;;0.426917;46.374686
86235_0013_00005;5;;Route de Gizay;86160;86235;Saint-Maurice-la-Clouère;;;0.41171;46.378739
86235_0004_00007;7;;Route de Chez Vécant;86160;86235;Saint-Maurice-la-Clouère;;;0.410676;46.381076
86235_0011_00020;20;;Rue du Docteur Mèriguet;86160;86235;Saint-Maurice-la-Clouère;;;0.413337;46.380536
86235_0013_00018;18;;Route de Gizay;86160;86235;Saint-Maurice-la-Clouère;;;0.411444;46.378651
86235_0001_00001;1;;Rue Alexis Phémolant;86160;86235;Saint-Maurice-la-Clouère;;;0.412836;46.379491
86235_x1kzz1_00011;11;;Lieu-Dit Chantemerle;86160;86235;Saint-Maurice-la-Clouère;;;0.482731;46.374834
86235_0002_00011;11;;Rue de Bellabre;86160;86235;Saint-Maurice-la-Clouère;;;0.411741;46.37836
86235_pd4g8g_00004;4;;Lieu-Dit Le Montairon;86160;86235;Saint-Maurice-la-Clouère;;;0.48475;46.384714
86235_0100_00020;20;;Rue Charles Oberlin;86160;86235;Saint-Maurice-la-Clouère;;;0.411932;46.384419
86235_b043_00008;8;;Lieu-Dit Chez Vecant;86160;86235;Saint-Maurice-la-Clouère;;;0.403722;46.39014
86235_b043_00013;13;;Lieu-Dit Chez Vecant;86160;86235;Saint-Maurice-la-Clouère;;;0.403932;46.391359
86235_rkaqlt_00006;6;;Lieu-Dit la Coussière;86160;86235;Saint-Maurice-la-Clouère;;;0.41795;46.391581
86235_0100_00013;13;;Rue Charles Oberlin;86160;86235;Saint-Maurice-la-Clouère;;;0.412189;46.385045
86235_5ojovb_00001;1;;Lieu-Dit le Mineret;86160;86235;Saint-Maurice-la-Clouère;;;0.486312;46.392373
86235_ho2kpr_00009;9;;Rue de la Vieille Forge - Le Dognon;86160;86235;Saint-Maurice-la-Clouère;;;0.476759;46.379813
86235_0022_00005;5;;Place de la Croix de la Garde;86160;86235;Saint-Maurice-la-Clouère;;;0.411957;46.381838
86235_0018_00024;24;;Rue Principale;86160;86235;Saint-Maurice-la-Clouère;;;0.410655;46.377056
86235_2zy1h6_00001;1;;Rue de l’Ancienne Mare - Le Dognon;86160;86235;Saint-Maurice-la-Clouère;;;0.474413;46.381395
86235_0022_00004;4;;Place de la Croix de la Garde;86160;86235;Saint-Maurice-la-Clouère;;;0.411427;46.381712
86235_0100_00019;19;;Rue Charles Oberlin;86160;86235;Saint-Maurice-la-Clouère;;;0.411962;46.385651
86235_zd7dk9_00017;17;;Rue Jeannine et Yves Girard Le Dognon;86160;86235;Saint-Maurice-la-Clouère;;;0.474507;46.381699
86235_0011_00011;11;;Rue du Docteur Mèriguet;86160;86235;Saint-Maurice-la-Clouère;;;0.41449;46.379713
86235_ws9dgj_00002;2;;Lieu-Dit Brossac;86160;86235;Saint-Maurice-la-Clouère;;;0.423496;46.378937
86235_i6zl8p_00010;10;;Rue du Gué - Puy Félix;86160;86235;Saint-Maurice-la-Clouère;;;0.426916;46.3748
86235_0027_00003;3;;Impasse Galmoisin;86160;86235;Saint-Maurice-la-Clouère;;;0.405001;46.380605
86235_0004_00001;1;;Route de Chez Vécant;86160;86235;Saint-Maurice-la-Clouère;;;0.411639;46.380099
86235_rkaqlt_00004;4;;Lieu-Dit la Coussière;86160;86235;Saint-Maurice-la-Clouère;;;0.417414;46.391631
86235_2zy1h6_00010;10;;Rue de l’Ancienne Mare - Le Dognon;86160;86235;Saint-Maurice-la-Clouère;;;0.474777;46.380706
86235_0016_00021;21;;Rue du Moulin;86160;86235;Saint-Maurice-la-Clouère;;;0.414222;46.375959
86235_2ap3pc_00010;10;;Rue de la Treille - Le Dognon;86160;86235;Saint-Maurice-la-Clouère;;;0.476303;46.379502
86235_b112_00001;1;;Le Petit Plamboux.;86160;86235;Saint-Maurice-la-Clouère;;;0.450982;46.384434
86235_0016_00018;18;;Rue du Moulin;86160;86235;Saint-Maurice-la-Clouère;;;0.413186;46.375783
86235_0035_00001_bis;1;bis;Chemin de la Leproserie;86160;86235;Saint-Maurice-la-Clouère;;;0.408439;46.382865
86235_b008_00002;2;;Bel Air;86160;86235;Saint-Maurice-la-Clouère;;;0.50853;46.37729
86235_0011_00012;12;;Rue du Docteur Mèriguet;86160;86235;Saint-Maurice-la-Clouère;;;0.414163;46.379626
86235_0100_00003_a;3;a;Rue Charles Oberlin;86160;86235;Saint-Maurice-la-Clouère;;;0.412479;46.383952
86235_o6w85s_00003;3;;Rue des Granges - Le Dognon;86160;86235;Saint-Maurice-la-Clouère;;;0.475288;46.381168
86235_7pmtma_00001;1;;Plan de Puy Felix - Puy Félix;86160;86235;Saint-Maurice-la-Clouère;;;0.427736;46.375484
86235_0011_00004;4;;Rue du Docteur Mèriguet;86160;86235;Saint-Maurice-la-Clouère;;;0.414986;46.378874
86235_09xkju_00001;1;;Rue du Chemin Blanc - Le Dognon;86160;86235;Saint-Maurice-la-Clouère;;;0.474074;46.380508
86235_pd4g8g_00003;3;;Lieu-Dit Le Montairon;86160;86235;Saint-Maurice-la-Clouère;;;0.484478;46.385073
86235_0006_00015_bis;15;bis;Chemin du Côteau;86160;86235;Saint-Maurice-la-Clouère;;;0.403353;46.380207
86235_0006_00015;15;;Chemin du Côteau;86160;86235;Saint-Maurice-la-Clouère;;;0.403395;46.379978
86235_0016_00007;7;;Rue du Moulin;86160;86235;Saint-Maurice-la-Clouère;;;0.412215;46.375084
86235_0024_00002;2;;Rue de la Pibole;86160;86235;Saint-Maurice-la-Clouère;;;0.411974;46.381174
86235_a120_00002;2;;Zone artisanale de l’Arboretum;86160;86235;Saint-Maurice-la-Clouère;;;0.405285;46.383663
86235_0011_00018;18;;Rue du Docteur Mèriguet;86160;86235;Saint-Maurice-la-Clouère;;;0.413521;46.380312
86235_h5ro5n_00002;2;;Lieu-Dit Crochet;86160;86235;Saint-Maurice-la-Clouère;;;0.441192;46.373717
86235_0003_00005;5;;Chemin des Carrières;86160;86235;Saint-Maurice-la-Clouère;;;0.410618;46.379627
86235_0013_00021;21;;Route de Gizay;86160;86235;Saint-Maurice-la-Clouère;;;0.412176;46.380446
86235_h5ro5n_00001;1;;Lieu-Dit Crochet;86160;86235;Saint-Maurice-la-Clouère;;;0.441472;46.373595
86235_x1kzz1_00016;16;;Lieu-Dit Chantemerle;86160;86235;Saint-Maurice-la-Clouère;;;0.481085;46.37412
86235_0018_00046_b;46;b;Rue Principale;86160;86235;Saint-Maurice-la-Clouère;;;0.413268;46.377581
86235_pd4g8g_00012;12;;Lieu-Dit Le Montairon;86160;86235;Saint-Maurice-la-Clouère;;;0.484811;46.384228
86235_x1kzz1_00015;15;;Lieu-Dit Chantemerle;86160;86235;Saint-Maurice-la-Clouère;;;0.482524;46.374708
86235_0013_00006;6;;Route de Gizay;86160;86235;Saint-Maurice-la-Clouère;;;0.411188;46.377719
86235_a120_00005;5;;Zone artisanale de l’Arboretum;86160;86235;Saint-Maurice-la-Clouère;;;0.404747;46.384818
86235_i6zl8p_00004;4;;Rue du Gué - Puy Félix;86160;86235;Saint-Maurice-la-Clouère;;;0.427097;46.375317
86235_0009_00005;5;;Rue du Curé Jallet;86160;86235;Saint-Maurice-la-Clouère;;;0.416254;46.379513
86235_0013_00005_bis;5;bis;Route de Gizay;86160;86235;Saint-Maurice-la-Clouère;;;0.411729;46.378814
86235_sum1ta_00004;4;;Lieu-Dit les Coudres;86160;86235;Saint-Maurice-la-Clouère;;;0.425525;46.382293
86235_0015_00006;6;;Place de la Liberté;86160;86235;Saint-Maurice-la-Clouère;;;0.410663;46.376794
86235_2zy1h6_00008;8;;Rue de l’Ancienne Mare - Le Dognon;86160;86235;Saint-Maurice-la-Clouère;;;0.474358;46.380723
86235_b114_00001;1;;Le Petit Trou;86160;86235;Saint-Maurice-la-Clouère;;;0.40283;46.377324
86235_0013_00028;28;;Route de Gizay;86160;86235;Saint-Maurice-la-Clouère;;;0.412108;46.382999
86235_0021_00001;1;;Chemin des Sapinettes;86160;86235;Saint-Maurice-la-Clouère;;;0.413608;46.381155
86235_0022_00003;3;;Place de la Croix de la Garde;86160;86235;Saint-Maurice-la-Clouère;;;0.411926;46.381629
86235_x1kzz1_00002;2;;Lieu-Dit Chantemerle;86160;86235;Saint-Maurice-la-Clouère;;;0.482553;46.375846
86235_0003_00009;9;;Chemin des Carrières;86160;86235;Saint-Maurice-la-Clouère;;;0.410284;46.379948
86235_sjwdo5_00003;3;;Lieu-Dit les Brousses;86160;86235;Saint-Maurice-la-Clouère;;;0.496536;46.403755
86235_0011_00013;13;;Rue du Docteur Mèriguet;86160;86235;Saint-Maurice-la-Clouère;;;0.414361;46.379877
86235_vdei0g_00009;9;;Lieu-Dit la Poupardière;86160;86235;Saint-Maurice-la-Clouère;;;0.424407;46.379407
86235_zc44t1_00002;2;;Passage des Rosiers Le Dognon;86160;86235;Saint-Maurice-la-Clouère;;;0.474088;46.381004
86235_b072_00011;11;;Le Grand Fouilloux;86160;86235;Saint-Maurice-la-Clouère;;;0.394006;46.393902
86235_0100_00017;17;;Rue Charles Oberlin;86160;86235;Saint-Maurice-la-Clouère;;;0.412066;46.385459
86235_6ksieb_00002;2;;Rue du Petit Jacques - Puy Félix;86160;86235;Saint-Maurice-la-Clouère;;;0.429037;46.375809
86235_a130_00014;14;;Zone Artisanale de Galmoisin;86160;86235;Saint-Maurice-la-Clouère;;;0.404608;46.383396
86235_0001_00003;3;;Rue Alexis Phémolant;86160;86235;Saint-Maurice-la-Clouère;;;0.412785;46.379666
86235_0011_00006;6;;Rue du Docteur Mèriguet;86160;86235;Saint-Maurice-la-Clouère;;;0.41474;46.379031
86235_b114_00009;9;;Le Petit Trou;86160;86235;Saint-Maurice-la-Clouère;;;0.403238;46.378226
86235_0002_00001;1;;Rue de Bellabre;86160;86235;Saint-Maurice-la-Clouère;;;0.412389;46.377503
86235_b043_00009;9;;Lieu-Dit Chez Vecant;86160;86235;Saint-Maurice-la-Clouère;;;0.40336;46.390726
86235_0026_00029;29;;Rue des Grands Champs;86160;86235;Saint-Maurice-la-Clouère;;;0.406835;46.382118
86235_0001_00007;7;;Rue Alexis Phémolant;86160;86235;Saint-Maurice-la-Clouère;;;0.412302;46.379996
86235_0110_00004;4;;Rue Othello;86160;86235;Saint-Maurice-la-Clouère;;;0.411668;46.38479
86235_0016_00001;1;;Rue du Moulin;86160;86235;Saint-Maurice-la-Clouère;;;0.410962;46.376047
86235_0018_00009;9;;Rue Principale;86160;86235;Saint-Maurice-la-Clouère;;;0.410736;46.376994
86235_b008_00004;4;;Bel Air;86160;86235;Saint-Maurice-la-Clouère;;;0.50818;46.377038
86235_0030_00015;15;;Rue François Baco;86160;86235;Saint-Maurice-la-Clouère;;;0.410199;46.383694
86235_0013_00014;14;;Route de Gizay;86160;86235;Saint-Maurice-la-Clouère;;;0.411176;46.378203
86235_dcv3dk_00001;1;;Lieu-Dit la Rochereau;86160;86235;Saint-Maurice-la-Clouère;;;0.467154;46.389296
86235_0015_00016;16;;Place de la Liberté;86160;86235;Saint-Maurice-la-Clouère;;;0.411083;46.376705
86235_0014_00003;3;;Rue Henri Senellier;86160;86235;Saint-Maurice-la-Clouère;;;0.414366;46.380498
86235_2ap3pc_00001;1;;Rue de la Treille - Le Dognon;86160;86235;Saint-Maurice-la-Clouère;;;0.475915;46.379843
86235_a120_00001;1;;Zone artisanale de l’Arboretum;86160;86235;Saint-Maurice-la-Clouère;;;0.405006;46.384062
86235_2ap3pc_00002;2;;Rue de la Treille - Le Dognon;86160;86235;Saint-Maurice-la-Clouère;;;0.475875;46.379698
86235_0018_00005;5;;Rue Principale;86160;86235;Saint-Maurice-la-Clouère;;;0.409802;46.37702
86235_0018_00051;51;;Rue Principale;86160;86235;Saint-Maurice-la-Clouère;;;0.413111;46.377473
86235_0004_00002;2;;Route de Chez Vécant;86160;86235;Saint-Maurice-la-Clouère;;;0.411573;46.379563
86235_7pmtma_00007;7;;Plan de Puy Felix - Puy Félix;86160;86235;Saint-Maurice-la-Clouère;;;0.427737;46.375067
86235_vdei0g_00007;7;;Lieu-Dit la Poupardière;86160;86235;Saint-Maurice-la-Clouère;;;0.424212;46.379488
86235_pd4g8g_00008;8;;Lieu-Dit Le Montairon;86160;86235;Saint-Maurice-la-Clouère;;;0.484736;46.384361
86235_b043_00003;3;;Lieu-Dit Chez Vecant;86160;86235;Saint-Maurice-la-Clouère;;;0.402484;46.390285
86235_0014_00008;8;;Rue Henri Senellier;86160;86235;Saint-Maurice-la-Clouère;;;0.414891;46.380178
86235_0009_00007;7;;Rue du Curé Jallet;86160;86235;Saint-Maurice-la-Clouère;;;0.416471;46.37964
86235_b6tjdf_00001;1;;Lieu-Dit le Paisseau;86160;86235;Saint-Maurice-la-Clouère;;;0.387574;46.39059
86235_0018_00053;53;;Rue Principale;86160;86235;Saint-Maurice-la-Clouère;;;0.413174;46.377491
86235_0018_00057;57;;Rue Principale;86160;86235;Saint-Maurice-la-Clouère;;;0.41335;46.377539
86235_0018_00048;48;;Rue Principale;86160;86235;Saint-Maurice-la-Clouère;;;0.413426;46.377668
86235_gwhd38_00006;6;;Lieu-Dit Nervarand;86160;86235;Saint-Maurice-la-Clouère;;;0.507337;46.369429
86235_0100_00010;10;;Rue Charles Oberlin;86160;86235;Saint-Maurice-la-Clouère;;;0.411994;46.383545
86235_ws9dgj_00001;1;;Lieu-Dit Brossac;86160;86235;Saint-Maurice-la-Clouère;;;0.424494;46.378906
86235_0026_00023;23;;Rue des Grands Champs;86160;86235;Saint-Maurice-la-Clouère;;;0.406597;46.382533
86235_b043_00004;4;;Lieu-Dit Chez Vecant;86160;86235;Saint-Maurice-la-Clouère;;;0.402833;46.390019
86235_0026_00019;19;;Rue des Grands Champs;86160;86235;Saint-Maurice-la-Clouère;;;0.405658;46.38263
86235_0007_00013;13;;Chemin de la Croix de la Garde;86160;86235;Saint-Maurice-la-Clouère;;;0.408588;46.380989
86235_kf0a4w_00005;5;;Lieu-Dit la Chapelière;86160;86235;Saint-Maurice-la-Clouère;;;0.503057;46.400079
86235_0080_00006;6;;Route de Vivonne;86160;86235;Saint-Maurice-la-Clouère;;;0.401589;46.38443
86235_6ftwya_00001;1;;Lieu-Dit Gatine;86160;86235;Saint-Maurice-la-Clouère;;;0.473277;46.400318
86235_0016_00016;16;;Rue du Moulin;86160;86235;Saint-Maurice-la-Clouère;;;0.412849;46.375665
86235_cb7h4s_00002;2;;Lieu-Dit la Farcière;86160;86235;Saint-Maurice-la-Clouère;;;0.454717;46.363425
86235_0016_00028;28;;Rue du Moulin;86160;86235;Saint-Maurice-la-Clouère;;;0.414335;46.376388
86235_a130_00005;5;;Zone Artisanale de Galmoisin;86160;86235;Saint-Maurice-la-Clouère;;;0.403138;46.383341
86235_0004_00006;6;;Route de Chez Vécant;86160;86235;Saint-Maurice-la-Clouère;;;0.411166;46.380187
86235_0016_00010;10;;Rue du Moulin;86160;86235;Saint-Maurice-la-Clouère;;;0.412462;46.375515
86235_2ap3pc_00003;3;;Rue de la Treille - Le Dognon;86160;86235;Saint-Maurice-la-Clouère;;;0.476097;46.379631
86235_0018_00046;46;;Rue Principale;86160;86235;Saint-Maurice-la-Clouère;;;0.413264;46.377601
86235_0002_00005;5;;Rue de Bellabre;86160;86235;Saint-Maurice-la-Clouère;;;0.412299;46.377811
86235_0018_00015;15;;Rue Principale;86160;86235;Saint-Maurice-la-Clouère;;;0.411104;46.377041
86235_0017_00004;4;;Rue Pierre Andrault;86160;86235;Saint-Maurice-la-Clouère;;;0.407127;46.381571
86235_0006_00002;2;;Chemin du Côteau;86160;86235;Saint-Maurice-la-Clouère;;;0.406171;46.380504
86235_0026_00007;7;;Rue des Grands Champs;86160;86235;Saint-Maurice-la-Clouère;;;0.403778;46.381987
86235_avmq0c_00006;6;;Lieu-Dit Remigeoux;86160;86235;Saint-Maurice-la-Clouère;;;0.430757;46.393299
86235_0004_00013;13;;Route de Chez Vécant;86160;86235;Saint-Maurice-la-Clouère;;;0.409485;46.382272
86235_0010_00003;3;;Rue Desire Bienvenu;86160;86235;Saint-Maurice-la-Clouère;;;0.413843;46.378899
86235_0023_00001;1;;Impasse du Moulin;86160;86235;Saint-Maurice-la-Clouère;;;0.413606;46.376393
86235_b072_00013;13;;Le Grand Fouilloux;86160;86235;Saint-Maurice-la-Clouère;;;0.394106;46.394206
86235_0027_00010;10;;Impasse Galmoisin;86160;86235;Saint-Maurice-la-Clouère;;;0.404113;46.381237
86235_0013_00025;25;;Route de Gizay;86160;86235;Saint-Maurice-la-Clouère;;;0.41276;46.381436
86235_0016_00017;17;;Rue du Moulin;86160;86235;Saint-Maurice-la-Clouère;;;0.414324;46.375502
86235_0017_00012;12;;Rue Pierre Andrault;86160;86235;Saint-Maurice-la-Clouère;;;0.407686;46.382277
86235_0013_00019;19;;Route de Gizay;86160;86235;Saint-Maurice-la-Clouère;;;0.412171;46.380258
86235_b078_00002;2;;Lieu-Dit la Grange Carrée;86160;86235;Saint-Maurice-la-Clouère;;;0.466223;46.3777
86235_7jgna0_00001;1;;Lieu-Dit la Cicardière;86160;86235;Saint-Maurice-la-Clouère;;;0.434242;46.406905
86235_b043_00018;18;;Lieu-Dit Chez Vecant;86160;86235;Saint-Maurice-la-Clouère;;;0.40415;46.390871
86235_a130_00004;4;;Zone Artisanale de Galmoisin;86160;86235;Saint-Maurice-la-Clouère;;;0.403987;46.383869
86235_ho2kpr_00020;20;;Rue de la Vieille Forge - Le Dognon;86160;86235;Saint-Maurice-la-Clouère;;;0.477756;46.37916
86235_0026_00021;21;;Rue des Grands Champs;86160;86235;Saint-Maurice-la-Clouère;;;0.406198;46.382647
86235_0017_00008;8;;Rue Pierre Andrault;86160;86235;Saint-Maurice-la-Clouère;;;0.40741;46.381936
86235_ws9dgj_00012;12;;Lieu-Dit Brossac;86160;86235;Saint-Maurice-la-Clouère;;;0.424556;46.377526
86235_0002_00003;3;;Rue de Bellabre;86160;86235;Saint-Maurice-la-Clouère;;;0.412314;46.37773
86235_0018_00063;63;;Rue Principale;86160;86235;Saint-Maurice-la-Clouère;;;0.413782;46.377656
86235_ho2kpr_00018;18;;Rue de la Vieille Forge - Le Dognon;86160;86235;Saint-Maurice-la-Clouère;;;0.477359;46.379335
86235_0010_00001;1;;Rue Desire Bienvenu;86160;86235;Saint-Maurice-la-Clouère;;;0.414298;46.378147
86235_0027_00004;4;;Impasse Galmoisin;86160;86235;Saint-Maurice-la-Clouère;;;0.404967;46.380845
86235_x1kzz1_00009;9;;Lieu-Dit Chantemerle;86160;86235;Saint-Maurice-la-Clouère;;;0.483113;46.374737
86235_0035_00002;2;;Chemin de la Leproserie;86160;86235;Saint-Maurice-la-Clouère;;;0.409162;46.382706
86235_0018_00043;43;;Rue Principale;86160;86235;Saint-Maurice-la-Clouère;;;0.412623;46.377367
86235_b043_00001;1;;Lieu-Dit Chez Vecant;86160;86235;Saint-Maurice-la-Clouère;;;0.402033;46.390296
86235_a130_00003;3;;Zone Artisanale de Galmoisin;86160;86235;Saint-Maurice-la-Clouère;;;0.403114;46.38298
86235_0027_00007;7;;Impasse Galmoisin;86160;86235;Saint-Maurice-la-Clouère;;;0.403379;46.381001
86235_ws9dgj_00005;5;;Lieu-Dit Brossac;86160;86235;Saint-Maurice-la-Clouère;;;0.424704;46.378435
86235_0013_00015;15;;Route de Gizay;86160;86235;Saint-Maurice-la-Clouère;;;0.411944;46.379597
86235_0018_00047;47;;Rue Principale;86160;86235;Saint-Maurice-la-Clouère;;;0.41284;46.377392
86235_0030_00013;13;;Rue François Baco;86160;86235;Saint-Maurice-la-Clouère;;;0.410211;46.383897
86235_2zy1h6_00002;2;;Rue de l’Ancienne Mare - Le Dognon;86160;86235;Saint-Maurice-la-Clouère;;;0.474256;46.381248
86235_0011_00010;10;;Rue du Docteur Mèriguet;86160;86235;Saint-Maurice-la-Clouère;;;0.414378;46.37941
86235_6ksieb_00004;4;;Rue du Petit Jacques - Puy Félix;86160;86235;Saint-Maurice-la-Clouère;;;0.429267;46.376087
86235_0006_00003;3;;Chemin du Côteau;86160;86235;Saint-Maurice-la-Clouère;;;0.405873;46.380838
86235_2zy1h6_00012;12;;Rue de l’Ancienne Mare - Le Dognon;86160;86235;Saint-Maurice-la-Clouère;;;0.474907;46.380665
86235_0011_00003;3;;Rue du Docteur Mèriguet;86160;86235;Saint-Maurice-la-Clouère;;;0.415326;46.379002
86235_0012_00001;1;;Rue Edgard Suraud;86160;86235;Saint-Maurice-la-Clouère;;;0.415672;46.38006
86235_0018_00037;37;;Rue Principale;86160;86235;Saint-Maurice-la-Clouère;;;0.412345;46.377327
86235_a130_00006;6;;Zone Artisanale de Galmoisin;86160;86235;Saint-Maurice-la-Clouère;;;0.4038;46.384379
86235_0004_00025;25;;Route de Chez Vécant;86160;86235;Saint-Maurice-la-Clouère;;;0.407576;46.382714
86235_5ojovb_00002;2;;Lieu-Dit le Mineret;86160;86235;Saint-Maurice-la-Clouère;;;0.48643;46.393742
86235_i33ruu_00003;3;;Lieu-Dit les Glycines;86160;86235;Saint-Maurice-la-Clouère;;;0.404615;46.408769
86235_0027_00006;6;;Impasse Galmoisin;86160;86235;Saint-Maurice-la-Clouère;;;0.404667;46.381054
86235_0013_00022;22;;Route de Gizay;86160;86235;Saint-Maurice-la-Clouère;;;0.411547;46.379014
86235_0016_00002;2;;Rue du Moulin;86160;86235;Saint-Maurice-la-Clouère;;;0.411107;46.376349
86235_a120_00010;10;;Zone artisanale de l’Arboretum;86160;86235;Saint-Maurice-la-Clouère;;;0.408752;46.383573
86235_0030_00017;17;;Rue François Baco;86160;86235;Saint-Maurice-la-Clouère;;;0.40973;46.383765
86235_ugoeh6_00008;8;;Lieu-Dit Auget;86160;86235;Saint-Maurice-la-Clouère;;;0.499645;46.398795
86235_b072_00007;7;;Le Grand Fouilloux;86160;86235;Saint-Maurice-la-Clouère;;;0.393122;46.393138
86235_0018_00012;12;;Rue Principale;86160;86235;Saint-Maurice-la-Clouère;;;0.410121;46.377264
86235_0007_00002;2;;Chemin de la Croix de la Garde;86160;86235;Saint-Maurice-la-Clouère;;;0.411737;46.380619
86235_stex8o_00004;4;;La Vacherie.;86160;86235;Saint-Maurice-la-Clouère;;;0.494132;46.382283
86235_0035_00001;1;;Chemin de la Leproserie;86160;86235;Saint-Maurice-la-Clouère;;;0.408768;46.382791
86235_a130_00017;17;;Zone Artisanale de Galmoisin;86160;86235;Saint-Maurice-la-Clouère;;;0.403797;46.385056
86235_b043_00005;5;;Lieu-Dit Chez Vecant;86160;86235;Saint-Maurice-la-Clouère;;;0.402924;46.390227
86235_ho2kpr_00006;6;;Rue de la Vieille Forge - Le Dognon;86160;86235;Saint-Maurice-la-Clouère;;;0.474729;46.38003
86235_0020_00005;5;;Rue Robert Pacaud;86160;86235;Saint-Maurice-la-Clouère;;;0.415637;46.380735
86235_b072_00003;3;;Le Grand Fouilloux;86160;86235;Saint-Maurice-la-Clouère;;;0.392583;46.393001
86235_8wqvug_00002;2;;Rue Pierré Puy Félix;86160;86235;Saint-Maurice-la-Clouère;;;0.425817;46.376282
86235_7pmtma_00011;11;;Plan de Puy Felix - Puy Félix;86160;86235;Saint-Maurice-la-Clouère;;;0.42742;46.375131
86235_0018_00061;61;;Rue Principale;86160;86235;Saint-Maurice-la-Clouère;;;0.413599;46.377612
86235_2zy1h6_00006;6;;Rue de l’Ancienne Mare - Le Dognon;86160;86235;Saint-Maurice-la-Clouère;;;0.474278;46.380887
86235_0016_00015;15;;Rue du Moulin;86160;86235;Saint-Maurice-la-Clouère;;;0.413552;46.37563
86235_0011_00017;17;;Rue du Docteur Mèriguet;86160;86235;Saint-Maurice-la-Clouère;;;0.413988;46.380413
86235_a120_00018;18;;Zone artisanale de l’Arboretum;86160;86235;Saint-Maurice-la-Clouère;;;0.406075;46.384337
86235_b043_00010;10;;Lieu-Dit Chez Vecant;86160;86235;Saint-Maurice-la-Clouère;;;0.403286;46.390093
86235_pd4g8g_00001;1;;Lieu-Dit Le Montairon;86160;86235;Saint-Maurice-la-Clouère;;;0.483865;46.385111
86235_0018_00034;34;;Rue Principale;86160;86235;Saint-Maurice-la-Clouère;;;0.411254;46.377174
86235_ugoeh6_00006;6;;Lieu-Dit Auget;86160;86235;Saint-Maurice-la-Clouère;;;0.499356;46.398473
86235_ho2kpr_00012;12;;Rue de la Vieille Forge - Le Dognon;86160;86235;Saint-Maurice-la-Clouère;;;0.476096;46.379887
86235_0003_00008;8;;Chemin des Carrières;86160;86235;Saint-Maurice-la-Clouère;;;0.410639;46.379385
86235_0013_00026;26;;Route de Gizay;86160;86235;Saint-Maurice-la-Clouère;;;0.41207;46.382243
86235_tukt0b_00001;1;;Lieu-Dit le Quierroux;86160;86235;Saint-Maurice-la-Clouère;;;0.499776;46.396306
86235_b043_00014;14;;Lieu-Dit Chez Vecant;86160;86235;Saint-Maurice-la-Clouère;;;0.403356;46.390396
86235_0016_00011;11;;Rue du Moulin;86160;86235;Saint-Maurice-la-Clouère;;;0.412918;46.375417
86235_zo47wm_00003;3;;Lieu-Dit Toucheronde;86160;86235;Saint-Maurice-la-Clouère;;;0.455174;46.370801
86235_0001_00005;5;;Rue Alexis Phémolant;86160;86235;Saint-Maurice-la-Clouère;;;0.412645;46.379857
86235_0015_00008;8;;Place de la Liberté;86160;86235;Saint-Maurice-la-Clouère;;;0.41076;46.376673
86235_x1kzz1_00005;5;;Lieu-Dit Chantemerle;86160;86235;Saint-Maurice-la-Clouère;;;0.483035;46.375284
86235_2zy1h6_00007;7;;Rue de l’Ancienne Mare - Le Dognon;86160;86235;Saint-Maurice-la-Clouère;;;0.475445;46.380663
86235_0110_00016;16;;Rue Othello;86160;86235;Saint-Maurice-la-Clouère;;;0.410828;46.385179
86235_x1kzz1_00006;6;;Lieu-Dit Chantemerle;86160;86235;Saint-Maurice-la-Clouère;;;0.482728;46.375142
86235_0016_00005;5;;Rue du Moulin;86160;86235;Saint-Maurice-la-Clouère;;;0.412031;46.375114
86235_o6w85s_00001;1;;Rue des Granges - Le Dognon;86160;86235;Saint-Maurice-la-Clouère;;;0.475244;46.380898
86235_vdei0g_00003;3;;Lieu-Dit la Poupardière;86160;86235;Saint-Maurice-la-Clouère;;;0.423725;46.379993
86235_0018_00004;4;;Rue Principale;86160;86235;Saint-Maurice-la-Clouère;;;0.409947;46.37709
86235_0080_00012;12;;Route de Vivonne;86160;86235;Saint-Maurice-la-Clouère;;;0.400222;46.385485
86235_0008_00001;1;;Rue du Curé Boiteau;86160;86235;Saint-Maurice-la-Clouère;;;0.413072;46.379371
86235_w49xx3_00001;1;;Route de Poitiers;86160;86235;Saint-Maurice-la-Clouère;;;0.401798;46.383482
86235_0018_00039;39;;Rue Principale;86160;86235;Saint-Maurice-la-Clouère;;;0.412438;46.377344
86235_ho2kpr_00002;2;;Rue de la Vieille Forge - Le Dognon;86160;86235;Saint-Maurice-la-Clouère;;;0.47395;46.37992
86235_0018_00006;6;;Rue Principale;86160;86235;Saint-Maurice-la-Clouère;;;0.410026;46.377052
86235_vdei0g_00001;1;;Lieu-Dit la Poupardière;86160;86235;Saint-Maurice-la-Clouère;;;0.423591;46.379753
86235_0016_00017_bis;17;bis;Rue du Moulin;86160;86235;Saint-Maurice-la-Clouère;;;0.413597;46.375301
86235_0011_00014;14;;Rue du Docteur Mèriguet;86160;86235;Saint-Maurice-la-Clouère;;;0.413856;46.379834
86235_b111_00008;8;;Lieu-Dit le Petit Fouilloux;86160;86235;Saint-Maurice-la-Clouère;;;0.394409;46.390719
86235_rkaqlt_00002;2;;Lieu-Dit la Coussière;86160;86235;Saint-Maurice-la-Clouère;;;0.416984;46.392086
86235_0024_00012;12;;Rue de la Pibole;86160;86235;Saint-Maurice-la-Clouère;;;0.411031;46.381322
86235_0003_00002;2;;Chemin des Carrières;86160;86235;Saint-Maurice-la-Clouère;;;0.411279;46.378955
86235_6ksieb_00001;1;;Rue du Petit Jacques - Puy Félix;86160;86235;Saint-Maurice-la-Clouère;;;0.428388;46.375958
86235_0026_00035;35;;Rue des Grands Champs;86160;86235;Saint-Maurice-la-Clouère;;;0.406424;46.381546
86235_0026_00008;8;;Rue des Grands Champs;86160;86235;Saint-Maurice-la-Clouère;;;0.404982;46.381924
86235_a130_00001;1;;Zone Artisanale de Galmoisin;86160;86235;Saint-Maurice-la-Clouère;;;0.403011;46.382731
86235_0013_00022_ter;22;ter;Route de Gizay;86160;86235;Saint-Maurice-la-Clouère;;;0.411485;46.379231
86235_0003_00004;4;;Chemin des Carrières;86160;86235;Saint-Maurice-la-Clouère;;;0.411191;46.379101
86235_0026_00031;31;;Rue des Grands Champs;86160;86235;Saint-Maurice-la-Clouère;;;0.406728;46.381923
86235_0110_00006;6;;Rue Othello;86160;86235;Saint-Maurice-la-Clouère;;;0.411569;46.384764
86235_pd4g8g_00018;18;;Lieu-Dit Le Montairon;86160;86235;Saint-Maurice-la-Clouère;;;0.485324;46.384298
86235_0018_00060;60;;Rue Principale;86160;86235;Saint-Maurice-la-Clouère;;;0.417096;46.379891
86235_pd4g8g_00015;15;;Lieu-Dit Le Montairon;86160;86235;Saint-Maurice-la-Clouère;;;0.48696;46.383975
86235_i6zl8p_00008;8;;Rue du Gué - Puy Félix;86160;86235;Saint-Maurice-la-Clouère;;;0.427106;46.375163
86235_ha3o5p_00001;1;;Lieu-Dit la Coupelière;86160;86235;Saint-Maurice-la-Clouère;;;0.427211;46.400119
86235_b112_00003;3;;Le Petit Plamboux.;86160;86235;Saint-Maurice-la-Clouère;;;0.452467;46.384963
86235_a120_00009;9;;Zone artisanale de l’Arboretum;86160;86235;Saint-Maurice-la-Clouère;;;0.404175;46.386129
86235_2ap3pc_00004;4;;Rue de la Treille - Le Dognon;86160;86235;Saint-Maurice-la-Clouère;;;0.475995;46.379577
86235_2zy1h6_00003;3;;Rue de l’Ancienne Mare - Le Dognon;86160;86235;Saint-Maurice-la-Clouère;;;0.474372;46.381082
86235_0013_00001;1;;Route de Gizay;86160;86235;Saint-Maurice-la-Clouère;;;0.411865;46.377605
86235_a130_00015;15;;Zone Artisanale de Galmoisin;86160;86235;Saint-Maurice-la-Clouère;;;0.402591;46.385329
86235_0010_00002_a;2;a;Rue Desire Bienvenu;86160;86235;Saint-Maurice-la-Clouère;;;0.413541;46.378624
86235_0018_00020;20;;Rue Principale;86160;86235;Saint-Maurice-la-Clouère;;;0.410451;46.37702
86235_ho2kpr_00011;11;;Rue de la Vieille Forge - Le Dognon;86160;86235;Saint-Maurice-la-Clouère;;;0.476913;46.380135
86235_a120_00020;20;;Zone artisanale de l’Arboretum;86160;86235;Saint-Maurice-la-Clouère;;;0.405977;46.384682
86235_0007_00009;9;;Chemin de la Croix de la Garde;86160;86235;Saint-Maurice-la-Clouère;;;0.408982;46.381155
86235_vdei0g_00005;5;;Lieu-Dit la Poupardière;86160;86235;Saint-Maurice-la-Clouère;;;0.424039;46.379326
86235_a120_00016;16;;Zone artisanale de l’Arboretum;86160;86235;Saint-Maurice-la-Clouère;;;0.40679;46.384334
86235_2ap3pc_00008;8;;Rue de la Treille - Le Dognon;86160;86235;Saint-Maurice-la-Clouère;;;0.476151;46.379485
86235_b002_00007;7;;L’Ancienne Cure;86160;86235;Saint-Maurice-la-Clouère;;;0.406469;46.377227
86235_0011_00019;19;;Rue du Docteur Mèriguet;86160;86235;Saint-Maurice-la-Clouère;;;0.41373;46.380532
86235_b6tjdf_00005;5;;Lieu-Dit le Paisseau;86160;86235;Saint-Maurice-la-Clouère;;;0.3869;46.390793
86235_b043_00007;7;;Lieu-Dit Chez Vecant;86160;86235;Saint-Maurice-la-Clouère;;;0.402958;46.390312
86235_zd7dk9_00008;8;;Rue Jeannine et Yves Girard Le Dognon;86160;86235;Saint-Maurice-la-Clouère;;;0.474569;46.382255
86235_a130_00016;16;;Zone Artisanale de Galmoisin;86160;86235;Saint-Maurice-la-Clouère;;;0.405003;46.383188
86235_0006_00004;4;;Chemin du Côteau;86160;86235;Saint-Maurice-la-Clouère;;;0.40564;46.380355
86235_a120_00012;12;;Zone artisanale de l’Arboretum;86160;86235;Saint-Maurice-la-Clouère;;;0.408072;46.384017
86235_0011_00001;1;;Rue du Docteur Mèriguet;86160;86235;Saint-Maurice-la-Clouère;;;0.415543;46.37886
86235_0027_00008;8;;Impasse Galmoisin;86160;86235;Saint-Maurice-la-Clouère;;;0.40442;46.381133
86235_0018_00054;54;;Rue Principale;86160;86235;Saint-Maurice-la-Clouère;;;0.413806;46.377747
86235_o6w85s_00002;2;;Rue des Granges - Le Dognon;86160;86235;Saint-Maurice-la-Clouère;;;0.475012;46.381083
86235_0001_00006;6;;Rue Alexis Phémolant;86160;86235;Saint-Maurice-la-Clouère;;;0.41237;46.379791
86235_0012_00005;5;;Rue Edgard Suraud;86160;86235;Saint-Maurice-la-Clouère;;;0.416134;46.380276
86235_zo47wm_00001;1;;Lieu-Dit Toucheronde;86160;86235;Saint-Maurice-la-Clouère;;;0.454783;46.370728
86235_0018_00045;45;;Rue Principale;86160;86235;Saint-Maurice-la-Clouère;;;0.412729;46.377391
86235_b072_00009;9;;Le Grand Fouilloux;86160;86235;Saint-Maurice-la-Clouère;;;0.393209;46.393257
86235_0007_00005;5;;Chemin de la Croix de la Garde;86160;86235;Saint-Maurice-la-Clouère;;;0.409541;46.380979
86235_0018_00017;17;;Rue Principale;86160;86235;Saint-Maurice-la-Clouère;;;0.411214;46.377056
86235_pd4g8g_00002;2;;Lieu-Dit Le Montairon;86160;86235;Saint-Maurice-la-Clouère;;;0.483797;46.384193
86235_0003_00012;12;;Chemin des Carrières;86160;86235;Saint-Maurice-la-Clouère;;;0.410351;46.379669
86235_0018_00052;52;;Rue Principale;86160;86235;Saint-Maurice-la-Clouère;;;0.413717;46.377711
86235_a130_00002;2;;Zone Artisanale de Galmoisin;86160;86235;Saint-Maurice-la-Clouère;;;0.404212;46.383056
86235_0018_00013;13;;Rue Principale;86160;86235;Saint-Maurice-la-Clouère;;;0.411007;46.377022
86235_a130_00002_a;2;a;Zone Artisanale de Galmoisin;86160;86235;Saint-Maurice-la-Clouère;;;0.403828;46.383352
86235_0026_00013;13;;Rue des Grands Champs;86160;86235;Saint-Maurice-la-Clouère;;;0.404778;46.382351
86235_0013_00016;16;;Route de Gizay;86160;86235;Saint-Maurice-la-Clouère;;;0.411393;46.378267
86235_0014_00001;1;;Rue Henri Senellier;86160;86235;Saint-Maurice-la-Clouère;;;0.414637;46.380617
86235_0100_00012;12;;Rue Charles Oberlin;86160;86235;Saint-Maurice-la-Clouère;;;0.411801;46.383486
86235_0020_00006;6;;Rue Robert Pacaud;86160;86235;Saint-Maurice-la-Clouère;;;0.415377;46.381023
86235_0014_00002;2;;Rue Henri Senellier;86160;86235;Saint-Maurice-la-Clouère;;;0.415405;46.379724
86235_0018_00025;25;;Rue Principale;86160;86235;Saint-Maurice-la-Clouère;;;0.411456;46.377107
86235_2zy1h6_00005;5;;Rue de l’Ancienne Mare - Le Dognon;86160;86235;Saint-Maurice-la-Clouère;;;0.474941;46.380762
86235_8wqvug_00001;1;;Rue Pierré Puy Félix;86160;86235;Saint-Maurice-la-Clouère;;;0.425895;46.376691
86235_b078_00001;1;;Lieu-Dit la Grange Carrée;86160;86235;Saint-Maurice-la-Clouère;;;0.467547;46.378039
86235_y1ab8u_00001;1;;La Ressonnière;86160;86235;Saint-Maurice-la-Clouère;;;0.427929;46.409166
86235_b111_00002;2;;Lieu-Dit le Petit Fouilloux;86160;86235;Saint-Maurice-la-Clouère;;;0.394609;46.390386
86235_0026_00006;6;;Rue des Grands Champs;86160;86235;Saint-Maurice-la-Clouère;;;0.404651;46.381841
86235_gwhd38_00004;4;;Lieu-Dit Nervarand;86160;86235;Saint-Maurice-la-Clouère;;;0.507844;46.369677
86235_x1kzz1_00023;23;;Lieu-Dit Chantemerle;86160;86235;Saint-Maurice-la-Clouère;;;0.482288;46.373434
86235_0018_00030_bis;30;bis;Rue Principale;86160;86235;Saint-Maurice-la-Clouère;;;0.410919;46.377234
86235_zd7dk9_00016;16;;Rue Jeannine et Yves Girard Le Dognon;86160;86235;Saint-Maurice-la-Clouère;;;0.473949;46.381471
86235_0003_00011;11;;Chemin des Carrières;86160;86235;Saint-Maurice-la-Clouère;;;0.409751;46.380163
86235_kf0a4w_00003;3;;Lieu-Dit la Chapelière;86160;86235;Saint-Maurice-la-Clouère;;;0.503146;46.400055
86235_kf0a4w_00009;9;;Lieu-Dit la Chapelière;86160;86235;Saint-Maurice-la-Clouère;;;0.502618;46.39984
86235_0004_00021;21;;Route de Chez Vécant;86160;86235;Saint-Maurice-la-Clouère;;;0.408323;46.382645
86235_0013_00003_a;3;a;Route de Gizay;86160;86235;Saint-Maurice-la-Clouère;;;0.411701;46.378209
86235_0100_00026;26;;Rue Charles Oberlin;86160;86235;Saint-Maurice-la-Clouère;;;0.41169;46.385453
86235_0011_00007;7;;Rue du Docteur Mèriguet;86160;86235;Saint-Maurice-la-Clouère;;;0.414939;46.379477
86235_avmq0c_00004;4;;Lieu-Dit Remigeoux;86160;86235;Saint-Maurice-la-Clouère;;;0.432272;46.392478
86235_qigqx8_00006;6;;Chemin de la Grand-Mère - Puy Félix;86160;86235;Saint-Maurice-la-Clouère;;;0.429233;46.375414
86235_oatrg8_00001;1;;Lieu-Dit la Dultière;86160;86235;Saint-Maurice-la-Clouère;;;0.438789;46.39038
86235_o6w85s_00007;7;;Rue des Granges - Le Dognon;86160;86235;Saint-Maurice-la-Clouère;;;0.475183;46.381873
86235_0030_00009;9;;Rue François Baco;86160;86235;Saint-Maurice-la-Clouère;;;0.410168;46.384386
86235_0018_00018;18;;Rue Principale;86160;86235;Saint-Maurice-la-Clouère;;;0.410375;46.377479
86235_b072_00005;5;;Le Grand Fouilloux;86160;86235;Saint-Maurice-la-Clouère;;;0.39316;46.392915
86235_0100_00005;5;;Rue Charles Oberlin;86160;86235;Saint-Maurice-la-Clouère;;;0.412306;46.38418
86235_0011_00008;8;;Rue du Docteur Mèriguet;86160;86235;Saint-Maurice-la-Clouère;;;0.414544;46.379266
86235_0016_00020;20;;Rue du Moulin;86160;86235;Saint-Maurice-la-Clouère;;;0.41335;46.375818
86235_pd4g8g_00020;20;;Lieu-Dit Le Montairon;86160;86235;Saint-Maurice-la-Clouère;;;0.486272;46.383915
86235_838y1e_00006;6;;Galmoisin;86160;86235;Saint-Maurice-la-Clouère;;;0.399523;46.379961
86235_0021_00003;3;;Chemin des Sapinettes;86160;86235;Saint-Maurice-la-Clouère;;;0.414493;46.38187
86235_0012_00003;3;;Rue Edgard Suraud;86160;86235;Saint-Maurice-la-Clouère;;;0.415892;46.380157
86235_0011_00009;9;;Rue du Docteur Mèriguet;86160;86235;Saint-Maurice-la-Clouère;;;0.414693;46.379602
86235_0007_00011;11;;Chemin de la Croix de la Garde;86160;86235;Saint-Maurice-la-Clouère;;;0.408851;46.381
86235_0026_00014;14;;Rue des Grands Champs;86160;86235;Saint-Maurice-la-Clouère;;;0.405807;46.382268
86235_pd4g8g_00011;11;;Lieu-Dit Le Montairon;86160;86235;Saint-Maurice-la-Clouère;;;0.486272;46.384228
86235_0018_00010;10;;Rue Principale;86160;86235;Saint-Maurice-la-Clouère;;;0.410175;46.377058
86235_0026_00016;16;;Rue des Grands Champs;86160;86235;Saint-Maurice-la-Clouère;;;0.406283;46.382221
86235_0017_00010;10;;Rue Pierre Andrault;86160;86235;Saint-Maurice-la-Clouère;;;0.407613;46.382111
86235_ho2kpr_00017;17;;Rue de la Vieille Forge - Le Dognon;86160;86235;Saint-Maurice-la-Clouère;;;0.477688;46.379786
86235_0110_00010;10;;Rue Othello;86160;86235;Saint-Maurice-la-Clouère;;;0.411077;46.384832
86235_ws9dgj_00010;10;;Lieu-Dit Brossac;86160;86235;Saint-Maurice-la-Clouère;;;0.424564;46.377679
86235_zd7dk9_00028;28;;Rue Jeannine et Yves Girard Le Dognon;86160;86235;Saint-Maurice-la-Clouère;;;0.473567;46.380147
86235_0011_00015;15;;Rue du Docteur Mèriguet;86160;86235;Saint-Maurice-la-Clouère;;;0.414209;46.380037
86235_0026_00001;1;;Rue des Grands Champs;86160;86235;Saint-Maurice-la-Clouère;;;0.403567;46.381366
86235_0018_00040;40;;Rue Principale;86160;86235;Saint-Maurice-la-Clouère;;;0.412835;46.377472
86235_2ap3pc_00012;12;;Rue de la Treille - Le Dognon;86160;86235;Saint-Maurice-la-Clouère;;;0.476404;46.379563
86235_0013_00012;12;;Route de Gizay;86160;86235;Saint-Maurice-la-Clouère;;;0.411515;46.378108
86235_0023_00003;3;;Impasse du Moulin;86160;86235;Saint-Maurice-la-Clouère;;;0.413526;46.376635
86235_0020_00008;8;;Rue Robert Pacaud;86160;86235;Saint-Maurice-la-Clouère;;;0.415613;46.381078
86235_zd7dk9_00030;30;;Rue Jeannine et Yves Girard Le Dognon;86160;86235;Saint-Maurice-la-Clouère;;;0.473451;46.380009
86235_0026_00015;15;;Rue des Grands Champs;86160;86235;Saint-Maurice-la-Clouère;;;0.405033;46.38244
86235_0009_00008;8;;Rue du Curé Jallet;86160;86235;Saint-Maurice-la-Clouère;;;0.416636;46.380111
86235_0020_00007;7;;Rue Robert Pacaud;86160;86235;Saint-Maurice-la-Clouère;;;0.415827;46.380931
86235_0020_00002;2;;Rue Robert Pacaud;86160;86235;Saint-Maurice-la-Clouère;;;0.414888;46.380757
86235_zd7dk9_00019;19;;Rue Jeannine et Yves Girard Le Dognon;86160;86235;Saint-Maurice-la-Clouère;;;0.47426;46.381518
86235_0003_00001;1;;Chemin des Carrières;86160;86235;Saint-Maurice-la-Clouère;;;0.411159;46.379353
