id;numero;rep;nom_voie;code_postal;code_insee;nom_commune;nom_ancienne_commune;nom_ld;lon;lat
41078_3f47fd_00001;1;;Lieu-dit de l’Étang;41360;41078;Épuisay;;L'Étang;0.90484;47.903224
41078_0066_00010;10;;Rue de la Godasière;41360;41078;Épuisay;;La Godasière;0.927346;47.91712
41078_0185_00004;4;;Route des Vallons;41360;41078;Épuisay;;La Bouletière;0.916013;47.87689
41078_0042_00006;6;;Chemin de la Châtaignière;41360;41078;Épuisay;;La Châtaignière;0.902664;47.88596
41078_0100_00008;8;;Rue des Mimosas;41360;41078;Épuisay;;;0.931034;47.900407
41078_0085_00005;5;;Impasse des Lilas;41360;41078;Épuisay;;;0.931947;47.900139
41078_yz9v7s_00003;3;;Impasse de La Cousinière;41360;41078;Épuisay;;La Cousinière;0.936475;47.893833
41078_0098_00008;8;;Rue de la Mare;41360;41078;Épuisay;;Le Tertre;0.962437;47.883617
41078_0017_00005;5;;Rue de la Bédellerie;41360;41078;Épuisay;;;0.923434;47.90556
41078_i9sji7_00021;21;;Lieu-dit de la Gâte;41360;41078;Épuisay;;La Gâte;0.955048;47.898382
41078_0140_00007;7;;Rue du Puits;41360;41078;Épuisay;;Le Tertre;0.963722;47.882159
41078_0012_00004;4;;Rue de l'Artisanat;41360;41078;Épuisay;;La Cousinière;0.934696;47.896952
41078_0155_00026;26;;Impasse de la Rose;41360;41078;Épuisay;;;0.923504;47.902691
41078_0030_00011;11;;Rue des Camélias;41360;41078;Épuisay;;;0.926364;47.90059
41078_0066_00011;11;;Rue de la Godasière;41360;41078;Épuisay;;La Godasière;0.927046;47.917566
41078_29q2du_00001;1;;Lieu-dit Les Petites Noues;41360;41078;Épuisay;;Les Petites Noues;0.93425;47.887284
41078_0157_00003;3;;Impasse de la Roussetière;41360;41078;Épuisay;;La Roussetière;0.926467;47.894496
41078_0063_00005;5;;Rue de Godard;41360;41078;Épuisay;;;0.933431;47.900724
41078_0060_00030;30;;Place de l’Eglise;41360;41078;Épuisay;;;0.929423;47.900264
41078_0100_00013;13;;Rue des Mimosas;41360;41078;Épuisay;;;0.931547;47.899903
41078_29q2du_00004;4;;Lieu-dit Les Petites Noues;41360;41078;Épuisay;;Les Petites Noues;0.934127;47.887337
41078_3f47fd_00005;5;;Lieu-dit de l’Étang;41360;41078;Épuisay;;L'Étang;0.903786;47.903344
41078_0044_00009;9;;Rue de la Cholazière;41360;41078;Épuisay;;;0.926157;47.905451
41078_0108_00004;4;;Rue des Myosotis;41360;41078;Épuisay;;;0.930148;47.899581
41078_0029_00006;6;;Chemin de La Cailletière;41360;41078;Épuisay;;La Cailletière;0.922691;47.889365
41078_a26109_00006;6;;Lieu-dit Les Champs;41360;41078;Épuisay;;Les Champs;0.945487;47.872827
41078_0155_00018;18;;Impasse de la Rose;41360;41078;Épuisay;;;0.923928;47.902183
41078_0044_00007;7;;Rue de la Cholazière;41360;41078;Épuisay;;;0.925786;47.90541
41078_0015_00014;14;;Impasse du Bas des Vignes;41360;41078;Épuisay;;Le Tertre;0.964829;47.881778
41078_0061_00005;5;;Chemin des Estelles;41360;41078;Épuisay;;;0.927008;47.906666
41078_0140_00011;11;;Rue du Puits;41360;41078;Épuisay;;Le Tertre;0.964983;47.882247
41078_0060_00005;5;;Place de l’Eglise;41360;41078;Épuisay;;;0.92974;47.900161
41078_0085_00007;7;;Impasse des Lilas;41360;41078;Épuisay;;;0.932041;47.90013
41078_0098_00016;16;;Rue de la Mare;41360;41078;Épuisay;;Le Tertre;0.963902;47.884479
41078_0060_00012;12;;Place de l’Eglise;41360;41078;Épuisay;;;0.929337;47.900603
41078_0085_00016;16;;Impasse des Lilas;41360;41078;Épuisay;;;0.934021;47.900074
41078_d5c171_00001;1;;Lieu-dit de la Jossetiere;41360;41078;Épuisay;;La Jossetiere;0.902279;47.907554
41078_0066_00002;2;;Rue de la Godasière;41360;41078;Épuisay;;La Godasière;0.928415;47.916432
41078_eqqhrk_00001;1;;Lieu-dit Le Vivier;41360;41078;Épuisay;;Le Vivier;0.941421;47.875777
41078_0020_00005;5;;Rue des Bleuets;41360;41078;Épuisay;;;0.930078;47.901124
41078_0066_00009;9;;Rue de la Godasière;41360;41078;Épuisay;;La Godasière;0.9272;47.917396
41078_0018_00003;3;;Chemin de Bellande;41360;41078;Épuisay;;Bellande;0.957459;47.896177
41078_b081_00001;1;;Lieu-dit des Petites Cartes;41360;41078;Épuisay;;Les Petites Cartes;0.926552;47.910975
41078_0030_00012;12;;Rue des Camélias;41360;41078;Épuisay;;;0.928119;47.900839
41078_0155_00012;12;;Impasse de la Rose;41360;41078;Épuisay;;;0.923888;47.901868
41078_0126_00002;2;;Rue du Pressoir;41360;41078;Épuisay;;Bierge Haut;0.949983;47.882365
41078_0140_00006;6;;Rue du Puits;41360;41078;Épuisay;;Le Tertre;0.96414;47.882259
41078_0098_00011;11;;Rue de la Mare;41360;41078;Épuisay;;Le Tertre;0.962446;47.883346
41078_0124_00007;7;;Rue de la Prairie;41360;41078;Épuisay;;Le Tertre;0.964074;47.883449
41078_0043_00004;4;;Chemin du Chêne;41360;41078;Épuisay;;La Brosse;0.943039;47.892621
41078_0066_00007;7;;Rue de la Godasière;41360;41078;Épuisay;;La Godasière;0.927496;47.917141
41078_0085_00011;11;;Impasse des Lilas;41360;41078;Épuisay;;;0.93224;47.900137
41078_0042_00002;2;;Chemin de la Châtaignière;41360;41078;Épuisay;;La Châtaignière;0.901996;47.886001
41078_0150_00003;3;;Impasse des Rebrais;41360;41078;Épuisay;;;0.922528;47.903023
41078_0150_00007;7;;Impasse des Rebrais;41360;41078;Épuisay;;;0.921876;47.903031
41078_0045_00004;4;;Chemin de la Chouannerie;41360;41078;Épuisay;;La Chouannerie;0.947485;47.880139
41078_0150_00001;1;;Impasse des Rebrais;41360;41078;Épuisay;;;0.923902;47.903131
41078_0010_00008_bis;8;bis;Rue des Acacias;41360;41078;Épuisay;;;0.924362;47.902982
41078_0028_00005;5;;Route de la Brosse;41360;41078;Épuisay;;Bierge;0.951299;47.884886
41078_0066_00012;12;;Rue de la Godasière;41360;41078;Épuisay;;La Godasière;0.926739;47.917653
41078_0125_00006;6;;Rue des Primevères;41360;41078;Épuisay;;;0.93079;47.900791
41078_0100_00017;17;;Rue des Mimosas;41360;41078;Épuisay;;;0.931785;47.899676
41078_0124_00001;1;;Rue de la Prairie;41360;41078;Épuisay;;Le Tertre;0.963265;47.883427
41078_d47e2a_00001;1;;Lieu-dit Beauregard;41360;41078;Épuisay;;Beauregard;0.912256;47.879673
41078_0066_00004;4;;Rue de la Godasière;41360;41078;Épuisay;;La Godasière;0.92806;47.916634
41078_0140_00009;9;;Rue du Puits;41360;41078;Épuisay;;Le Tertre;0.964516;47.882204
41078_0062_00007;7;;Route de Fortan;41360;41078;Épuisay;;;0.925343;47.897559
41078_0105_00005;5;;Rue du Muguet;41360;41078;Épuisay;;;0.928146;47.901258
41078_0095_00006;6;;Place de l'Éolienne Bollée;41360;41078;Épuisay;;;0.929935;47.901057
41078_0063_00001;1;;Rue de Godard;41360;41078;Épuisay;;;0.932143;47.901254
41078_0030_00006;6;;Rue des Camélias;41360;41078;Épuisay;;;0.928555;47.900223
41078_umipko_00001;1;;Lieu-dit de Rome;41360;41078;Épuisay;;Rome;0.938743;47.903655
41078_0101_00002;2;;Rue de la Métairie;41360;41078;Épuisay;;;0.927333;47.898332
41078_0125_00010_ter;10;ter;Rue des Primevères;41360;41078;Épuisay;;;0.932569;47.90085
41078_0030_00024;24;;Rue des Camélias;41360;41078;Épuisay;;;0.925582;47.900801
41078_0044_00008;8;;Rue de la Cholazière;41360;41078;Épuisay;;;0.925438;47.905447
41078_0028_00007;7;;Route de la Brosse;41360;41078;Épuisay;;Bierge;0.951266;47.885004
41078_0140_00013;13;;Rue du Puits;41360;41078;Épuisay;;Le Tertre;0.965224;47.882727
41078_0140_00021;21;;Rue du Puits;41360;41078;Épuisay;;Le Tertre;0.964219;47.884345
41078_fa7b0c_00002;2;;Lieu-dit Les Renaudières;41360;41078;Épuisay;;Les Renaudières;0.922103;47.921408
41078_0140_00010;10;;Rue du Puits;41360;41078;Épuisay;;Le Tertre;0.964905;47.883007
41078_0090_00004;4;;Rue des Lys;41360;41078;Épuisay;;;0.930242;47.900532
41078_0098_00012;12;;Rue de la Mare;41360;41078;Épuisay;;Le Tertre;0.96296;47.883782
41078_0025_00002;2;;Impasse des Boutons d’Or;41360;41078;Épuisay;;;0.923289;47.903909
41078_0150_00002;2;;Impasse des Rebrais;41360;41078;Épuisay;;;0.921927;47.902905
41078_0140_00017;17;;Rue du Puits;41360;41078;Épuisay;;Le Tertre;0.964512;47.883921
41078_0155_00009;9;;Impasse de la Rose;41360;41078;Épuisay;;;0.923818;47.902817
41078_0110_00003;3;;Rue des Nénuphars;41360;41078;Épuisay;;;0.929401;47.900901
41078_0110_00006;6;;Rue des Nénuphars;41360;41078;Épuisay;;;0.928826;47.901185
41078_r4880c_00001;1;;Lieu-dit L’Epeau;41360;41078;Épuisay;;L’Epeau;0.91971;47.920445
41078_0116_00003;3;;Chemin du Petit Theuret;41360;41078;Épuisay;;Le Petit Theuret;0.946248;47.902574
41078_db12z1_00002;2;;Lieu-dit Le Pré;41360;41078;Épuisay;;Le Pré;0.924066;47.87326
41078_0044_00016;16;;Rue de la Cholazière;41360;41078;Épuisay;;;0.927739;47.905593
41078_fa7b0c_00001;1;;Lieu-dit Les Renaudières;41360;41078;Épuisay;;Les Renaudières;0.924239;47.919926
41078_7caffc_00001;1;;Lieu-dit de La Rimbardière;41360;41078;Épuisay;;La Rimbardière;0.93897;47.869275
41078_0100_00012;12;;Rue des Mimosas;41360;41078;Épuisay;;;0.931968;47.899712
41078_0098_00019;19;;Rue de la Mare;41360;41078;Épuisay;;Le Tertre;0.963925;47.884349
41078_0060_00024;24;;Place de l’Eglise;41360;41078;Épuisay;;;0.929944;47.900485
41078_0125_00009;9;;Rue des Primevères;41360;41078;Épuisay;;;0.932085;47.90083
41078_0098_00007;7;;Rue de la Mare;41360;41078;Épuisay;;Le Tertre;0.961288;47.883055
41078_0020_00006;6;;Rue des Bleuets;41360;41078;Épuisay;;;0.929713;47.901649
41078_0039_00006;6;;Impasse des Capucines;41360;41078;Épuisay;;;0.9335;47.901563
41078_0155_00022;22;;Impasse de la Rose;41360;41078;Épuisay;;;0.923987;47.902496
41078_0075_00008;8;;Rue des Jonquilles;41360;41078;Épuisay;;;0.929848;47.898822
41078_0063_00012;12;;Rue de Godard;41360;41078;Épuisay;;;0.934018;47.900462
41078_0027_00004;4;;Chemin du Boulay;41360;41078;Épuisay;;Le Boulay;0.902998;47.890869
41078_0017_00009;9;;Rue de la Bédellerie;41360;41078;Épuisay;;;0.922792;47.905841
41078_0060_00008;8;;Place de l’Eglise;41360;41078;Épuisay;;;0.929315;47.900519
41078_0061_00008;8;;Chemin des Estelles;41360;41078;Épuisay;;;0.927575;47.907082
41078_0075_00005;5;;Rue des Jonquilles;41360;41078;Épuisay;;;0.92938;47.899331
41078_0170_00001;1;;Impasse des Tamaris;41360;41078;Épuisay;;;0.931427;47.901446
41078_0140_00019;19;;Rue du Puits;41360;41078;Épuisay;;Le Tertre;0.96435;47.884187
41078_0096_00002;2;;Route du Mans;41360;41078;Épuisay;;La Grange;0.915939;47.90211
41078_0061_00001;1;;Chemin des Estelles;41360;41078;Épuisay;;;0.927229;47.90595
41078_0030_00010;10;;Rue des Camélias;41360;41078;Épuisay;;;0.928233;47.90035
41078_0017_00011;11;;Rue de la Bédellerie;41360;41078;Épuisay;;;0.922542;47.905977
41078_0027_00001;1;;Chemin du Boulay;41360;41078;Épuisay;;Le Boulay;0.902734;47.890283
41078_0015_00016;16;;Impasse du Bas des Vignes;41360;41078;Épuisay;;Le Tertre;0.964949;47.881793
41078_0108_00002;2;;Rue des Myosotis;41360;41078;Épuisay;;;0.929734;47.899384
41078_r4880c_00002;2;;Lieu-dit L’Epeau;41360;41078;Épuisay;;L’Epeau;0.920255;47.9201
41078_0116_00001;1;;Chemin du Petit Theuret;41360;41078;Épuisay;;Le Petit Theuret;0.946731;47.902459
41078_0044_00006;6;;Rue de la Cholazière;41360;41078;Épuisay;;;0.925043;47.905409
41078_0155_00001;1;;Impasse de la Rose;41360;41078;Épuisay;;;0.924131;47.901474
41078_0140_00004;4;;Rue du Puits;41360;41078;Épuisay;;Le Tertre;0.963713;47.882233
41078_0085_00010;10;;Impasse des Lilas;41360;41078;Épuisay;;;0.932646;47.900188
41078_r4880c_00004;4;;Lieu-dit L’Epeau;41360;41078;Épuisay;;L’Epeau;0.920031;47.920177
41078_0027_00002;2;;Chemin du Boulay;41360;41078;Épuisay;;Le Boulay;0.903239;47.890725
41078_l31n7l_00005;5;;Lieu-dit du Grand Theuret;41360;41078;Épuisay;;Le Grand Theuret;0.947475;47.900485
41078_0185_00001;1;;Route des Vallons;41360;41078;Épuisay;;La Bouletière;0.915773;47.876887
41078_0015_00009;9;;Impasse du Bas des Vignes;41360;41078;Épuisay;;Le Tertre;0.961597;47.881648
41078_0170_00006;6;;Impasse des Tamaris;41360;41078;Épuisay;;;0.931104;47.902076
41078_0100_00001;1;;Rue des Mimosas;41360;41078;Épuisay;;;0.930706;47.900509
41078_nj3qvd_00001;1;;Lieu-dit Les Fossés;41360;41078;Épuisay;;Les Fossés;0.931652;47.877231
41078_0020_00013;13;;Rue des Bleuets;41360;41078;Épuisay;;;0.929862;47.902026
41078_0160_00006;6;;Rue des Seringas;41360;41078;Épuisay;;;0.928336;47.899514
41078_0090_00003;3;;Rue des Lys;41360;41078;Épuisay;;;0.930233;47.900411
41078_0061_00011;11;;Chemin des Estelles;41360;41078;Épuisay;;;0.927503;47.907487
41078_0075_00001;1;;Rue des Jonquilles;41360;41078;Épuisay;;;0.929257;47.899726
41078_0175_00014;14;;Rue des Tulipes;41360;41078;Épuisay;;;0.928058;47.905151
41078_0110_00007;7;;Rue des Nénuphars;41360;41078;Épuisay;;;0.929179;47.900992
41078_0060_00022;22;;Place de l’Eglise;41360;41078;Épuisay;;;0.929836;47.900541
41078_0062_00004;4;;Route de Fortan;41360;41078;Épuisay;;;0.919492;47.891017
41078_0175_00016;16;;Rue des Tulipes;41360;41078;Épuisay;;;0.927926;47.905146
41078_0041_00003;3;;Allée des Charmilles;41360;41078;Épuisay;;La Brosse;0.944559;47.892478
41078_0063_00009;9;;Rue de Godard;41360;41078;Épuisay;;;0.934211;47.900475
41078_0024_00001;1;;Chemin de la Borde;41360;41078;Épuisay;;La Borde;0.946414;47.896587
41078_0039_00002;2;;Impasse des Capucines;41360;41078;Épuisay;;;0.932974;47.90146
41078_0063_00003;3;;Rue de Godard;41360;41078;Épuisay;;;0.932643;47.901361
41078_0044_00014;14;;Rue de la Cholazière;41360;41078;Épuisay;;;0.926725;47.905676
41078_0050_00001;1;;Impasse des Dahlias;41360;41078;Épuisay;;;0.925776;47.904919
41078_0050_00006;6;;Impasse des Dahlias;41360;41078;Épuisay;;;0.926505;47.904629
41078_0155_00014;14;;Impasse de la Rose;41360;41078;Épuisay;;;0.923909;47.902026
41078_i9sji7_00018;18;;Lieu-dit de la Gâte;41360;41078;Épuisay;;La Gâte;0.953785;47.898624
41078_0175_00001;1;;Rue des Tulipes;41360;41078;Épuisay;;;0.928242;47.905357
41078_0044_00005;5;;Rue de la Cholazière;41360;41078;Épuisay;;;0.925336;47.905346
41078_0060_00004;4;;Place de l’Eglise;41360;41078;Épuisay;;;0.929242;47.900254
41078_0098_00014;14;;Rue de la Mare;41360;41078;Épuisay;;Le Tertre;0.963489;47.884139
41078_0095_00004;4;;Place de l'Éolienne Bollée;41360;41078;Épuisay;;;0.929621;47.901193
41078_0015_00013;13;;Impasse du Bas des Vignes;41360;41078;Épuisay;;Le Tertre;0.961391;47.881508
41078_0097_00001;1;;Chemin de la Martinière;41360;41078;Épuisay;;La Châtaignière;0.900455;47.885516
41078_0115_00004;4;;Impasse des Oeillets;41360;41078;Épuisay;;;0.926991;47.899268
41078_3f47fd_00003;3;;Lieu-dit de l’Étang;41360;41078;Épuisay;;L'Étang;0.904092;47.903312
41078_0110_00005;5;;Rue des Nénuphars;41360;41078;Épuisay;;;0.929299;47.900953
41078_0100_00004;4;;Rue des Mimosas;41360;41078;Épuisay;;;0.930887;47.900501
41078_0126_00004;4;;Rue du Pressoir;41360;41078;Épuisay;;Bierge Haut;0.949873;47.882284
41078_0126_00006;6;;Rue du Pressoir;41360;41078;Épuisay;;Bierge Haut;0.949612;47.882028
41078_0125_00005;5;;Rue des Primevères;41360;41078;Épuisay;;;0.931042;47.900819
41078_0015_00012;12;;Impasse du Bas des Vignes;41360;41078;Épuisay;;Le Tertre;0.964636;47.881555
41078_0125_00001;1;;Rue des Primevères;41360;41078;Épuisay;;;0.93076;47.900699
41078_0060_00006;6;;Place de l’Eglise;41360;41078;Épuisay;;;0.929334;47.900431
41078_0155_00010;10;;Impasse de la Rose;41360;41078;Épuisay;;;0.923886;47.901788
41078_0120_00002;2;;Rue Perce Neige;41360;41078;Épuisay;;;0.92436;47.901893
41078_0066_00005;5;;Rue de la Godasière;41360;41078;Épuisay;;La Godasière;0.928124;47.916703
41078_0122_00001;1;;Chemin du Plessis;41360;41078;Épuisay;;Le Plessis;0.93365;47.905396
41078_0030_00018;18;;Rue des Camélias;41360;41078;Épuisay;;;0.926553;47.900732
41078_0099_00002;2;;Route de Mazangé;41360;41078;Épuisay;;La Cousinière;0.932861;47.897276
41078_0150_00010;10;;Impasse des Rebrais;41360;41078;Épuisay;;;0.921433;47.903262
41078_0010_00014;14;;Rue des Acacias;41360;41078;Épuisay;;;0.924028;47.904422
41078_0050_00004;4;;Impasse des Dahlias;41360;41078;Épuisay;;;0.92628;47.904595
41078_0170_00002;2;;Impasse des Tamaris;41360;41078;Épuisay;;;0.931221;47.901206
41078_0015_00015;15;;Impasse du Bas des Vignes;41360;41078;Épuisay;;Le Tertre;0.961408;47.881315
41078_0126_00007;7;;Rue du Pressoir;41360;41078;Épuisay;;Bierge Haut;0.950138;47.882481
41078_7caffc_00005;5;;Lieu-dit de La Rimbardière;41360;41078;Épuisay;;La Rimbardière;0.937602;47.869682
41078_0117_00002;2;;Chemin de la petite Roussetière;41360;41078;Épuisay;;La petite Roussetière;0.92765;47.888808
41078_0025_00006;6;;Impasse des Boutons d’Or;41360;41078;Épuisay;;;0.923424;47.904181
41078_0100_00002;2;;Rue des Mimosas;41360;41078;Épuisay;;;0.930773;47.900573
41078_0135_00004;4;;Impasse du Plan d’Eau;41360;41078;Épuisay;;;0.927525;47.905344
41078_0155_00020;20;;Impasse de la Rose;41360;41078;Épuisay;;;0.923931;47.902265
41078_0105_00010;10;;Rue du Muguet;41360;41078;Épuisay;;;0.92805;47.901412
41078_0010_00020;20;;Rue des Acacias;41360;41078;Épuisay;;;0.924067;47.904829
41078_0020_00009;9;;Rue des Bleuets;41360;41078;Épuisay;;;0.929906;47.901421
41078_0100_00003;3;;Rue des Mimosas;41360;41078;Épuisay;;;0.930784;47.900461
41078_0140_00012;12;;Rue du Puits;41360;41078;Épuisay;;Le Tertre;0.964789;47.883227
41078_0155_00006;6;;Impasse de la Rose;41360;41078;Épuisay;;;0.923874;47.901641
41078_0015_00005;5;;Impasse du Bas des Vignes;41360;41078;Épuisay;;Le Tertre;0.962068;47.881368
41078_0035_00001;1;;Chemin des Camélias;41360;41078;Épuisay;;;0.927887;47.90003
41078_0044_00013;13;;Rue de la Cholazière;41360;41078;Épuisay;;;0.927155;47.905595
41078_0110_00009;9;;Rue des Nénuphars;41360;41078;Épuisay;;;0.929056;47.901003
41078_0061_00003;3;;Chemin des Estelles;41360;41078;Épuisay;;;0.927095;47.906421
41078_0099_00005;5;;Route de Mazangé;41360;41078;Épuisay;;La Cousinière;0.931241;47.89594
41078_8589c3_00001;1;;Lieu-dit du Courtamblay;41360;41078;Épuisay;;Courtamblay;0.914803;47.90681
41078_0125_00011;11;;Rue des Primevères;41360;41078;Épuisay;;;0.932074;47.900441
41078_0140_00002;2;;Rue du Puits;41360;41078;Épuisay;;Le Tertre;0.962636;47.882734
41078_o4xe4w_00001;1;;Lieu-dit l'Eclèche;41360;41078;Épuisay;;l'Eclèche;0.916018;47.894434
41078_0121_00002;2;;Rue du Piteau;41360;41078;Épuisay;;Le Tertre;0.963154;47.885235
41078_0105_00004;4;;Rue du Muguet;41360;41078;Épuisay;;;0.927588;47.901054
41078_0124_00006;6;;Rue de la Prairie;41360;41078;Épuisay;;Le Tertre;0.964363;47.883614
41078_i9sji7_00019;19;;Lieu-dit de la Gâte;41360;41078;Épuisay;;La Gâte;0.95344;47.898481
41078_0015_00002;2;;Impasse du Bas des Vignes;41360;41078;Épuisay;;Le Tertre;0.962937;47.881629
41078_0024_00003;3;;Chemin de la Borde;41360;41078;Épuisay;;La Borde;0.946662;47.896332
41078_0135_00002;2;;Impasse du Plan d’Eau;41360;41078;Épuisay;;;0.927533;47.905411
41078_0024_00002;2;;Chemin de la Borde;41360;41078;Épuisay;;La Borde;0.946692;47.89713
41078_0017_00002;2;;Rue de la Bédellerie;41360;41078;Épuisay;;;0.923697;47.905431
41078_0066_00001;1;;Rue de la Godasière;41360;41078;Épuisay;;La Godasière;0.928764;47.916306
41078_0012_00008;8;;Rue de l'Artisanat;41360;41078;Épuisay;;La Cousinière;0.935136;47.896559
41078_0044_00003;3;;Rue de la Cholazière;41360;41078;Épuisay;;;0.925029;47.905307
41078_0155_00016;16;;Impasse de la Rose;41360;41078;Épuisay;;;0.923923;47.902102
41078_0017_00007;7;;Rue de la Bédellerie;41360;41078;Épuisay;;;0.923144;47.905673
41078_0061_00014;14;;Chemin des Estelles;41360;41078;Épuisay;;;0.928117;47.908244
41078_0157_00002;2;;Impasse de la Roussetière;41360;41078;Épuisay;;La Roussetière;0.926453;47.893988
41078_61f1c5_00002;2;;Lieu-dit L'Arpent;41360;41078;Épuisay;;;0.930497;47.9069
41078_0020_00004;4;;Rue des Bleuets;41360;41078;Épuisay;;;0.929814;47.90128
41078_0125_00008;8;;Rue des Primevères;41360;41078;Épuisay;;;0.930884;47.900869
41078_0108_00003;3;;Rue des Myosotis;41360;41078;Épuisay;;;0.930127;47.899618
41078_0136_00001;1;;Chemin de la Provanderie;41360;41078;Épuisay;;La Provanderie;0.91963;47.893088
41078_0066_00013;13;;Rue de la Godasière;41360;41078;Épuisay;;La Godasière;0.926847;47.917726
41078_0060_00001;1;;Place de l’Eglise;41360;41078;Épuisay;;;0.929231;47.900065
41078_0098_00018;18;;Rue de la Mare;41360;41078;Épuisay;;Le Tertre;0.963834;47.884684
41078_a26109_00005;5;;Lieu-dit Les Champs;41360;41078;Épuisay;;Les Champs;0.944541;47.873109
41078_0125_00002;2;;Rue des Primevères;41360;41078;Épuisay;;;0.930656;47.900706
41078_0060_00005_bis;5;bis;Place de l’Eglise;41360;41078;Épuisay;;;0.929857;47.900213
41078_0098_00013;13;;Rue de la Mare;41360;41078;Épuisay;;Le Tertre;0.962733;47.883517
41078_0030_00030;30;;Rue des Camélias;41360;41078;Épuisay;;;0.923657;47.901071
41078_d47e2a_00003;3;;Lieu-dit Beauregard;41360;41078;Épuisay;;Beauregard;0.911988;47.879418
41078_0035_00005;5;;Chemin des Camélias;41360;41078;Épuisay;;;0.927734;47.899856
41078_0105_00008;8;;Rue du Muguet;41360;41078;Épuisay;;;0.927988;47.901361
41078_0115_00003;3;;Impasse des Oeillets;41360;41078;Épuisay;;;0.926735;47.899732
41078_0105_00016;16;;Rue du Muguet;41360;41078;Épuisay;;;0.928917;47.90225
41078_0012_00020;20;;Rue de l'Artisanat;41360;41078;Épuisay;;La Cousinière;0.935614;47.896151
41078_0026_00013;13;;Route de la Borde Rameau;41360;41078;Épuisay;;Les Grands Champs;0.900851;47.89914
41078_0041_00010;10;;Allée des Charmilles;41360;41078;Épuisay;;La Brosse;0.944385;47.892391
41078_0085_00020;20;;Impasse des Lilas;41360;41078;Épuisay;;;0.934684;47.900013
41078_0010_00016;16;;Rue des Acacias;41360;41078;Épuisay;;;0.924049;47.904639
41078_0029_00005;5;;Chemin de La Cailletière;41360;41078;Épuisay;;La Cailletière;0.922356;47.889448
41078_0085_00009;9;;Impasse des Lilas;41360;41078;Épuisay;;;0.93212;47.900123
41078_0026_00005;5;;Route de la Borde Rameau;41360;41078;Épuisay;;La Borde Rameau;0.902859;47.901669
41078_0157_00001;1;;Impasse de la Roussetière;41360;41078;Épuisay;;La Roussetière;0.928579;47.896397
41078_0175_00006;6;;Rue des Tulipes;41360;41078;Épuisay;;;0.928351;47.905293
41078_0140_00003;3;;Rue du Puits;41360;41078;Épuisay;;Le Tertre;0.962767;47.882371
41078_0185_00012;12;;Route des Vallons;41360;41078;Épuisay;;La Bouletière;0.916412;47.877554
41078_0185_00006;6;;Route des Vallons;41360;41078;Épuisay;;La Bouletière;0.916183;47.876956
41078_0110_00017;17;;Rue des Nénuphars;41360;41078;Épuisay;;;0.92834;47.901355
41078_0150_00005;5;;Impasse des Rebrais;41360;41078;Épuisay;;;0.922015;47.902964
41078_0105_00014;14;;Rue du Muguet;41360;41078;Épuisay;;;0.928758;47.901959
41078_0050_00012;12;;Impasse des Dahlias;41360;41078;Épuisay;;;0.926236;47.904412
41078_0150_00009;9;;Impasse des Rebrais;41360;41078;Épuisay;;;0.92165;47.903047
41078_r4880c_00005;5;;Lieu-dit L’Epeau;41360;41078;Épuisay;;L’Epeau;0.919456;47.920492
41078_0098_00015;15;;Rue de la Mare;41360;41078;Épuisay;;Le Tertre;0.963443;47.884016
41078_0035_00003;3;;Chemin des Camélias;41360;41078;Épuisay;;;0.927775;47.899935
41078_k7sd9k_00001;1;;Lieu-dit Le Buisson;41360;41078;Épuisay;;Le Buisson;0.915365;47.912315
41078_0017_00004;4;;Rue de la Bédellerie;41360;41078;Épuisay;;;0.923523;47.905455
41078_0041_00005;5;;Allée des Charmilles;41360;41078;Épuisay;;La Brosse;0.944381;47.892664
41078_r4880c_00003;3;;Lieu-dit L’Epeau;41360;41078;Épuisay;;L’Epeau;0.919645;47.920324
41078_0065_00002;2;;Impasse de la Godasière;41360;41078;Épuisay;;La Godasière;0.928271;47.917527
41078_0050_00008;8;;Impasse des Dahlias;41360;41078;Épuisay;;;0.926542;47.904561
41078_0185_00003;3;;Route des Vallons;41360;41078;Épuisay;;La Bouletière;0.916133;47.877047
41078_0085_00014;14;;Impasse des Lilas;41360;41078;Épuisay;;;0.933665;47.9001
41078_0030_00028;28;;Rue des Camélias;41360;41078;Épuisay;;;0.924298;47.900996
41078_0105_00001;1;;Rue du Muguet;41360;41078;Épuisay;;;0.929195;47.90215
41078_0029_00004;4;;Chemin de La Cailletière;41360;41078;Épuisay;;La Cailletière;0.922059;47.889508
41078_29q2du_00008;8;;Lieu-dit Les Petites Noues;41360;41078;Épuisay;;Les Petites Noues;0.933669;47.886998
41078_0039_00014;14;;Impasse des Capucines;41360;41078;Épuisay;;;0.934355;47.901719
41078_0030_00001;1;;Rue des Camélias;41360;41078;Épuisay;;;0.928838;47.899989
41078_0159_00001;1;;Impasse des Sapins;41360;41078;Épuisay;;La Bouletière;0.91599;47.877265
41078_0010_00013;13;;Rue des Acacias;41360;41078;Épuisay;;;0.924228;47.903808
41078_0020_00001;1;;Rue des Bleuets;41360;41078;Épuisay;;;0.930503;47.900748
41078_0085_00001;1;;Impasse des Lilas;41360;41078;Épuisay;;;0.931733;47.900122
41078_0018_00001;1;;Chemin de Bellande;41360;41078;Épuisay;;Bellande;0.958215;47.897557
41078_0105_00012;12;;Rue du Muguet;41360;41078;Épuisay;;;0.928249;47.901558
41078_0030_00026;26;;Rue des Camélias;41360;41078;Épuisay;;;0.92507;47.900905
41078_0125_00003;3;;Rue des Primevères;41360;41078;Épuisay;;;0.930884;47.90076
41078_0020_00015;15;;Rue des Bleuets;41360;41078;Épuisay;;;0.930322;47.902602
41078_0025_00008;8;;Impasse des Boutons d’Or;41360;41078;Épuisay;;;0.923509;47.904183
41078_0044_00018;18;;Rue de la Cholazière;41360;41078;Épuisay;;;0.928103;47.905592
41078_8589c3_00003;3;;Lieu-dit du Courtamblay;41360;41078;Épuisay;;;0.915185;47.907573
41078_0124_00009;9;;Rue de la Prairie;41360;41078;Épuisay;;Le Tertre;0.964472;47.883548
41078_0010_00019;19;;Rue des Acacias;41360;41078;Épuisay;;;0.924246;47.904764
41078_0044_00004;4;;Rue de la Cholazière;41360;41078;Épuisay;;;0.924737;47.905312
41078_0018_00004;4;;Chemin de Bellande;41360;41078;Épuisay;;Bellande;0.957073;47.896901
41078_0020_00002;2;;Rue des Bleuets;41360;41078;Épuisay;;;0.930266;47.900786
41078_0060_00003;3;;Place de l’Eglise;41360;41078;Épuisay;;;0.929606;47.900077
41078_0030_00004;4;;Rue des Camélias;41360;41078;Épuisay;;;0.92865;47.900287
41078_0018_00002;2;;Chemin de Bellande;41360;41078;Épuisay;;Bellande;0.957981;47.897573
41078_0026_00003;3;;Route de la Borde Rameau;41360;41078;Épuisay;;La Borde Rameau;0.903212;47.90204
41078_0085_00002;2;;Impasse des Lilas;41360;41078;Épuisay;;;0.931367;47.900274
41078_0100_00009;9;;Rue des Mimosas;41360;41078;Épuisay;;;0.931118;47.900254
41078_0050_00010;10;;Impasse des Dahlias;41360;41078;Épuisay;;;0.926456;47.904469
41078_0030_00026_bis;26;bis;Rue des Camélias;41360;41078;Épuisay;;;0.924721;47.900895
41078_0175_00010;10;;Rue des Tulipes;41360;41078;Épuisay;;;0.92825;47.905173
41078_0030_00008;8;;Rue des Camélias;41360;41078;Épuisay;;;0.928438;47.900264
41078_0085_00012;12;;Impasse des Lilas;41360;41078;Épuisay;;;0.932939;47.900166
41078_0100_00015;15;;Rue des Mimosas;41360;41078;Épuisay;;;0.931732;47.899743
41078_0060_00009;9;;Place de l’Eglise;41360;41078;Épuisay;;;0.929976;47.90028
41078_0098_00002;2;;Rue de la Mare;41360;41078;Épuisay;;Le Tertre;0.961387;47.883178
41078_0087_00002;2;;Impasse des Loisirs;41360;41078;Épuisay;;;0.926588;47.902178
41078_0060_00002;2;;Place de l’Eglise;41360;41078;Épuisay;;;0.929097;47.900121
41078_0185_00008;8;;Route des Vallons;41360;41078;Épuisay;;La Bouletière;0.916453;47.877119
41078_0105_00003;3;;Rue du Muguet;41360;41078;Épuisay;;;0.92801;47.901196
41078_0010_00010;10;;Rue des Acacias;41360;41078;Épuisay;;;0.924038;47.90383
41078_0170_00004;4;;Impasse des Tamaris;41360;41078;Épuisay;;;0.931249;47.90167
41078_0099_00006;6;;Route de Mazangé;41360;41078;Épuisay;;La Cousinière;0.931788;47.89573
41078_0110_00013;13;;Rue des Nénuphars;41360;41078;Épuisay;;;0.928666;47.901169
41078_0098_00003;3;;Rue de la Mare;41360;41078;Épuisay;;Le Tertre;0.960948;47.882927
41078_0125_00010;10;;Rue des Primevères;41360;41078;Épuisay;;;0.93115;47.900934
41078_0015_00007;7;;Impasse du Bas des Vignes;41360;41078;Épuisay;;Le Tertre;0.961811;47.881351
41078_0090_00005;5;;Rue des Lys;41360;41078;Épuisay;;;0.930333;47.90046
41078_0017_00001;1;;Rue de la Bédellerie;41360;41078;Épuisay;;;0.923979;47.905488
41078_0090_00007;7;;Rue des Lys;41360;41078;Épuisay;;;0.930417;47.900505
41078_b067_00001;1;;Lieu-dit les Grandes Guerrières;41360;41078;Épuisay;;Les Grandes Guerrières;0.904311;47.91527
41078_0010_00006;6;;Rue des Acacias;41360;41078;Épuisay;;;0.925058;47.901764
41078_0100_00010_ter;10;ter;Rue des Mimosas;41360;41078;Épuisay;;;0.931685;47.90005
41078_0155_00008;8;;Impasse de la Rose;41360;41078;Épuisay;;;0.923881;47.901714
41078_0140_00008;8;;Rue du Puits;41360;41078;Épuisay;;Le Tertre;0.96512;47.882684
41078_0140_00001;1;;Rue du Puits;41360;41078;Épuisay;;Le Tertre;0.962429;47.882818
41078_0010_00012;12;;Rue des Acacias;41360;41078;Épuisay;;;0.924061;47.904094
41078_0028_00003;3;;Route de la Brosse;41360;41078;Épuisay;;Bierge;0.951224;47.88468
41078_0045_00001;1;;Chemin de la Chouannerie;41360;41078;Épuisay;;La Chouannerie;0.9476;47.880309
41078_0125_00004;4;;Rue des Primevères;41360;41078;Épuisay;;;0.930735;47.900759
41078_0061_00010;10;;Chemin des Estelles;41360;41078;Épuisay;;;0.927644;47.907396
41078_0101_00007;7;;Rue de la Métairie;41360;41078;Épuisay;;;0.928464;47.89727
41078_0015_00011;11;;Impasse du Bas des Vignes;41360;41078;Épuisay;;Le Tertre;0.961432;47.881624
41078_0175_00012;12;;Rue des Tulipes;41360;41078;Épuisay;;;0.928159;47.905156
41078_0095_00002;2;;Place de l'Éolienne Bollée;41360;41078;Épuisay;;;0.929508;47.901016
41078_0099_00001;1;;Route de Mazangé;41360;41078;Épuisay;;La Cousinière;0.932481;47.897191
41078_0124_00004;4;;Rue de la Prairie;41360;41078;Épuisay;;Le Tertre;0.963984;47.883499
41078_0010_00004;4;;Rue des Acacias;41360;41078;Épuisay;;;0.925119;47.901574
41078_0098_00009;9;;Rue de la Mare;41360;41078;Épuisay;;Le Tertre;0.961789;47.883216
41078_0100_00006;6;;Rue des Mimosas;41360;41078;Épuisay;;;0.930944;47.900464
41078_0120_00001;1;;Rue Perce Neige;41360;41078;Épuisay;;;0.924689;47.901997
41078_0170_00008;8;;Impasse des Tamaris;41360;41078;Épuisay;;;0.930921;47.902112
41078_0135_00008;8;;Impasse du Plan d’Eau;41360;41078;Épuisay;;;0.927489;47.904972
41078_0150_00006;6;;Impasse des Rebrais;41360;41078;Épuisay;;;0.921431;47.902964
41078_d47e2a_00004;4;;Lieu-dit Beauregard;41360;41078;Épuisay;;Beauregard;0.912123;47.879686
41078_0041_00001;1;;Allée des Charmilles;41360;41078;Épuisay;;La Brosse;0.944667;47.892075
41078_0062_00006;6;;Route de Fortan;41360;41078;Épuisay;;;0.921113;47.890761
41078_0041_00008;8;;Allée des Charmilles;41360;41078;Épuisay;;La Brosse;0.944458;47.892265
41078_0043_00002;2;;Chemin du Chêne;41360;41078;Épuisay;;La Brosse;0.943097;47.892582
41078_0101_00005;5;;Rue de la Métairie;41360;41078;Épuisay;;;0.927428;47.89838
41078_0085_00018;18;;Impasse des Lilas;41360;41078;Épuisay;;;0.934418;47.900038
41078_z2j0gx_00002;2;;Lieu-dit de la Grange;41360;41078;Épuisay;;La Grange;0.911245;47.903458
41078_0098_00010;10;;Rue de la Mare;41360;41078;Épuisay;;Le Tertre;0.962679;47.883686
41078_0090_00008;8;;Rue des Lys;41360;41078;Épuisay;;;0.930435;47.900615
41078_0029_00001;1;;Chemin de La Cailletière;41360;41078;Épuisay;;La Cailletière;0.92117;47.88946
41078_0020_00013_bis;13;bis;Rue des Bleuets;41360;41078;Épuisay;;;0.929884;47.902121
41078_0015_00004;4;;Impasse du Bas des Vignes;41360;41078;Épuisay;;Le Tertre;0.963503;47.881465
41078_0085_00006;6;;Impasse des Lilas;41360;41078;Épuisay;;;0.931902;47.900236
41078_0155_00013;13;;Impasse de la Rose;41360;41078;Épuisay;;;0.923516;47.902764
41078_0030_00007;7;;Rue des Camélias;41360;41078;Épuisay;;;0.927283;47.900483
41078_0110_00011;11;;Rue des Nénuphars;41360;41078;Épuisay;;;0.928908;47.901096
41078_0155_00005;5;;Impasse de la Rose;41360;41078;Épuisay;;;0.924117;47.902515
41078_0099_00004;4;;Route de Mazangé;41360;41078;Épuisay;;La Cousinière;0.933028;47.896784
41078_0030_00009;9;;Rue des Camélias;41360;41078;Épuisay;;;0.92677;47.900541
41078_c03ccd_00001;1;;Lieu-dit de la Chenaie;41360;41078;Épuisay;;La Chenaie;0.892382;47.899516
41078_0045_00002;2;;Chemin de la Chouannerie;41360;41078;Épuisay;;La Chouannerie;0.94709;47.880724
41078_0012_00006;6;;Rue de l'Artisanat;41360;41078;Épuisay;;La Cousinière;0.934907;47.896765
41078_0024_00004;4;;Chemin de la Borde;41360;41078;Épuisay;;La Borde;0.946856;47.896502
41078_0185_00002;2;;Route des Vallons;41360;41078;Épuisay;;La Bouletière;0.915797;47.876684
41078_0125_00001_bis;1;bis;Rue des Primevères;41360;41078;Épuisay;;;0.930827;47.900726
41078_0105_00020;20;;Rue du Muguet;41360;41078;Épuisay;;;0.92949;47.902543
41078_0042_00004;4;;Chemin de la Châtaignière;41360;41078;Épuisay;;La Châtaignière;0.9022;47.886065
41078_0100_00011;11;;Rue des Mimosas;41360;41078;Épuisay;;;0.931437;47.899998
41078_0010_00001_bis;1;bis;Rue des Acacias;41360;41078;Épuisay;;;0.925345;47.901429
41078_0124_00002;2;;Rue de la Prairie;41360;41078;Épuisay;;Le Tertre;0.96368;47.883305
41078_0020_00004_bis;4;bis;Rue des Bleuets;41360;41078;Épuisay;;;0.92976;47.90142
41078_0126_00009;9;;Rue du Pressoir;41360;41078;Épuisay;;Bierge Haut;0.950232;47.882291
41078_0044_00001;1;;Rue de la Cholazière;41360;41078;Épuisay;;;0.924769;47.905233
41078_fa7b0c_00003;3;;Lieu-dit Les Renaudières;41360;41078;Épuisay;;Les Renaudières;0.924466;47.920174
41078_l31n7l_00001;1;;Lieu-dit du Grand Theuret;41360;41078;Épuisay;;Le Grand Theuret;0.947115;47.900359
41078_0159_00003;3;;Impasse des Sapins;41360;41078;Épuisay;;La Bouletière;0.915692;47.877303
41078_0039_00010;10;;Impasse des Capucines;41360;41078;Épuisay;;;0.933963;47.901756
41078_0100_00016;16;;Rue des Mimosas;41360;41078;Épuisay;;;0.932381;47.899364
41078_0105_00002;2;;Rue du Muguet;41360;41078;Épuisay;;;0.927388;47.900921
41078_0015_00003;3;;Impasse du Bas des Vignes;41360;41078;Épuisay;;Le Tertre;0.962342;47.881385
41078_0010_00017;17;;Rue des Acacias;41360;41078;Épuisay;;;0.924204;47.904572
41078_0098_00001;1;;Rue de la Mare;41360;41078;Épuisay;;Le Tertre;0.960463;47.882798
41078_0135_00001;1;;Impasse du Plan d’Eau;41360;41078;Épuisay;;;0.927366;47.90516
41078_cn2ey9_00002;2;;Lieu-dit Les Pezeries;41360;41078;Épuisay;;Les Pezeries;0.912767;47.915777
41078_0060_00020;20;;Place de l’Eglise;41360;41078;Épuisay;;;0.929704;47.900677
41078_0120_00003;3;;Rue Perce Neige;41360;41078;Épuisay;;;0.924268;47.902003
41078_0030_00014;14;;Rue des Camélias;41360;41078;Épuisay;;;0.927634;47.900602
41078_0039_00012;12;;Impasse des Capucines;41360;41078;Épuisay;;;0.934323;47.901789
41078_0098_00017;17;;Rue de la Mare;41360;41078;Épuisay;;Le Tertre;0.9637;47.884186
41078_0155_00003;3;;Impasse de la Rose;41360;41078;Épuisay;;;0.924079;47.901666
41078_0044_00015;15;;Rue de la Cholazière;41360;41078;Épuisay;;;0.927348;47.905528
41078_0010_00001;1;;Rue des Acacias;41360;41078;Épuisay;;;0.924832;47.902448
41078_0115_00002;2;;Impasse des Oeillets;41360;41078;Épuisay;;;0.926932;47.899662
41078_0098_00004;4;;Rue de la Mare;41360;41078;Épuisay;;Le Tertre;0.961952;47.883335
41078_0066_00003;3;;Rue de la Godasière;41360;41078;Épuisay;;La Godasière;0.928494;47.916493
41078_b075_00008;8;;Lieu-dit Les Grandes Noues;41360;41078;Épuisay;;Les Grandes Noues;0.929905;47.884815
41078_0090_00006;6;;Rue des Lys;41360;41078;Épuisay;;;0.930358;47.900575
41078_0062_00005;5;;Route de Fortan;41360;41078;Épuisay;;;0.925579;47.89773
41078_0175_00003;3;;Rue des Tulipes;41360;41078;Épuisay;;;0.927909;47.905236
41078_0066_00015;15;;Rue de la Godasière;41360;41078;Épuisay;;La Godasière;0.926479;47.917912
41078_0135_00006;6;;Impasse du Plan d’Eau;41360;41078;Épuisay;;;0.927501;47.905075
41078_0110_00015;15;;Rue des Nénuphars;41360;41078;Épuisay;;;0.928535;47.901202
41078_0044_00012;12;;Rue de la Cholazière;41360;41078;Épuisay;;;0.926317;47.905536
41078_0029_00007;7;;Chemin de La Cailletière;41360;41078;Épuisay;;La Cailletière;0.922548;47.889318
41078_0044_00011;11;;Rue de la Cholazière;41360;41078;Épuisay;;;0.926561;47.905598
41078_0015_00020;20;;Impasse du Bas des Vignes;41360;41078;Épuisay;;Le Tertre;0.965054;47.881535
41078_yz9v7s_00001;1;;Impasse de La Cousinière;41360;41078;Épuisay;;La Cousinière;0.936877;47.893193
41078_b110_00002;2;;Lieu-dit les petites Guerrières;41360;41078;Épuisay;;Les Petites Guerrières;0.905738;47.914277
41078_0028_00001;1;;Route de la Brosse;41360;41078;Épuisay;;Bierge;0.951216;47.884466
41078_0050_00002;2;;Impasse des Dahlias;41360;41078;Épuisay;;;0.925864;47.904893
41078_0140_00023;23;;Rue du Puits;41360;41078;Épuisay;;Le Tertre;0.964128;47.884485
41078_0026_00001;1;;Route de la Borde Rameau;41360;41078;Épuisay;;La Borde Rameau;0.903391;47.902441
41078_0010_00002;2;;Rue des Acacias;41360;41078;Épuisay;;;0.925182;47.901378
41078_0030_00003;3;;Rue des Camélias;41360;41078;Épuisay;;;0.928674;47.900063
41078_0110_00004;4;;Rue des Nénuphars;41360;41078;Épuisay;;;0.928961;47.901135
41078_0061_00015;15;;Chemin des Estelles;41360;41078;Épuisay;;;0.927698;47.908142
41078_0099_00003;3;;Route de Mazangé;41360;41078;Épuisay;;La Cousinière;0.932648;47.896279
41078_3f47fd_00007;7;;Lieu-dit de l’Étang;41360;41078;Épuisay;;L'Étang;0.903815;47.903919
41078_0010_00008;8;;Rue des Acacias;41360;41078;Épuisay;;;0.924658;47.902495
41078_0024_00005;5;;Chemin de la Borde;41360;41078;Épuisay;;La Borde;0.946746;47.896368
41078_0025_00004;4;;Impasse des Boutons d’Or;41360;41078;Épuisay;;;0.923348;47.904053
41078_0100_00010;10;;Rue des Mimosas;41360;41078;Épuisay;;;0.931112;47.900358
41078_yz9v7s_00005;5;;Impasse de La Cousinière;41360;41078;Épuisay;;La Cousinière;0.936346;47.893667
41078_0030_00022;22;;Rue des Camélias;41360;41078;Épuisay;;;0.926045;47.900793
41078_0090_00002;2;;Rue des Lys;41360;41078;Épuisay;;;0.93011;47.900461
41078_0175_00004;4;;Rue des Tulipes;41360;41078;Épuisay;;;0.928366;47.905399
41078_l31n7l_00003;3;;Lieu-dit du Grand Theuret;41360;41078;Épuisay;;Le Grand Theuret;0.947299;47.900343
41078_0085_00003;3;;Impasse des Lilas;41360;41078;Épuisay;;;0.93185;47.900153
41078_0175_00008;8;;Rue des Tulipes;41360;41078;Épuisay;;;0.928337;47.90521
41078_0062_00002;2;;Route de Fortan;41360;41078;Épuisay;;;0.925848;47.898424
41078_0044_00001_bis;1;bis;Rue de la Cholazière;41360;41078;Épuisay;;;0.924583;47.905168
41078_0124_00003;3;;Rue de la Prairie;41360;41078;Épuisay;;Le Tertre;0.963605;47.883215
41078_0075_00003;3;;Rue des Jonquilles;41360;41078;Épuisay;;;0.929327;47.899515
41078_0110_00002;2;;Rue des Nénuphars;41360;41078;Épuisay;;;0.929713;47.900746
41078_0160_00002;2;;Rue des Seringas;41360;41078;Épuisay;;;0.928852;47.899864
41078_0155_00011;11;;Impasse de la Rose;41360;41078;Épuisay;;;0.923539;47.902807
41078_0101_00004;4;;Rue de la Métairie;41360;41078;Épuisay;;;0.928225;47.897298
41078_29q2du_00002;2;;Lieu-dit Les Petites Noues;41360;41078;Épuisay;;Les Petites Noues;0.936091;47.887831
41078_0060_00018;18;;Place de l’Eglise;41360;41078;Épuisay;;;0.929608;47.900625
41078_0030_00005;5;;Rue des Camélias;41360;41078;Épuisay;;;0.928448;47.900147
41078_0140_00015;15;;Rue du Puits;41360;41078;Épuisay;;Le Tertre;0.964801;47.883426
41078_0155_00004;4;;Impasse de la Rose;41360;41078;Épuisay;;;0.923899;47.901567
41078_0066_00006;6;;Rue de la Godasière;41360;41078;Épuisay;;La Godasière;0.927769;47.916827
41078_0020_00003;3;;Rue des Bleuets;41360;41078;Épuisay;;;0.930342;47.900854
41078_0028_00009;9;;Route de la Brosse;41360;41078;Épuisay;;Bierge;0.951346;47.88525
41078_0030_00002;2;;Rue des Camélias;41360;41078;Épuisay;;;0.92873;47.900161
41078_0046_00003;3;;Route du Clos Landault;41360;41078;Épuisay;;Bierge;0.950711;47.883995
41078_0015_00008;8;;Impasse du Bas des Vignes;41360;41078;Épuisay;;Le Tertre;0.963995;47.881496
41078_0061_00012;12;;Chemin des Estelles;41360;41078;Épuisay;;;0.927855;47.907871
41078_ypy46j_00001;1;;Lieu-dit L’Être Planche;41360;41078;Épuisay;;L’Être Planche;0.934789;47.882777
41078_0105_00022;22;;Rue du Muguet;41360;41078;Épuisay;;;0.929634;47.9027
41078_0100_00010_bis;10;bis;Rue des Mimosas;41360;41078;Épuisay;;;0.932053;47.899834
41078_0020_00007;7;;Rue des Bleuets;41360;41078;Épuisay;;;0.929965;47.901327
41078_0110_00001;1;;Rue des Nénuphars;41360;41078;Épuisay;;;0.929521;47.900825
41078_0017_00003;3;;Rue de la Bédellerie;41360;41078;Épuisay;;;0.923815;47.905494
41078_0020_00008;8;;Rue des Bleuets;41360;41078;Épuisay;;;0.929653;47.902076
41078_0061_00013;13;;Chemin des Estelles;41360;41078;Épuisay;;;0.927556;47.907674
41078_0063_00014;14;;Rue de Godard;41360;41078;Épuisay;;;0.934101;47.900101
41078_0030_00020;20;;Rue des Camélias;41360;41078;Épuisay;;;0.926277;47.900765
41078_0015_00006;6;;Impasse du Bas des Vignes;41360;41078;Épuisay;;Le Tertre;0.963711;47.881476
41078_0105_00007;7;;Rue du Muguet;41360;41078;Épuisay;;;0.929056;47.901739
41078_0087_00004;4;;Impasse des Loisirs;41360;41078;Épuisay;;;0.927312;47.90222
41078_0110_00010;10;;Rue des Nénuphars;41360;41078;Épuisay;;;0.928424;47.90159
41078_0017_00006;6;;Rue de la Bédellerie;41360;41078;Épuisay;;;0.923095;47.90559
41078_0044_00002;2;;Rue de la Cholazière;41360;41078;Épuisay;;;0.924438;47.905192
41078_0115_00001;1;;Impasse des Oeillets;41360;41078;Épuisay;;;0.926912;47.900008
41078_0010_00003;3;;Rue des Acacias;41360;41078;Épuisay;;;0.924505;47.902983
41078_0015_00001;1;;Impasse du Bas des Vignes;41360;41078;Épuisay;;Le Tertre;0.962803;47.881626
41078_0105_00018;18;;Rue du Muguet;41360;41078;Épuisay;;;0.929191;47.902295
41078_0185_00010;10;;Route des Vallons;41360;41078;Épuisay;;La Bouletière;0.916512;47.877208
41078_0060_00007;7;;Place de l’Eglise;41360;41078;Épuisay;;;0.929917;47.900252
41078_0026_00011;11;;Route de la Borde Rameau;41360;41078;Épuisay;;Les Grands Champs;0.901422;47.899955
41078_0030_00015;15;;Rue des Camélias;41360;41078;Épuisay;;;0.925259;47.900623
41078_e33326_00001;1;;Lieu-dit la Briquetterie;41360;41078;Épuisay;;La Briquetterie;0.939761;47.892684
41078_0060_00014;14;;Place de l’Eglise;41360;41078;Épuisay;;;0.929476;47.900574
41078_0046_00001;1;;Route du Clos Landault;41360;41078;Épuisay;;Bierge;0.950328;47.884604
41078_0125_00007;7;;Rue des Primevères;41360;41078;Épuisay;;;0.931332;47.900971
41078_d47e2a_00002;2;;Lieu-dit Beauregard;41360;41078;Épuisay;;Beauregard;0.912855;47.880303
41078_0125_00010_bis;10;bis;Rue des Primevères;41360;41078;Épuisay;;;0.931375;47.901032
41078_0105_00006;6;;Rue du Muguet;41360;41078;Épuisay;;;0.927714;47.901155
41078_0062_00001;1;;Route de Fortan;41360;41078;Épuisay;;;0.926527;47.898491
41078_0044_00010;10;;Rue de la Cholazière;41360;41078;Épuisay;;;0.925827;47.905475
41078_0061_00007;7;;Chemin des Estelles;41360;41078;Épuisay;;;0.927206;47.906918
41078_0121_00001;1;;Rue du Piteau;41360;41078;Épuisay;;;0.960758;47.887513
41078_0010_00018;18;;Rue des Acacias;41360;41078;Épuisay;;;0.923692;47.904768
41078_0039_00008;8;;Impasse des Capucines;41360;41078;Épuisay;;;0.933662;47.901689
41078_0012_00010;10;;Rue de l'Artisanat;41360;41078;Épuisay;;La Cousinière;0.93542;47.896314
41078_0015_00010;10;;Impasse du Bas des Vignes;41360;41078;Épuisay;;Le Tertre;0.964203;47.881523
41078_l31n7l_00002;2;;Lieu-dit du Grand Theuret;41360;41078;Épuisay;;Le Grand Theuret;0.947459;47.900144
41078_0100_00007;7;;Rue des Mimosas;41360;41078;Épuisay;;;0.930974;47.900343
41078_3f47fd_00002;2;;Lieu-dit de l’Étang;41360;41078;Épuisay;;L'Étang;0.904218;47.903138
41078_0100_00005;5;;Rue des Mimosas;41360;41078;Épuisay;;;0.930843;47.900424
41078_d47e2a_00010;10;;Lieu-dit Beauregard;41360;41078;Épuisay;;Beauregard;0.910877;47.878287
41078_0098_00005;5;;Rue de la Mare;41360;41078;Épuisay;;Le Tertre;0.961025;47.882953
41078_0124_00005;5;;Rue de la Prairie;41360;41078;Épuisay;;Le Tertre;0.963844;47.883329
41078_0155_00007;7;;Impasse de la Rose;41360;41078;Épuisay;;;0.924104;47.902721
41078_0065_00001;1;;Impasse de la Godasière;41360;41078;Épuisay;;La Godasière;0.928343;47.917408
41078_0155_00002;2;;Impasse de la Rose;41360;41078;Épuisay;;;0.923892;47.9015
41078_0100_00014;14;;Rue des Mimosas;41360;41078;Épuisay;;;0.932093;47.899586
41078_0095_00008;8;;Place de l'Éolienne Bollée;41360;41078;Épuisay;;;0.929626;47.900927
41078_0039_00004;4;;Impasse des Capucines;41360;41078;Épuisay;;;0.93318;47.9015
41078_0160_00007;7;;Rue des Seringas;41360;41078;Épuisay;;;0.927493;47.899359
41078_0098_00006;6;;Rue de la Mare;41360;41078;Épuisay;;Le Tertre;0.962145;47.883361
41078_0108_00001;1;;Rue des Myosotis;41360;41078;Épuisay;;;0.929697;47.89947
41078_0140_00005;5;;Rue du Puits;41360;41078;Épuisay;;Le Tertre;0.963114;47.882137
41078_0022_00002;2;;Chemin de la Blinière;41360;41078;Épuisay;;La Blinière;0.918391;47.896515
41078_0029_00002;2;;Chemin de La Cailletière;41360;41078;Épuisay;;La Cailletière;0.921864;47.889514
41078_0150_00004;4;;Impasse des Rebrais;41360;41078;Épuisay;;;0.921732;47.902938
41078_0085_00008;8;;Impasse des Lilas;41360;41078;Épuisay;;;0.932355;47.90021
41078_0063_00007;7;;Rue de Godard;41360;41078;Épuisay;;;0.933789;47.900626
41078_0100_00009_bis;9;bis;Rue des Mimosas;41360;41078;Épuisay;;;0.93115;47.90008
41078_0150_00008;8;;Impasse des Rebrais;41360;41078;Épuisay;;;0.92143;47.903089
41078_0017_00008;8;;Rue de la Bédellerie;41360;41078;Épuisay;;;0.92251;47.905901
41078_0125_00012;12;;Rue des Primevères;41360;41078;Épuisay;;;0.932174;47.900659
41078_0066_00008;8;;Rue de la Godasière;41360;41078;Épuisay;;La Godasière;0.927507;47.916983
41078_0010_00015;15;;Rue des Acacias;41360;41078;Épuisay;;;0.924194;47.904081
41078_0029_00003;3;;Chemin de La Cailletière;41360;41078;Épuisay;;La Cailletière;0.921949;47.889988
41078_0030_00016;16;;Rue des Camélias;41360;41078;Épuisay;;;0.926878;47.900694
41078_0125_00007_bis;7;bis;Rue des Primevères;41360;41078;Épuisay;;;0.931842;47.901114
41078_0175_00002;2;;Rue des Tulipes;41360;41078;Épuisay;;;0.928367;47.905475
41078_0061_00009;9;;Chemin des Estelles;41360;41078;Épuisay;;;0.927472;47.9073
41078_0043_00006;6;;Chemin du Chêne;41360;41078;Épuisay;;La Brosse;0.942834;47.892489
41078_0134_00002;2;;Chemin de la Plaine;41360;41078;Épuisay;;Le Tertre;0.964558;47.885478
41078_7caffc_00003;3;;Lieu-dit de La Rimbardière;41360;41078;Épuisay;;La Rimbardière;0.938414;47.869314
41078_0020_00011;11;;Rue des Bleuets;41360;41078;Épuisay;;;0.92985;47.901766
41078_0075_00001_bis;1;bis;Rue des Jonquilles;41360;41078;Épuisay;;;0.929096;47.89993
41078_0062_00009;9;;Route de Fortan;41360;41078;Épuisay;;;0.924874;47.897226
41078_0090_00001;1;;Rue des Lys;41360;41078;Épuisay;;;0.930113;47.900347
41078_0134_00001;1;;Chemin de la Plaine;41360;41078;Épuisay;;Le Tertre;0.964389;47.885168
41078_0110_00008;8;;Rue des Nénuphars;41360;41078;Épuisay;;;0.928495;47.901377
41078_0185_00005;5;;Route des Vallons;41360;41078;Épuisay;;La Bouletière;0.916338;47.877325
41078_0155_00024;24;;Impasse de la Rose;41360;41078;Épuisay;;;0.923892;47.902754
41078_0012_00002;2;;Rue de l'Artisanat;41360;41078;Épuisay;;La Cousinière;0.934464;47.897184
41078_0015_00018;18;;Impasse du Bas des Vignes;41360;41078;Épuisay;;Le Tertre;0.965021;47.881689
